YYYY-MM-DD;Value;month;Value_imputed
1979-01-01;93.0;1;93.0
1979-01-02;83.0;1;83.0
1979-01-03;106.0;1;106.0
1979-01-04;89.0;1;89.0
1979-01-05;105.0;1;105.0
1979-01-06;95.0;1;95.0
1979-01-07;102.0;1;102.0
1979-01-08;139.0;1;139.0
1979-01-09;96.0;1;96.0
1979-01-10;107.0;1;107.0
1979-01-11;106.0;1;106.0
1979-01-12;83.0;1;83.0
1979-01-13;82.0;1;82.0
1979-01-14;86.0;1;86.0
1979-01-15;80.0;1;80.0
1979-01-16;78.0;1;78.0
1979-01-17;75.0;1;75.0
1979-01-18;75.0;1;75.0
1979-01-19;74.0;1;74.0
1979-01-20;75.0;1;75.0
1979-01-21;73.0;1;73.0
1979-01-22;78.0;1;78.0
1979-01-23;92.0;1;92.0
1979-01-24;81.0;1;81.0
1979-01-25;101.0;1;101.0
1979-01-26;86.0;1;86.0
1979-01-27;225.0;1;225.0
1979-01-28;142.0;1;142.0
1979-01-29;258.0;1;258.0
1979-01-30;431.0;1;431.0
1979-01-31;321.0;1;321.0
1979-02-01;183.0;2;183.0
1979-02-02;144.0;2;144.0
1979-02-03;126.0;2;126.0
1979-02-04;119.0;2;119.0
1979-02-05;191.0;2;191.0
1979-02-06;296.0;2;296.0
1979-02-07;176.0;2;176.0
1979-02-08;324.0;2;324.0
1979-02-09;279.0;2;279.0
1979-02-10;272.0;2;272.0
1979-02-11;324.0;2;324.0
1979-02-12;350.0;2;350.0
1979-02-13;235.0;2;235.0
1979-02-14;231.0;2;231.0
1979-02-15;406.0;2;406.0
1979-02-16;404.0;2;404.0
1979-02-17;658.0;2;658.0
1979-02-18;770.0;2;770.0
1979-02-19;446.0;2;446.0
1979-02-20;490.0;2;490.0
1979-02-21;388.0;2;388.0
1979-02-22;359.0;2;359.0
1979-02-23;396.0;2;396.0
1979-02-24;374.0;2;374.0
1979-02-25;373.0;2;373.0
1979-02-26;687.0;2;687.0
1979-02-27;444.0;2;444.0
1979-02-28;525.0;2;525.0
1979-03-01;490.0;3;490.0
1979-03-02;399.0;3;399.0
1979-03-03;478.0;3;478.0
1979-03-04;401.0;3;401.0
1979-03-05;348.0;3;348.0
1979-03-06;327.0;3;327.0
1979-03-07;343.0;3;343.0
1979-03-08;389.0;3;389.0
1979-03-09;362.0;3;362.0
1979-03-10;484.0;3;484.0
1979-03-11;501.0;3;501.0
1979-03-12;508.0;3;508.0
1979-03-13;357.0;3;357.0
1979-03-14;310.0;3;310.0
1979-03-15;304.0;3;304.0
1979-03-16;299.0;3;299.0
1979-03-17;287.0;3;287.0
1979-03-18;257.0;3;257.0
1979-03-19;259.0;3;259.0
1979-03-20;247.0;3;247.0
1979-03-21;237.0;3;237.0
1979-03-22;256.0;3;256.0
1979-03-23;247.0;3;247.0
1979-03-24;276.0;3;276.0
1979-03-25;266.0;3;266.0
1979-03-26;263.0;3;263.0
1979-03-27;414.0;3;414.0
1979-03-28;317.0;3;317.0
1979-03-29;330.0;3;330.0
1979-03-30;417.0;3;417.0
1979-03-31;362.0;3;362.0
1979-04-01;354.0;4;354.0
1979-04-02;408.0;4;408.0
1979-04-03;412.0;4;412.0
1979-04-04;361.0;4;361.0
1979-04-05;352.0;4;352.0
1979-04-06;319.0;4;319.0
1979-04-07;338.0;4;338.0
1979-04-08;387.0;4;387.0
1979-04-09;371.0;4;371.0
1979-04-10;322.0;4;322.0
1979-04-11;317.0;4;317.0
1979-04-12;357.0;4;357.0
1979-04-13;312.0;4;312.0
1979-04-14;294.0;4;294.0
1979-04-15;454.0;4;454.0
1979-04-16;366.0;4;366.0
1979-04-17;338.0;4;338.0
1979-04-18;329.0;4;329.0
1979-04-19;327.0;4;327.0
1979-04-20;384.0;4;384.0
1979-04-21;371.0;4;371.0
1979-04-22;318.0;4;318.0
1979-04-23;306.0;4;306.0
1979-04-24;399.0;4;399.0
1979-04-25;292.0;4;292.0
1979-04-26;339.0;4;339.0
1979-04-27;321.0;4;321.0
1979-04-28;280.0;4;280.0
1979-04-29;272.0;4;272.0
1979-04-30;286.0;4;286.0
1979-05-01;318.0;5;318.0
1979-05-02;272.0;5;272.0
1979-05-03;245.0;5;245.0
1979-05-04;214.0;5;214.0
1979-05-05;200.0;5;200.0
1979-05-06;191.0;5;191.0
1979-05-07;185.0;5;185.0
1979-05-08;184.0;5;184.0
1979-05-09;185.0;5;185.0
1979-05-10;232.0;5;232.0
1979-05-11;380.0;5;380.0
1979-05-12;316.0;5;316.0
1979-05-13;382.0;5;382.0
1979-05-14;355.0;5;355.0
1979-05-15;282.0;5;282.0
1979-05-16;256.0;5;256.0
1979-05-17;268.0;5;268.0
1979-05-18;262.0;5;262.0
1979-05-19;257.0;5;257.0
1979-05-20;265.0;5;265.0
1979-05-21;252.0;5;252.0
1979-05-22;285.0;5;285.0
1979-05-23;248.0;5;248.0
1979-05-24;199.0;5;199.0
1979-05-25;209.0;5;209.0
1979-05-26;262.0;5;262.0
1979-05-27;224.0;5;224.0
1979-05-28;185.0;5;185.0
1979-05-29;200.0;5;200.0
1979-05-30;201.0;5;201.0
1979-05-31;196.0;5;196.0
1979-06-01;190.0;6;190.0
1979-06-02;182.0;6;182.0
1979-06-03;193.0;6;193.0
1979-06-04;190.0;6;190.0
1979-06-05;193.0;6;193.0
1979-06-06;227.0;6;227.0
1979-06-07;236.0;6;236.0
1979-06-08;273.0;6;273.0
1979-06-09;283.0;6;283.0
1979-06-10;196.0;6;196.0
1979-06-11;181.0;6;181.0
1979-06-12;184.0;6;184.0
1979-06-13;203.0;6;203.0
1979-06-14;191.0;6;191.0
1979-06-15;189.0;6;189.0
1979-06-16;156.0;6;156.0
1979-06-17;143.0;6;143.0
1979-06-18;143.0;6;143.0
1979-06-19;140.0;6;140.0
1979-06-20;136.0;6;136.0
1979-06-21;139.0;6;139.0
1979-06-22;142.0;6;142.0
1979-06-23;169.0;6;169.0
1979-06-24;133.0;6;133.0
1979-06-25;80.0;6;80.0
1979-06-26;83.0;6;83.0
1979-06-27;81.0;6;81.0
1979-06-28;102.0;6;102.0
1979-06-29;252.0;6;252.0
1979-06-30;206.0;6;206.0
1979-07-01;118.0;7;118.0
1979-07-02;97.0;7;97.0
1979-07-03;99.0;7;99.0
1979-07-04;83.0;7;83.0
1979-07-05;102.0;7;102.0
1979-07-06;83.0;7;83.0
1979-07-07;79.0;7;79.0
1979-07-08;97.0;7;97.0
1979-07-09;97.0;7;97.0
1979-07-10;152.0;7;152.0
1979-07-11;185.0;7;185.0
1979-07-12;110.0;7;110.0
1979-07-13;94.0;7;94.0
1979-07-14;101.0;7;101.0
1979-07-15;124.0;7;124.0
1979-07-16;321.0;7;321.0
1979-07-17;165.0;7;165.0
1979-07-18;225.0;7;225.0
1979-07-19;218.0;7;218.0
1979-07-20;269.0;7;269.0
1979-07-21;234.0;7;234.0
1979-07-22;226.0;7;226.0
1979-07-23;223.0;7;223.0
1979-07-24;349.0;7;349.0
1979-07-25;273.0;7;273.0
1979-07-26;297.0;7;297.0
1979-07-27;519.0;7;519.0
1979-07-28;383.0;7;383.0
1979-07-29;314.0;7;314.0
1979-07-30;343.0;7;343.0
1979-07-31;-999.000;7;290.0
1979-08-01;335.0;8;335.0
1979-08-02;298.0;8;298.0
1979-08-03;332.0;8;332.0
1979-08-04;341.0;8;341.0
1979-08-05;300.0;8;300.0
1979-08-06;303.0;8;303.0
1979-08-07;291.0;8;291.0
1979-08-08;243.0;8;243.0
1979-08-09;239.0;8;239.0
1979-08-10;206.0;8;206.0
1979-08-11;504.0;8;504.0
1979-08-12;292.0;8;292.0
1979-08-13;304.0;8;304.0
1979-08-14;307.0;8;307.0
1979-08-15;334.0;8;334.0
1979-08-16;326.0;8;326.0
1979-08-17;315.0;8;315.0
1979-08-18;397.0;8;397.0
1979-08-19;325.0;8;325.0
1979-08-20;341.0;8;341.0
1979-08-21;347.0;8;347.0
1979-08-22;312.0;8;312.0
1979-08-23;436.0;8;436.0
1979-08-24;365.0;8;365.0
1979-08-25;314.0;8;314.0
1979-08-26;294.0;8;294.0
1979-08-27;294.0;8;294.0
1979-08-28;341.0;8;341.0
1979-08-29;357.0;8;357.0
1979-08-30;380.0;8;380.0
1979-08-31;384.0;8;384.0
1979-09-01;340.0;9;340.0
1979-09-02;299.0;9;299.0
1979-09-03;299.0;9;299.0
1979-09-04;291.0;9;291.0
1979-09-05;513.0;9;513.0
1979-09-06;291.0;9;291.0
1979-09-07;302.0;9;302.0
1979-09-08;296.0;9;296.0
1979-09-09;576.0;9;576.0
1979-09-10;390.0;9;390.0
1979-09-11;350.0;9;350.0
1979-09-12;412.0;9;412.0
1979-09-13;330.0;9;330.0
1979-09-14;308.0;9;308.0
1979-09-15;306.0;9;306.0
1979-09-16;376.0;9;376.0
1979-09-17;334.0;9;334.0
1979-09-18;400.0;9;400.0
1979-09-19;314.0;9;314.0
1979-09-20;315.0;9;315.0
1979-09-21;342.0;9;342.0
1979-09-22;308.0;9;308.0
1979-09-23;311.0;9;311.0
1979-09-24;519.0;9;519.0
1979-09-25;344.0;9;344.0
1979-09-26;325.0;9;325.0
1979-09-27;260.0;9;260.0
1979-09-28;239.0;9;239.0
1979-09-29;233.0;9;233.0
1979-09-30;241.0;9;241.0
1979-10-01;256.0;10;256.0
1979-10-02;230.0;10;230.0
1979-10-03;498.0;10;498.0
1979-10-04;528.0;10;528.0
1979-10-05;278.0;10;278.0
1979-10-06;284.0;10;284.0
1979-10-07;320.0;10;320.0
1979-10-08;348.0;10;348.0
1979-10-09;390.0;10;390.0
1979-10-10;344.0;10;344.0
1979-10-11;355.0;10;355.0
1979-10-12;570.0;10;570.0
1979-10-13;546.0;10;546.0
1979-10-14;781.0;10;781.0
1979-10-15;767.0;10;767.0
1979-10-16;467.0;10;467.0
1979-10-17;458.0;10;458.0
1979-10-18;628.0;10;628.0
1979-10-19;606.0;10;606.0
1979-10-20;428.0;10;428.0
1979-10-21;451.0;10;451.0
1979-10-22;366.0;10;366.0
1979-10-23;341.0;10;341.0
1979-10-24;318.0;10;318.0
1979-10-25;303.0;10;303.0
1979-10-26;309.0;10;309.0
1979-10-27;278.0;10;278.0
1979-10-28;260.0;10;260.0
1979-10-29;245.0;10;245.0
1979-10-30;235.0;10;235.0
1979-10-31;227.0;10;227.0
1979-11-01;212.0;11;212.0
1979-11-02;207.0;11;207.0
1979-11-03;199.0;11;199.0
1979-11-04;190.0;11;190.0
1979-11-05;191.0;11;191.0
1979-11-06;184.0;11;184.0
1979-11-07;180.0;11;180.0
1979-11-08;174.0;11;174.0
1979-11-09;166.0;11;166.0
1979-11-10;163.0;11;163.0
1979-11-11;166.0;11;166.0
1979-11-12;155.0;11;155.0
1979-11-13;161.0;11;161.0
1979-11-14;153.0;11;153.0
1979-11-15;155.0;11;155.0
1979-11-16;156.0;11;156.0
1979-11-17;141.0;11;141.0
1979-11-18;151.0;11;151.0
1979-11-19;143.0;11;143.0
1979-11-20;135.0;11;135.0
1979-11-21;134.0;11;134.0
1979-11-22;142.0;11;142.0
1979-11-23;147.0;11;147.0
1979-11-24;138.0;11;138.0
1979-11-25;136.0;11;136.0
1979-11-26;129.0;11;129.0
1979-11-27;179.0;11;179.0
1979-11-28;150.0;11;150.0
1979-11-29;140.0;11;140.0
1979-11-30;134.0;11;134.0
1979-12-01;129.0;12;129.0
1979-12-02;128.0;12;128.0
1979-12-03;122.0;12;122.0
1979-12-04;120.0;12;120.0
1979-12-05;119.0;12;119.0
1979-12-06;118.0;12;118.0
1979-12-07;118.0;12;118.0
1979-12-08;118.0;12;118.0
1979-12-09;118.0;12;118.0
1979-12-10;119.0;12;119.0
1979-12-11;125.0;12;125.0
1979-12-12;129.0;12;129.0
1979-12-13;187.0;12;187.0
1979-12-14;202.0;12;202.0
1979-12-15;147.0;12;147.0
1979-12-16;134.0;12;134.0
1979-12-17;193.0;12;193.0
1979-12-18;138.0;12;138.0
1979-12-19;127.0;12;127.0
1979-12-20;110.0;12;110.0
1979-12-21;107.0;12;107.0
1979-12-22;116.0;12;116.0
1979-12-23;132.0;12;132.0
1979-12-24;122.0;12;122.0
1979-12-25;160.0;12;160.0
1979-12-26;199.0;12;199.0
1979-12-27;124.0;12;124.0
1979-12-28;112.0;12;112.0
1979-12-29;-999.000;12;116.0
1979-12-30;-999.000;12;116.0
1979-12-31;-999.000;12;102.0
1980-01-01;118.0;1;118.0
1980-01-02;107.0;1;107.0
1980-01-03;116.0;1;116.0
1980-01-04;117.0;1;117.0
1980-01-05;317.0;1;317.0
1980-01-06;161.0;1;161.0
1980-01-07;163.0;1;163.0
1980-01-08;298.0;1;298.0
1980-01-09;168.0;1;168.0
1980-01-10;134.0;1;134.0
1980-01-11;122.0;1;122.0
1980-01-12;114.0;1;114.0
1980-01-13;113.0;1;113.0
1980-01-14;107.0;1;107.0
1980-01-15;104.0;1;104.0
1980-01-16;103.0;1;103.0
1980-01-17;107.0;1;107.0
1980-01-18;105.0;1;105.0
1980-01-19;104.0;1;104.0
1980-01-20;103.0;1;103.0
1980-01-21;107.0;1;107.0
1980-01-22;104.0;1;104.0
1980-01-23;103.0;1;103.0
1980-01-24;106.0;1;106.0
1980-01-25;106.0;1;106.0
1980-01-26;105.0;1;105.0
1980-01-27;109.0;1;109.0
1980-01-28;112.0;1;112.0
1980-01-29;108.0;1;108.0
1980-01-30;145.0;1;145.0
1980-01-31;162.0;1;162.0
1980-02-01;213.0;2;213.0
1980-02-02;284.0;2;284.0
1980-02-03;254.0;2;254.0
1980-02-04;205.0;2;205.0
1980-02-05;202.0;2;202.0
1980-02-06;189.0;2;189.0
1980-02-07;196.0;2;196.0
1980-02-08;204.0;2;204.0
1980-02-09;195.0;2;195.0
1980-02-10;238.0;2;238.0
1980-02-11;177.0;2;177.0
1980-02-12;180.0;2;180.0
1980-02-13;215.0;2;215.0
1980-02-14;196.0;2;196.0
1980-02-15;213.0;2;213.0
1980-02-16;287.0;2;287.0
1980-02-17;262.0;2;262.0
1980-02-18;214.0;2;214.0
1980-02-19;209.0;2;209.0
1980-02-20;179.0;2;179.0
1980-02-21;301.0;2;301.0
1980-02-22;263.0;2;263.0
1980-02-23;270.0;2;270.0
1980-02-24;240.0;2;240.0
1980-02-25;283.0;2;283.0
1980-02-26;504.0;2;504.0
1980-02-27;399.0;2;399.0
1980-02-28;697.0;2;697.0
1980-02-29;417.0;2;417.0
1980-03-01;344.0;3;344.0
1980-03-02;348.0;3;348.0
1980-03-03;323.0;3;323.0
1980-03-04;300.0;3;300.0
1980-03-05;300.0;3;300.0
1980-03-06;265.0;3;265.0
1980-03-07;251.0;3;251.0
1980-03-08;327.0;3;327.0
1980-03-09;270.0;3;270.0
1980-03-10;298.0;3;298.0
1980-03-11;354.0;3;354.0
1980-03-12;264.0;3;264.0
1980-03-13;272.0;3;272.0
1980-03-14;371.0;3;371.0
1980-03-15;353.0;3;353.0
1980-03-16;510.0;3;510.0
1980-03-17;353.0;3;353.0
1980-03-18;327.0;3;327.0
1980-03-19;309.0;3;309.0
1980-03-20;300.0;3;300.0
1980-03-21;274.0;3;274.0
1980-03-22;255.0;3;255.0
1980-03-23;243.0;3;243.0
1980-03-24;261.0;3;261.0
1980-03-25;393.0;3;393.0
1980-03-26;537.0;3;537.0
1980-03-27;294.0;3;294.0
1980-03-28;281.0;3;281.0
1980-03-29;288.0;3;288.0
1980-03-30;260.0;3;260.0
1980-03-31;262.0;3;262.0
1980-04-01;389.0;4;389.0
1980-04-02;304.0;4;304.0
1980-04-03;307.0;4;307.0
1980-04-04;381.0;4;381.0
1980-04-05;317.0;4;317.0
1980-04-06;297.0;4;297.0
1980-04-07;290.0;4;290.0
1980-04-08;271.0;4;271.0
1980-04-09;268.0;4;268.0
1980-04-10;305.0;4;305.0
1980-04-11;310.0;4;310.0
1980-04-12;274.0;4;274.0
1980-04-13;285.0;4;285.0
1980-04-14;304.0;4;304.0
1980-04-15;276.0;4;276.0
1980-04-16;278.0;4;278.0
1980-04-17;280.0;4;280.0
1980-04-18;240.0;4;240.0
1980-04-19;288.0;4;288.0
1980-04-20;275.0;4;275.0
1980-04-21;256.0;4;256.0
1980-04-22;377.0;4;377.0
1980-04-23;302.0;4;302.0
1980-04-24;267.0;4;267.0
1980-04-25;382.0;4;382.0
1980-04-26;251.0;4;251.0
1980-04-27;239.0;4;239.0
1980-04-28;231.0;4;231.0
1980-04-29;267.0;4;267.0
1980-04-30;210.0;4;210.0
1980-05-01;215.0;5;215.0
1980-05-02;189.0;5;189.0
1980-05-03;208.0;5;208.0
1980-05-04;261.0;5;261.0
1980-05-05;180.0;5;180.0
1980-05-06;172.0;5;172.0
1980-05-07;163.0;5;163.0
1980-05-08;170.0;5;170.0
1980-05-09;169.0;5;169.0
1980-05-10;230.0;5;230.0
1980-05-11;173.0;5;173.0
1980-05-12;186.0;5;186.0
1980-05-13;253.0;5;253.0
1980-05-14;216.0;5;216.0
1980-05-15;228.0;5;228.0
1980-05-16;263.0;5;263.0
1980-05-17;261.0;5;261.0
1980-05-18;219.0;5;219.0
1980-05-19;210.0;5;210.0
1980-05-20;250.0;5;250.0
1980-05-21;212.0;5;212.0
1980-05-22;225.0;5;225.0
1980-05-23;189.0;5;189.0
1980-05-24;172.0;5;172.0
1980-05-25;179.0;5;179.0
1980-05-26;183.0;5;183.0
1980-05-27;178.0;5;178.0
1980-05-28;150.0;5;150.0
1980-05-29;168.0;5;168.0
1980-05-30;218.0;5;218.0
1980-05-31;158.0;5;158.0
1980-06-01;180.0;6;180.0
1980-06-02;250.0;6;250.0
1980-06-03;231.0;6;231.0
1980-06-04;173.0;6;173.0
1980-06-05;154.0;6;154.0
1980-06-06;140.0;6;140.0
1980-06-07;136.0;6;136.0
1980-06-08;130.0;6;130.0
1980-06-09;136.0;6;136.0
1980-06-10;122.0;6;122.0
1980-06-11;118.0;6;118.0
1980-06-12;139.0;6;139.0
1980-06-13;132.0;6;132.0
1980-06-14;145.0;6;145.0
1980-06-15;138.0;6;138.0
1980-06-16;144.0;6;144.0
1980-06-17;179.0;6;179.0
1980-06-18;278.0;6;278.0
1980-06-19;170.0;6;170.0
1980-06-20;182.0;6;182.0
1980-06-21;152.0;6;152.0
1980-06-22;187.0;6;187.0
1980-06-23;373.0;6;373.0
1980-06-24;429.0;6;429.0
1980-06-25;307.0;6;307.0
1980-06-26;309.0;6;309.0
1980-06-27;379.0;6;379.0
1980-06-28;321.0;6;321.0
1980-06-29;392.0;6;392.0
1980-06-30;306.0;6;306.0
1980-07-01;396.0;7;396.0
1980-07-02;387.0;7;387.0
1980-07-03;353.0;7;353.0
1980-07-04;357.0;7;357.0
1980-07-05;306.0;7;306.0
1980-07-06;368.0;7;368.0
1980-07-07;304.0;7;304.0
1980-07-08;282.0;7;282.0
1980-07-09;280.0;7;280.0
1980-07-10;324.0;7;324.0
1980-07-11;375.0;7;375.0
1980-07-12;364.0;7;364.0
1980-07-13;327.0;7;327.0
1980-07-14;327.0;7;327.0
1980-07-15;351.0;7;351.0
1980-07-16;297.0;7;297.0
1980-07-17;260.0;7;260.0
1980-07-18;278.0;7;278.0
1980-07-19;375.0;7;375.0
1980-07-20;375.0;7;375.0
1980-07-21;278.0;7;278.0
1980-07-22;200.0;7;200.0
1980-07-23;206.0;7;206.0
1980-07-24;290.0;7;290.0
1980-07-25;351.0;7;351.0
1980-07-26;376.0;7;376.0
1980-07-27;236.0;7;236.0
1980-07-28;200.0;7;200.0
1980-07-29;188.0;7;188.0
1980-07-30;230.0;7;230.0
1980-07-31;-999.000;7;101.0
1980-08-01;222.0;8;222.0
1980-08-02;351.0;8;351.0
1980-08-03;171.0;8;171.0
1980-08-04;103.0;8;103.0
1980-08-05;188.0;8;188.0
1980-08-06;188.0;8;188.0
1980-08-07;165.0;8;165.0
1980-08-08;242.0;8;242.0
1980-08-09;120.0;8;120.0
1980-08-10;254.0;8;254.0
1980-08-11;248.0;8;248.0
1980-08-12;248.0;8;248.0
1980-08-13;212.0;8;212.0
1980-08-14;387.0;8;387.0
1980-08-15;387.0;8;387.0
1980-08-16;242.0;8;242.0
1980-08-17;278.0;8;278.0
1980-08-18;242.0;8;242.0
1980-08-19;242.0;8;242.0
1980-08-20;376.0;8;376.0
1980-08-21;333.0;8;333.0
1980-08-22;474.0;8;474.0
1980-08-23;560.0;8;560.0
1980-08-24;461.0;8;461.0
1980-08-25;442.0;8;442.0
1980-08-26;485.0;8;485.0
1980-08-27;448.0;8;448.0
1980-08-28;522.0;8;522.0
1980-08-29;448.0;8;448.0
1980-08-30;418.0;8;418.0
1980-08-31;394.0;8;394.0
1980-09-01;421.0;9;421.0
1980-09-02;473.0;9;473.0
1980-09-03;418.0;9;418.0
1980-09-04;485.0;9;485.0
1980-09-05;460.0;9;460.0
1980-09-06;382.0;9;382.0
1980-09-07;473.0;9;473.0
1980-09-08;400.0;9;400.0
1980-09-09;418.0;9;418.0
1980-09-10;420.0;9;420.0
1980-09-11;465.0;9;465.0
1980-09-12;400.0;9;400.0
1980-09-13;465.0;9;465.0
1980-09-14;404.0;9;404.0
1980-09-15;619.0;9;619.0
1980-09-16;532.0;9;532.0
1980-09-17;329.0;9;329.0
1980-09-18;352.0;9;352.0
1980-09-19;228.0;9;228.0
1980-09-20;242.0;9;242.0
1980-09-21;235.0;9;235.0
1980-09-22;354.0;9;354.0
1980-09-23;700.0;9;700.0
1980-09-24;740.0;9;740.0
1980-09-25;836.0;9;836.0
1980-09-26;687.0;9;687.0
1980-09-27;511.0;9;511.0
1980-09-28;456.0;9;456.0
1980-09-29;522.0;9;522.0
1980-09-30;628.0;9;628.0
1980-10-01;419.0;10;419.0
1980-10-02;358.0;10;358.0
1980-10-03;369.0;10;369.0
1980-10-04;329.0;10;329.0
1980-10-05;312.0;10;312.0
1980-10-06;296.0;10;296.0
1980-10-07;288.0;10;288.0
1980-10-08;270.0;10;270.0
1980-10-09;273.0;10;273.0
1980-10-10;265.0;10;265.0
1980-10-11;236.0;10;236.0
1980-10-12;233.0;10;233.0
1980-10-13;249.0;10;249.0
1980-10-14;243.0;10;243.0
1980-10-15;233.0;10;233.0
1980-10-16;490.0;10;490.0
1980-10-17;253.0;10;253.0
1980-10-18;299.0;10;299.0
1980-10-19;284.0;10;284.0
1980-10-20;292.0;10;292.0
1980-10-21;233.0;10;233.0
1980-10-22;232.0;10;232.0
1980-10-23;244.0;10;244.0
1980-10-24;224.0;10;224.0
1980-10-25;219.0;10;219.0
1980-10-26;224.0;10;224.0
1980-10-27;241.0;10;241.0
1980-10-28;222.0;10;222.0
1980-10-29;221.0;10;221.0
1980-10-30;201.0;10;201.0
1980-10-31;197.0;10;197.0
1980-11-01;255.0;11;255.0
1980-11-02;293.0;11;293.0
1980-11-03;321.0;11;321.0
1980-11-04;238.0;11;238.0
1980-11-05;285.0;11;285.0
1980-11-06;258.0;11;258.0
1980-11-07;225.0;11;225.0
1980-11-08;212.0;11;212.0
1980-11-09;201.0;11;201.0
1980-11-10;216.0;11;216.0
1980-11-11;232.0;11;232.0
1980-11-12;198.0;11;198.0
1980-11-13;234.0;11;234.0
1980-11-14;242.0;11;242.0
1980-11-15;243.0;11;243.0
1980-11-16;399.0;11;399.0
1980-11-17;232.0;11;232.0
1980-11-18;230.0;11;230.0
1980-11-19;354.0;11;354.0
1980-11-20;243.0;11;243.0
1980-11-21;229.0;11;229.0
1980-11-22;214.0;11;214.0
1980-11-23;194.0;11;194.0
1980-11-24;182.0;11;182.0
1980-11-25;181.0;11;181.0
1980-11-26;171.0;11;171.0
1980-11-27;160.0;11;160.0
1980-11-28;297.0;11;297.0
1980-11-29;214.0;11;214.0
1980-11-30;313.0;11;313.0
1980-12-01;211.0;12;211.0
1980-12-02;193.0;12;193.0
1980-12-03;203.0;12;203.0
1980-12-04;256.0;12;256.0
1980-12-05;202.0;12;202.0
1980-12-06;189.0;12;189.0
1980-12-07;176.0;12;176.0
1980-12-08;164.0;12;164.0
1980-12-09;196.0;12;196.0
1980-12-10;205.0;12;205.0
1980-12-11;173.0;12;173.0
1980-12-12;161.0;12;161.0
1980-12-13;157.0;12;157.0
1980-12-14;155.0;12;155.0
1980-12-15;154.0;12;154.0
1980-12-16;154.0;12;154.0
1980-12-17;155.0;12;155.0
1980-12-18;154.0;12;154.0
1980-12-19;154.0;12;154.0
1980-12-20;153.0;12;153.0
1980-12-21;151.0;12;151.0
1980-12-22;-999.000;12;198.0
1980-12-23;-999.000;12;145.0
1980-12-24;-999.000;12;288.0
1980-12-25;-999.000;12;175.0
1980-12-26;-999.000;12;247.0
1980-12-27;-999.000;12;265.0
1980-12-28;-999.000;12;210.0
1980-12-29;-999.000;12;187.0
1980-12-30;-999.000;12;304.0
1980-12-31;-999.000;12;235.0
1981-01-01;93.0;1;93.0
1981-01-02;101.0;1;101.0
1981-01-03;126.0;1;126.0
1981-01-04;103.0;1;103.0
1981-01-05;140.0;1;140.0
1981-01-06;95.0;1;95.0
1981-01-07;122.0;1;122.0
1981-01-08;114.0;1;114.0
1981-01-09;98.0;1;98.0
1981-01-10;90.0;1;90.0
1981-01-11;88.0;1;88.0
1981-01-12;88.0;1;88.0
1981-01-13;84.0;1;84.0
1981-01-14;90.0;1;90.0
1981-01-15;92.0;1;92.0
1981-01-16;115.0;1;115.0
1981-01-17;108.0;1;108.0
1981-01-18;104.0;1;104.0
1981-01-19;88.0;1;88.0
1981-01-20;94.0;1;94.0
1981-01-21;159.0;1;159.0
1981-01-22;239.0;1;239.0
1981-01-23;158.0;1;158.0
1981-01-24;170.0;1;170.0
1981-01-25;126.0;1;126.0
1981-01-26;130.0;1;130.0
1981-01-27;107.0;1;107.0
1981-01-28;164.0;1;164.0
1981-01-29;202.0;1;202.0
1981-01-30;136.0;1;136.0
1981-01-31;-999.000;1;378.0
1981-02-01;219.0;2;219.0
1981-02-02;262.0;2;262.0
1981-02-03;217.0;2;217.0
1981-02-04;162.0;2;162.0
1981-02-05;185.0;2;185.0
1981-02-06;150.0;2;150.0
1981-02-07;218.0;2;218.0
1981-02-08;332.0;2;332.0
1981-02-09;191.0;2;191.0
1981-02-10;229.0;2;229.0
1981-02-11;188.0;2;188.0
1981-02-12;176.0;2;176.0
1981-02-13;191.0;2;191.0
1981-02-14;199.0;2;199.0
1981-02-15;234.0;2;234.0
1981-02-16;186.0;2;186.0
1981-02-17;170.0;2;170.0
1981-02-18;205.0;2;205.0
1981-02-19;229.0;2;229.0
1981-02-20;318.0;2;318.0
1981-02-21;271.0;2;271.0
1981-02-22;362.0;2;362.0
1981-02-23;286.0;2;286.0
1981-02-24;307.0;2;307.0
1981-02-25;243.0;2;243.0
1981-02-26;285.0;2;285.0
1981-02-27;248.0;2;248.0
1981-02-28;209.0;2;209.0
1981-03-01;311.0;3;311.0
1981-03-02;286.0;3;286.0
1981-03-03;250.0;3;250.0
1981-03-04;229.0;3;229.0
1981-03-05;199.0;3;199.0
1981-03-06;186.0;3;186.0
1981-03-07;199.0;3;199.0
1981-03-08;192.0;3;192.0
1981-03-09;194.0;3;194.0
1981-03-10;227.0;3;227.0
1981-03-11;240.0;3;240.0
1981-03-12;289.0;3;289.0
1981-03-13;266.0;3;266.0
1981-03-14;211.0;3;211.0
1981-03-15;205.0;3;205.0
1981-03-16;221.0;3;221.0
1981-03-17;196.0;3;196.0
1981-03-18;263.0;3;263.0
1981-03-19;288.0;3;288.0
1981-03-20;231.0;3;231.0
1981-03-21;196.0;3;196.0
1981-03-22;222.0;3;222.0
1981-03-23;202.0;3;202.0
1981-03-24;179.0;3;179.0
1981-03-25;319.0;3;319.0
1981-03-26;277.0;3;277.0
1981-03-27;209.0;3;209.0
1981-03-28;191.0;3;191.0
1981-03-29;188.0;3;188.0
1981-03-30;200.0;3;200.0
1981-03-31;-999.000;3;340.0
1981-04-01;185.0;4;185.0
1981-04-02;195.0;4;195.0
1981-04-03;171.0;4;171.0
1981-04-04;146.0;4;146.0
1981-04-05;143.0;4;143.0
1981-04-06;140.0;4;140.0
1981-04-07;137.0;4;137.0
1981-04-08;146.0;4;146.0
1981-04-09;159.0;4;159.0
1981-04-10;149.0;4;149.0
1981-04-11;181.0;4;181.0
1981-04-12;170.0;4;170.0
1981-04-13;154.0;4;154.0
1981-04-14;146.0;4;146.0
1981-04-15;145.0;4;145.0
1981-04-16;161.0;4;161.0
1981-04-17;143.0;4;143.0
1981-04-18;143.0;4;143.0
1981-04-19;136.0;4;136.0
1981-04-20;135.0;4;135.0
1981-04-21;145.0;4;145.0
1981-04-22;205.0;4;205.0
1981-04-23;158.0;4;158.0
1981-04-24;320.0;4;320.0
1981-04-25;207.0;4;207.0
1981-04-26;303.0;4;303.0
1981-04-27;249.0;4;249.0
1981-04-28;257.0;4;257.0
1981-04-29;224.0;4;224.0
1981-04-30;260.0;4;260.0
1981-05-01;240.0;5;240.0
1981-05-02;204.0;5;204.0
1981-05-03;215.0;5;215.0
1981-05-04;234.0;5;234.0
1981-05-05;206.0;5;206.0
1981-05-06;298.0;5;298.0
1981-05-07;316.0;5;316.0
1981-05-08;262.0;5;262.0
1981-05-09;303.0;5;303.0
1981-05-10;255.0;5;255.0
1981-05-11;205.0;5;205.0
1981-05-12;196.0;5;196.0
1981-05-13;189.0;5;189.0
1981-05-14;205.0;5;205.0
1981-05-15;232.0;5;232.0
1981-05-16;237.0;5;237.0
1981-05-17;239.0;5;239.0
1981-05-18;214.0;5;214.0
1981-05-19;260.0;5;260.0
1981-05-20;245.0;5;245.0
1981-05-21;373.0;5;373.0
1981-05-22;278.0;5;278.0
1981-05-23;258.0;5;258.0
1981-05-24;193.0;5;193.0
1981-05-25;182.0;5;182.0
1981-05-26;176.0;5;176.0
1981-05-27;174.0;5;174.0
1981-05-28;172.0;5;172.0
1981-05-29;183.0;5;183.0
1981-05-30;173.0;5;173.0
1981-05-31;210.0;5;210.0
1981-06-01;294.0;6;294.0
1981-06-02;337.0;6;337.0
1981-06-03;242.0;6;242.0
1981-06-04;261.0;6;261.0
1981-06-05;290.0;6;290.0
1981-06-06;236.0;6;236.0
1981-06-07;254.0;6;254.0
1981-06-08;276.0;6;276.0
1981-06-09;252.0;6;252.0
1981-06-10;245.0;6;245.0
1981-06-11;217.0;6;217.0
1981-06-12;205.0;6;205.0
1981-06-13;236.0;6;236.0
1981-06-14;267.0;6;267.0
1981-06-15;249.0;6;249.0
1981-06-16;209.0;6;209.0
1981-06-17;236.0;6;236.0
1981-06-18;267.0;6;267.0
1981-06-19;309.0;6;309.0
1981-06-20;295.0;6;295.0
1981-06-21;336.0;6;336.0
1981-06-22;193.0;6;193.0
1981-06-23;179.0;6;179.0
1981-06-24;248.0;6;248.0
1981-06-25;281.0;6;281.0
1981-06-26;547.0;6;547.0
1981-06-27;280.0;6;280.0
1981-06-28;447.0;6;447.0
1981-06-29;253.0;6;253.0
1981-06-30;385.0;6;385.0
1981-07-01;465.0;7;465.0
1981-07-02;540.0;7;540.0
1981-07-03;433.0;7;433.0
1981-07-04;658.0;7;658.0
1981-07-05;437.0;7;437.0
1981-07-06;461.0;7;461.0
1981-07-07;527.0;7;527.0
1981-07-08;458.0;7;458.0
1981-07-09;409.0;7;409.0
1981-07-10;472.0;7;472.0
1981-07-11;377.0;7;377.0
1981-07-12;428.0;7;428.0
1981-07-13;333.0;7;333.0
1981-07-14;332.0;7;332.0
1981-07-15;328.0;7;328.0
1981-07-16;373.0;7;373.0
1981-07-17;376.0;7;376.0
1981-07-18;392.0;7;392.0
1981-07-19;341.0;7;341.0
1981-07-20;525.0;7;525.0
1981-07-21;371.0;7;371.0
1981-07-22;353.0;7;353.0
1981-07-23;322.0;7;322.0
1981-07-24;368.0;7;368.0
1981-07-25;352.0;7;352.0
1981-07-26;337.0;7;337.0
1981-07-27;354.0;7;354.0
1981-07-28;321.0;7;321.0
1981-07-29;495.0;7;495.0
1981-07-30;308.0;7;308.0
1981-07-31;304.0;7;304.0
1981-08-01;575.0;8;575.0
1981-08-02;358.0;8;358.0
1981-08-03;470.0;8;470.0
1981-08-04;334.0;8;334.0
1981-08-05;403.0;8;403.0
1981-08-06;343.0;8;343.0
1981-08-07;312.0;8;312.0
1981-08-08;329.0;8;329.0
1981-08-09;299.0;8;299.0
1981-08-10;297.0;8;297.0
1981-08-11;1324.0;8;1324.0
1981-08-12;296.0;8;296.0
1981-08-13;321.0;8;321.0
1981-08-14;472.0;8;472.0
1981-08-15;427.0;8;427.0
1981-08-16;344.0;8;344.0
1981-08-17;458.0;8;458.0
1981-08-18;366.0;8;366.0
1981-08-19;409.0;8;409.0
1981-08-20;322.0;8;322.0
1981-08-21;311.0;8;311.0
1981-08-22;379.0;8;379.0
1981-08-23;349.0;8;349.0
1981-08-24;364.0;8;364.0
1981-08-25;519.0;8;519.0
1981-08-26;330.0;8;330.0
1981-08-27;384.0;8;384.0
1981-08-28;330.0;8;330.0
1981-08-29;421.0;8;421.0
1981-08-30;319.0;8;319.0
1981-08-31;-999.000;8;228.0
1981-09-01;317.0;9;317.0
1981-09-02;364.0;9;364.0
1981-09-03;419.0;9;419.0
1981-09-04;336.0;9;336.0
1981-09-05;372.0;9;372.0
1981-09-06;331.0;9;331.0
1981-09-07;339.0;9;339.0
1981-09-08;325.0;9;325.0
1981-09-09;448.0;9;448.0
1981-09-10;324.0;9;324.0
1981-09-11;415.0;9;415.0
1981-09-12;299.0;9;299.0
1981-09-13;276.0;9;276.0
1981-09-14;183.0;9;183.0
1981-09-15;264.0;9;264.0
1981-09-16;312.0;9;312.0
1981-09-17;344.0;9;344.0
1981-09-18;177.0;9;177.0
1981-09-19;277.0;9;277.0
1981-09-20;222.0;9;222.0
1981-09-21;265.0;9;265.0
1981-09-22;372.0;9;372.0
1981-09-23;265.0;9;265.0
1981-09-24;481.0;9;481.0
1981-09-25;454.0;9;454.0
1981-09-26;420.0;9;420.0
1981-09-27;274.0;9;274.0
1981-09-28;249.0;9;249.0
1981-09-29;242.0;9;242.0
1981-09-30;276.0;9;276.0
1981-10-01;224.0;10;224.0
1981-10-02;236.0;10;236.0
1981-10-03;254.0;10;254.0
1981-10-04;249.0;10;249.0
1981-10-05;294.0;10;294.0
1981-10-06;346.0;10;346.0
1981-10-07;252.0;10;252.0
1981-10-08;373.0;10;373.0
1981-10-09;373.0;10;373.0
1981-10-10;349.0;10;349.0
1981-10-11;347.0;10;347.0
1981-10-12;360.0;10;360.0
1981-10-13;360.0;10;360.0
1981-10-14;360.0;10;360.0
1981-10-15;360.0;10;360.0
1981-10-16;345.0;10;345.0
1981-10-17;296.0;10;296.0
1981-10-18;225.0;10;225.0
1981-10-19;227.0;10;227.0
1981-10-20;214.0;10;214.0
1981-10-21;216.0;10;216.0
1981-10-22;372.0;10;372.0
1981-10-23;372.0;10;372.0
1981-10-24;360.0;10;360.0
1981-10-25;283.0;10;283.0
1981-10-26;298.0;10;298.0
1981-10-27;347.0;10;347.0
1981-10-28;347.0;10;347.0
1981-10-29;489.0;10;489.0
1981-10-30;484.0;10;484.0
1981-10-31;621.0;10;621.0
1981-11-01;321.0;11;321.0
1981-11-02;232.0;11;232.0
1981-11-03;309.0;11;309.0
1981-11-04;327.0;11;327.0
1981-11-05;323.0;11;323.0
1981-11-06;327.0;11;327.0
1981-11-07;278.0;11;278.0
1981-11-08;305.0;11;305.0
1981-11-09;260.0;11;260.0
1981-11-10;217.0;11;217.0
1981-11-11;311.0;11;311.0
1981-11-12;327.0;11;327.0
1981-11-13;321.0;11;321.0
1981-11-14;321.0;11;321.0
1981-11-15;351.0;11;351.0
1981-11-16;333.0;11;333.0
1981-11-17;303.0;11;303.0
1981-11-18;302.0;11;302.0
1981-11-19;260.0;11;260.0
1981-11-20;349.0;11;349.0
1981-11-21;356.0;11;356.0
1981-11-22;522.0;11;522.0
1981-11-23;359.0;11;359.0
1981-11-24;316.0;11;316.0
1981-11-25;282.0;11;282.0
1981-11-26;275.0;11;275.0
1981-11-27;290.0;11;290.0
1981-11-28;307.0;11;307.0
1981-11-29;-999.000;11;321.0
1981-11-30;-999.000;11;334.0
1981-12-01;252.0;12;252.0
1981-12-02;252.0;12;252.0
1981-12-03;292.0;12;292.0
1981-12-04;289.0;12;289.0
1981-12-05;339.0;12;339.0
1981-12-06;473.0;12;473.0
1981-12-07;497.0;12;497.0
1981-12-08;517.0;12;517.0
1981-12-09;463.0;12;463.0
1981-12-10;562.0;12;562.0
1981-12-11;422.0;12;422.0
1981-12-12;437.0;12;437.0
1981-12-13;520.0;12;520.0
1981-12-14;388.0;12;388.0
1981-12-15;382.0;12;382.0
1981-12-16;351.0;12;351.0
1981-12-17;301.0;12;301.0
1981-12-18;284.0;12;284.0
1981-12-19;340.0;12;340.0
1981-12-20;268.0;12;268.0
1981-12-21;248.0;12;248.0
1981-12-22;253.0;12;253.0
1981-12-23;233.0;12;233.0
1981-12-24;216.0;12;216.0
1981-12-25;203.0;12;203.0
1981-12-26;198.0;12;198.0
1981-12-27;190.0;12;190.0
1981-12-28;235.0;12;235.0
1981-12-29;235.0;12;235.0
1981-12-30;190.0;12;190.0
1981-12-31;177.0;12;177.0
1982-01-01;197.0;1;197.0
1982-01-02;194.0;1;194.0
1982-01-03;227.0;1;227.0
1982-01-04;247.0;1;247.0
1982-01-05;205.0;1;205.0
1982-01-06;195.0;1;195.0
1982-01-07;190.0;1;190.0
1982-01-08;177.0;1;177.0
1982-01-09;166.0;1;166.0
1982-01-10;162.0;1;162.0
1982-01-11;162.0;1;162.0
1982-01-12;169.0;1;169.0
1982-01-13;185.0;1;185.0
1982-01-14;309.0;1;309.0
1982-01-15;261.0;1;261.0
1982-01-16;267.0;1;267.0
1982-01-17;238.0;1;238.0
1982-01-18;439.0;1;439.0
1982-01-19;425.0;1;425.0
1982-01-20;314.0;1;314.0
1982-01-21;258.0;1;258.0
1982-01-22;231.0;1;231.0
1982-01-23;312.0;1;312.0
1982-01-24;323.0;1;323.0
1982-01-25;254.0;1;254.0
1982-01-26;300.0;1;300.0
1982-01-27;353.0;1;353.0
1982-01-28;289.0;1;289.0
1982-01-29;265.0;1;265.0
1982-01-30;254.0;1;254.0
1982-01-31;-999.000;1;288.0
1982-02-01;342.0;2;342.0
1982-02-02;335.0;2;335.0
1982-02-03;360.0;2;360.0
1982-02-04;317.0;2;317.0
1982-02-05;342.0;2;342.0
1982-02-06;353.0;2;353.0
1982-02-07;345.0;2;345.0
1982-02-08;342.0;2;342.0
1982-02-09;343.0;2;343.0
1982-02-10;388.0;2;388.0
1982-02-11;390.0;2;390.0
1982-02-12;427.0;2;427.0
1982-02-13;419.0;2;419.0
1982-02-14;635.0;2;635.0
1982-02-15;487.0;2;487.0
1982-02-16;442.0;2;442.0
1982-02-17;466.0;2;466.0
1982-02-18;480.0;2;480.0
1982-02-19;393.0;2;393.0
1982-02-20;428.0;2;428.0
1982-02-21;344.0;2;344.0
1982-02-22;311.0;2;311.0
1982-02-23;389.0;2;389.0
1982-02-24;384.0;2;384.0
1982-02-25;411.0;2;411.0
1982-02-26;343.0;2;343.0
1982-02-27;336.0;2;336.0
1982-02-28;313.0;2;313.0
1982-03-01;332.0;3;332.0
1982-03-02;348.0;3;348.0
1982-03-03;322.0;3;322.0
1982-03-04;313.0;3;313.0
1982-03-05;284.0;3;284.0
1982-03-06;361.0;3;361.0
1982-03-07;326.0;3;326.0
1982-03-08;357.0;3;357.0
1982-03-09;362.0;3;362.0
1982-03-10;355.0;3;355.0
1982-03-11;318.0;3;318.0
1982-03-12;346.0;3;346.0
1982-03-13;364.0;3;364.0
1982-03-14;304.0;3;304.0
1982-03-15;299.0;3;299.0
1982-03-16;343.0;3;343.0
1982-03-17;342.0;3;342.0
1982-03-18;426.0;3;426.0
1982-03-19;396.0;3;396.0
1982-03-20;390.0;3;390.0
1982-03-21;436.0;3;436.0
1982-03-22;332.0;3;332.0
1982-03-23;371.0;3;371.0
1982-03-24;352.0;3;352.0
1982-03-25;357.0;3;357.0
1982-03-26;325.0;3;325.0
1982-03-27;316.0;3;316.0
1982-03-28;340.0;3;340.0
1982-03-29;540.0;3;540.0
1982-03-30;371.0;3;371.0
1982-03-31;-999.000;3;289.0
1982-04-01;358.0;4;358.0
1982-04-02;331.0;4;331.0
1982-04-03;331.0;4;331.0
1982-04-04;342.0;4;342.0
1982-04-05;320.0;4;320.0
1982-04-06;297.0;4;297.0
1982-04-07;290.0;4;290.0
1982-04-08;278.0;4;278.0
1982-04-09;345.0;4;345.0
1982-04-10;415.0;4;415.0
1982-04-11;386.0;4;386.0
1982-04-12;347.0;4;347.0
1982-04-13;318.0;4;318.0
1982-04-14;349.0;4;349.0
1982-04-15;344.0;4;344.0
1982-04-16;321.0;4;321.0
1982-04-17;334.0;4;334.0
1982-04-18;362.0;4;362.0
1982-04-19;294.0;4;294.0
1982-04-20;266.0;4;266.0
1982-04-21;341.0;4;341.0
1982-04-22;274.0;4;274.0
1982-04-23;251.0;4;251.0
1982-04-24;264.0;4;264.0
1982-04-25;225.0;4;225.0
1982-04-26;216.0;4;216.0
1982-04-27;260.0;4;260.0
1982-04-28;212.0;4;212.0
1982-04-29;195.0;4;195.0
1982-04-30;194.0;4;194.0
1982-05-01;171.0;5;171.0
1982-05-02;171.0;5;171.0
1982-05-03;214.0;5;214.0
1982-05-04;197.0;5;197.0
1982-05-05;265.0;5;265.0
1982-05-06;202.0;5;202.0
1982-05-07;227.0;5;227.0
1982-05-08;225.0;5;225.0
1982-05-09;281.0;5;281.0
1982-05-10;195.0;5;195.0
1982-05-11;175.0;5;175.0
1982-05-12;196.0;5;196.0
1982-05-13;380.0;5;380.0
1982-05-14;261.0;5;261.0
1982-05-15;-999.000;5;298.0
1982-05-16;-999.000;5;295.0
1982-05-17;-999.000;5;388.0
1982-05-18;-999.000;5;305.0
1982-05-19;-999.000;5;291.0
1982-05-20;-999.000;5;373.0
1982-05-21;-999.000;5;573.0
1982-05-22;-999.000;5;214.0
1982-05-23;-999.000;5;127.0
1982-05-24;-999.000;5;298.0
1982-05-25;-999.000;5;194.0
1982-05-26;-999.000;5;224.0
1982-05-27;-999.000;5;293.0
1982-05-28;-999.000;5;193.0
1982-05-29;-999.000;5;205.0
1982-05-30;-999.000;5;223.0
1982-05-31;-999.000;5;515.0
1982-06-01;249.0;6;249.0
1982-06-02;252.0;6;252.0
1982-06-03;256.0;6;256.0
1982-06-04;246.0;6;246.0
1982-06-05;248.0;6;248.0
1982-06-06;213.0;6;213.0
1982-06-07;177.0;6;177.0
1982-06-08;281.0;6;281.0
1982-06-09;272.0;6;272.0
1982-06-10;307.0;6;307.0
1982-06-11;269.0;6;269.0
1982-06-12;334.0;6;334.0
1982-06-13;290.0;6;290.0
1982-06-14;340.0;6;340.0
1982-06-15;325.0;6;325.0
1982-06-16;328.0;6;328.0
1982-06-17;296.0;6;296.0
1982-06-18;301.0;6;301.0
1982-06-19;355.0;6;355.0
1982-06-20;293.0;6;293.0
1982-06-21;259.0;6;259.0
1982-06-22;439.0;6;439.0
1982-06-23;291.0;6;291.0
1982-06-24;254.0;6;254.0
1982-06-25;273.0;6;273.0
1982-06-26;345.0;6;345.0
1982-06-27;348.0;6;348.0
1982-06-28;332.0;6;332.0
1982-06-29;371.0;6;371.0
1982-06-30;340.0;6;340.0
1982-07-01;267.0;7;267.0
1982-07-02;242.0;7;242.0
1982-07-03;236.0;7;236.0
1982-07-04;236.0;7;236.0
1982-07-05;388.0;7;388.0
1982-07-06;250.0;7;250.0
1982-07-07;273.0;7;273.0
1982-07-08;278.0;7;278.0
1982-07-09;251.0;7;251.0
1982-07-10;378.0;7;378.0
1982-07-11;359.0;7;359.0
1982-07-12;367.0;7;367.0
1982-07-13;289.0;7;289.0
1982-07-14;356.0;7;356.0
1982-07-15;301.0;7;301.0
1982-07-16;379.0;7;379.0
1982-07-17;351.0;7;351.0
1982-07-18;468.0;7;468.0
1982-07-19;375.0;7;375.0
1982-07-20;303.0;7;303.0
1982-07-21;289.0;7;289.0
1982-07-22;361.0;7;361.0
1982-07-23;373.0;7;373.0
1982-07-24;461.0;7;461.0
1982-07-25;340.0;7;340.0
1982-07-26;280.0;7;280.0
1982-07-27;248.0;7;248.0
1982-07-28;301.0;7;301.0
1982-07-29;375.0;7;375.0
1982-07-30;438.0;7;438.0
1982-07-31;-999.000;7;83.0
1982-08-01;206.0;8;206.0
1982-08-02;371.0;8;371.0
1982-08-03;304.0;8;304.0
1982-08-04;277.0;8;277.0
1982-08-05;340.0;8;340.0
1982-08-06;353.0;8;353.0
1982-08-07;321.0;8;321.0
1982-08-08;356.0;8;356.0
1982-08-09;346.0;8;346.0
1982-08-10;367.0;8;367.0
1982-08-11;316.0;8;316.0
1982-08-12;233.0;8;233.0
1982-08-13;236.0;8;236.0
1982-08-14;201.0;8;201.0
1982-08-15;243.0;8;243.0
1982-08-16;207.0;8;207.0
1982-08-17;200.0;8;200.0
1982-08-18;250.0;8;250.0
1982-08-19;195.0;8;195.0
1982-08-20;335.0;8;335.0
1982-08-21;355.0;8;355.0
1982-08-22;302.0;8;302.0
1982-08-23;257.0;8;257.0
1982-08-24;215.0;8;215.0
1982-08-25;480.0;8;480.0
1982-08-26;312.0;8;312.0
1982-08-27;304.0;8;304.0
1982-08-28;271.0;8;271.0
1982-08-29;304.0;8;304.0
1982-08-30;301.0;8;301.0
1982-08-31;418.0;8;418.0
1982-09-01;450.0;9;450.0
1982-09-02;497.0;9;497.0
1982-09-03;425.0;9;425.0
1982-09-04;467.0;9;467.0
1982-09-05;470.0;9;470.0
1982-09-06;455.0;9;455.0
1982-09-07;420.0;9;420.0
1982-09-08;515.0;9;515.0
1982-09-09;408.0;9;408.0
1982-09-10;339.0;9;339.0
1982-09-11;315.0;9;315.0
1982-09-12;293.0;9;293.0
1982-09-13;277.0;9;277.0
1982-09-14;274.0;9;274.0
1982-09-15;252.0;9;252.0
1982-09-16;218.0;9;218.0
1982-09-17;211.0;9;211.0
1982-09-18;184.0;9;184.0
1982-09-19;172.0;9;172.0
1982-09-20;178.0;9;178.0
1982-09-21;303.0;9;303.0
1982-09-22;294.0;9;294.0
1982-09-23;307.0;9;307.0
1982-09-24;297.0;9;297.0
1982-09-25;307.0;9;307.0
1982-09-26;260.0;9;260.0
1982-09-27;225.0;9;225.0
1982-09-28;236.0;9;236.0
1982-09-29;209.0;9;209.0
1982-09-30;278.0;9;278.0
1982-10-01;296.0;10;296.0
1982-10-02;299.0;10;299.0
1982-10-03;327.0;10;327.0
1982-10-04;183.0;10;183.0
1982-10-05;203.0;10;203.0
1982-10-06;298.0;10;298.0
1982-10-07;208.0;10;208.0
1982-10-08;225.0;10;225.0
1982-10-09;371.0;10;371.0
1982-10-10;456.0;10;456.0
1982-10-11;278.0;10;278.0
1982-10-12;244.0;10;244.0
1982-10-13;309.0;10;309.0
1982-10-14;244.0;10;244.0
1982-10-15;371.0;10;371.0
1982-10-16;271.0;10;271.0
1982-10-17;379.0;10;379.0
1982-10-18;268.0;10;268.0
1982-10-19;248.0;10;248.0
1982-10-20;276.0;10;276.0
1982-10-21;195.0;10;195.0
1982-10-22;168.0;10;168.0
1982-10-23;297.0;10;297.0
1982-10-24;294.0;10;294.0
1982-10-25;288.0;10;288.0
1982-10-26;260.0;10;260.0
1982-10-27;266.0;10;266.0
1982-10-28;282.0;10;282.0
1982-10-29;-999.000;10;261.0
1982-10-30;-999.000;10;204.0
1982-10-31;-999.000;10;309.0
1982-11-01;-999.000;11;191.0
1982-11-02;-999.000;11;290.0
1982-11-03;-999.000;11;331.0
1982-11-04;-999.000;11;366.0
1982-11-05;-999.000;11;262.0
1982-11-06;-999.000;11;262.0
1982-11-07;-999.000;11;275.0
1982-11-08;-999.000;11;201.0
1982-11-09;-999.000;11;207.0
1982-11-10;-999.000;11;321.0
1982-11-11;200.0;11;200.0
1982-11-12;275.0;11;275.0
1982-11-13;349.0;11;349.0
1982-11-14;424.0;11;424.0
1982-11-15;498.0;11;498.0
1982-11-16;573.0;11;573.0
1982-11-17;898.0;11;898.0
1982-11-18;538.0;11;538.0
1982-11-19;424.0;11;424.0
1982-11-20;535.0;11;535.0
1982-11-21;537.0;11;537.0
1982-11-22;449.0;11;449.0
1982-11-23;468.0;11;468.0
1982-11-24;431.0;11;431.0
1982-11-25;400.0;11;400.0
1982-11-26;257.0;11;257.0
1982-11-27;235.0;11;235.0
1982-11-28;242.0;11;242.0
1982-11-29;219.0;11;219.0
1982-11-30;243.0;11;243.0
1982-12-01;218.0;12;218.0
1982-12-02;310.0;12;310.0
1982-12-03;283.0;12;283.0
1982-12-04;322.0;12;322.0
1982-12-05;343.0;12;343.0
1982-12-06;288.0;12;288.0
1982-12-07;329.0;12;329.0
1982-12-08;768.0;12;768.0
1982-12-09;350.0;12;350.0
1982-12-10;404.0;12;404.0
1982-12-11;312.0;12;312.0
1982-12-12;487.0;12;487.0
1982-12-13;497.0;12;497.0
1982-12-14;352.0;12;352.0
1982-12-15;343.0;12;343.0
1982-12-16;345.0;12;345.0
1982-12-17;573.0;12;573.0
1982-12-18;606.0;12;606.0
1982-12-19;513.0;12;513.0
1982-12-20;400.0;12;400.0
1982-12-21;474.0;12;474.0
1982-12-22;355.0;12;355.0
1982-12-23;424.0;12;424.0
1982-12-24;565.0;12;565.0
1982-12-25;384.0;12;384.0
1982-12-26;412.0;12;412.0
1982-12-27;373.0;12;373.0
1982-12-28;363.0;12;363.0
1982-12-29;342.0;12;342.0
1982-12-30;324.0;12;324.0
1982-12-31;379.0;12;379.0
1983-01-01;345.0;1;345.0
1983-01-02;383.0;1;383.0
1983-01-03;315.0;1;315.0
1983-01-04;257.0;1;257.0
1983-01-05;367.0;1;367.0
1983-01-06;388.0;1;388.0
1983-01-07;449.0;1;449.0
1983-01-08;574.0;1;574.0
1983-01-09;349.0;1;349.0
1983-01-10;361.0;1;361.0
1983-01-11;327.0;1;327.0
1983-01-12;309.0;1;309.0
1983-01-13;359.0;1;359.0
1983-01-14;330.0;1;330.0
1983-01-15;230.0;1;230.0
1983-01-16;251.0;1;251.0
1983-01-17;351.0;1;351.0
1983-01-18;424.0;1;424.0
1983-01-19;288.0;1;288.0
1983-01-20;254.0;1;254.0
1983-01-21;363.0;1;363.0
1983-01-22;310.0;1;310.0
1983-01-23;351.0;1;351.0
1983-01-24;276.0;1;276.0
1983-01-25;227.0;1;227.0
1983-01-26;251.0;1;251.0
1983-01-27;257.0;1;257.0
1983-01-28;327.0;1;327.0
1983-01-29;448.0;1;448.0
1983-01-30;363.0;1;363.0
1983-01-31;-999.000;1;88.0
1983-02-01;222.0;2;222.0
1983-02-02;225.0;2;225.0
1983-02-03;197.0;2;197.0
1983-02-04;191.0;2;191.0
1983-02-05;180.0;2;180.0
1983-02-06;273.0;2;273.0
1983-02-07;286.0;2;286.0
1983-02-08;363.0;2;363.0
1983-02-09;278.0;2;278.0
1983-02-10;306.0;2;306.0
1983-02-11;357.0;2;357.0
1983-02-12;270.0;2;270.0
1983-02-13;433.0;2;433.0
1983-02-14;265.0;2;265.0
1983-02-15;273.0;2;273.0
1983-02-16;327.0;2;327.0
1983-02-17;513.0;2;513.0
1983-02-18;242.0;2;242.0
1983-02-19;291.0;2;291.0
1983-02-20;327.0;2;327.0
1983-02-21;194.0;2;194.0
1983-02-22;192.0;2;192.0
1983-02-23;189.0;2;189.0
1983-02-24;197.0;2;197.0
1983-02-25;191.0;2;191.0
1983-02-26;194.0;2;194.0
1983-02-27;184.0;2;184.0
1983-02-28;191.0;2;191.0
1983-03-01;172.0;3;172.0
1983-03-02;327.0;3;327.0
1983-03-03;172.0;3;172.0
1983-03-04;172.0;3;172.0
1983-03-05;172.0;3;172.0
1983-03-06;172.0;3;172.0
1983-03-07;172.0;3;172.0
1983-03-08;172.0;3;172.0
1983-03-09;172.0;3;172.0
1983-03-10;263.0;3;263.0
1983-03-11;237.0;3;237.0
1983-03-12;237.0;3;237.0
1983-03-13;290.0;3;290.0
1983-03-14;256.0;3;256.0
1983-03-15;334.0;3;334.0
1983-03-16;412.0;3;412.0
1983-03-17;248.0;3;248.0
1983-03-18;327.0;3;327.0
1983-03-19;703.0;3;703.0
1983-03-20;206.0;3;206.0
1983-03-21;176.0;3;176.0
1983-03-22;263.0;3;263.0
1983-03-23;191.0;3;191.0
1983-03-24;218.0;3;218.0
1983-03-25;547.0;3;547.0
1983-03-26;327.0;3;327.0
1983-03-27;237.0;3;237.0
1983-03-28;497.0;3;497.0
1983-03-29;367.0;3;367.0
1983-03-30;197.0;3;197.0
1983-03-31;-999.000;3;264.0
1983-04-01;234.0;4;234.0
1983-04-02;367.0;4;367.0
1983-04-03;433.0;4;433.0
1983-04-04;296.0;4;296.0
1983-04-05;266.0;4;266.0
1983-04-06;252.0;4;252.0
1983-04-07;301.0;4;301.0
1983-04-08;305.0;4;305.0
1983-04-09;294.0;4;294.0
1983-04-10;288.0;4;288.0
1983-04-11;246.0;4;246.0
1983-04-12;575.0;4;575.0
1983-04-13;330.0;4;330.0
1983-04-14;262.0;4;262.0
1983-04-15;330.0;4;330.0
1983-04-16;248.0;4;248.0
1983-04-17;342.0;4;342.0
1983-04-18;283.0;4;283.0
1983-04-19;257.0;4;257.0
1983-04-20;318.0;4;318.0
1983-04-21;283.0;4;283.0
1983-04-22;400.0;4;400.0
1983-04-23;393.0;4;393.0
1983-04-24;349.0;4;349.0
1983-04-25;567.0;4;567.0
1983-04-26;599.0;4;599.0
1983-04-27;445.0;4;445.0
1983-04-28;393.0;4;393.0
1983-04-29;349.0;4;349.0
1983-04-30;318.0;4;318.0
1983-05-01;298.0;5;298.0
1983-05-02;307.0;5;307.0
1983-05-03;323.0;5;323.0
1983-05-04;515.0;5;515.0
1983-05-05;394.0;5;394.0
1983-05-06;573.0;5;573.0
1983-05-07;453.0;5;453.0
1983-05-08;392.0;5;392.0
1983-05-09;345.0;5;345.0
1983-05-10;295.0;5;295.0
1983-05-11;295.0;5;295.0
1983-05-12;294.0;5;294.0
1983-05-13;247.0;5;247.0
1983-05-14;228.0;5;228.0
1983-05-15;226.0;5;226.0
1983-05-16;301.0;5;301.0
1983-05-17;239.0;5;239.0
1983-05-18;242.0;5;242.0
1983-05-19;186.0;5;186.0
1983-05-20;249.0;5;249.0
1983-05-21;305.0;5;305.0
1983-05-22;226.0;5;226.0
1983-05-23;223.0;5;223.0
1983-05-24;194.0;5;194.0
1983-05-25;240.0;5;240.0
1983-05-26;216.0;5;216.0
1983-05-27;237.0;5;237.0
1983-05-28;235.0;5;235.0
1983-05-29;178.0;5;178.0
1983-05-30;156.0;5;156.0
1983-05-31;-999.000;5;178.0
1983-06-01;136.0;6;136.0
1983-06-02;138.0;6;138.0
1983-06-03;148.0;6;148.0
1983-06-04;145.0;6;145.0
1983-06-05;138.0;6;138.0
1983-06-06;115.0;6;115.0
1983-06-07;108.0;6;108.0
1983-06-08;105.0;6;105.0
1983-06-09;390.0;6;390.0
1983-06-10;452.0;6;452.0
1983-06-11;178.0;6;178.0
1983-06-12;145.0;6;145.0
1983-06-13;136.0;6;136.0
1983-06-14;118.0;6;118.0
1983-06-15;115.0;6;115.0
1983-06-16;108.0;6;108.0
1983-06-17;340.0;6;340.0
1983-06-18;200.0;6;200.0
1983-06-19;149.0;6;149.0
1983-06-20;150.0;6;150.0
1983-06-21;180.0;6;180.0
1983-06-22;173.0;6;173.0
1983-06-23;142.0;6;142.0
1983-06-24;303.0;6;303.0
1983-06-25;237.0;6;237.0
1983-06-26;135.0;6;135.0
1983-06-27;120.0;6;120.0
1983-06-28;115.0;6;115.0
1983-06-29;105.0;6;105.0
1983-06-30;97.0;6;97.0
1983-07-01;144.0;7;144.0
1983-07-02;140.0;7;140.0
1983-07-03;132.0;7;132.0
1983-07-04;129.0;7;129.0
1983-07-05;127.0;7;127.0
1983-07-06;126.0;7;126.0
1983-07-07;123.0;7;123.0
1983-07-08;124.0;7;124.0
1983-07-09;130.0;7;130.0
1983-07-10;122.0;7;122.0
1983-07-11;121.0;7;121.0
1983-07-12;120.0;7;120.0
1983-07-13;123.0;7;123.0
1983-07-14;119.0;7;119.0
1983-07-15;121.0;7;121.0
1983-07-16;112.0;7;112.0
1983-07-17;107.0;7;107.0
1983-07-18;104.0;7;104.0
1983-07-19;103.0;7;103.0
1983-07-20;101.0;7;101.0
1983-07-21;100.0;7;100.0
1983-07-22;99.0;7;99.0
1983-07-23;98.0;7;98.0
1983-07-24;97.0;7;97.0
1983-07-25;97.0;7;97.0
1983-07-26;94.0;7;94.0
1983-07-27;94.0;7;94.0
1983-07-28;92.0;7;92.0
1983-07-29;94.0;7;94.0
1983-07-30;91.0;7;91.0
1983-07-31;111.0;7;111.0
1983-08-01;92.0;8;92.0
1983-08-02;88.0;8;88.0
1983-08-03;87.0;8;87.0
1983-08-04;88.0;8;88.0
1983-08-05;90.0;8;90.0
1983-08-06;90.0;8;90.0
1983-08-07;103.0;8;103.0
1983-08-08;104.0;8;104.0
1983-08-09;87.0;8;87.0
1983-08-10;84.0;8;84.0
1983-08-11;84.0;8;84.0
1983-08-12;84.0;8;84.0
1983-08-13;84.0;8;84.0
1983-08-14;84.0;8;84.0
1983-08-15;84.0;8;84.0
1983-08-16;84.0;8;84.0
1983-08-17;84.0;8;84.0
1983-08-18;84.0;8;84.0
1983-08-19;84.0;8;84.0
1983-08-20;84.0;8;84.0
1983-08-21;84.0;8;84.0
1983-08-22;84.0;8;84.0
1983-08-23;84.0;8;84.0
1983-08-24;84.0;8;84.0
1983-08-25;84.0;8;84.0
1983-08-26;85.0;8;85.0
1983-08-27;84.0;8;84.0
1983-08-28;101.0;8;101.0
1983-08-29;-999.000;8;303.0
1983-08-30;-999.000;8;84.0
1983-08-31;-999.000;8;368.0
1983-09-01;114.0;9;114.0
1983-09-02;160.0;9;160.0
1983-09-03;159.0;9;159.0
1983-09-04;97.0;9;97.0
1983-09-05;87.0;9;87.0
1983-09-06;103.0;9;103.0
1983-09-07;89.0;9;89.0
1983-09-08;317.0;9;317.0
1983-09-09;176.0;9;176.0
1983-09-10;104.0;9;104.0
1983-09-11;97.0;9;97.0
1983-09-12;93.0;9;93.0
1983-09-13;90.0;9;90.0
1983-09-14;89.0;9;89.0
1983-09-15;89.0;9;89.0
1983-09-16;89.0;9;89.0
1983-09-17;147.0;9;147.0
1983-09-18;136.0;9;136.0
1983-09-19;93.0;9;93.0
1983-09-20;92.0;9;92.0
1983-09-21;97.0;9;97.0
1983-09-22;96.0;9;96.0
1983-09-23;83.0;9;83.0
1983-09-24;101.0;9;101.0
1983-09-25;115.0;9;115.0
1983-09-26;115.0;9;115.0
1983-09-27;129.0;9;129.0
1983-09-28;119.0;9;119.0
1983-09-29;121.0;9;121.0
1983-09-30;107.0;9;107.0
1983-10-01;355.0;10;355.0
1983-10-02;398.0;10;398.0
1983-10-03;373.0;10;373.0
1983-10-04;204.0;10;204.0
1983-10-05;234.0;10;234.0
1983-10-06;284.0;10;284.0
1983-10-07;261.0;10;261.0
1983-10-08;245.0;10;245.0
1983-10-09;234.0;10;234.0
1983-10-10;242.0;10;242.0
1983-10-11;225.0;10;225.0
1983-10-12;253.0;10;253.0
1983-10-13;262.0;10;262.0
1983-10-14;283.0;10;283.0
1983-10-15;401.0;10;401.0
1983-10-16;285.0;10;285.0
1983-10-17;267.0;10;267.0
1983-10-18;345.0;10;345.0
1983-10-19;320.0;10;320.0
1983-10-20;346.0;10;346.0
1983-10-21;400.0;10;400.0
1983-10-22;349.0;10;349.0
1983-10-23;288.0;10;288.0
1983-10-24;265.0;10;265.0
1983-10-25;244.0;10;244.0
1983-10-26;288.0;10;288.0
1983-10-27;367.0;10;367.0
1983-10-28;423.0;10;423.0
1983-10-29;319.0;10;319.0
1983-10-30;336.0;10;336.0
1983-10-31;274.0;10;274.0
1983-11-01;245.0;11;245.0
1983-11-02;297.0;11;297.0
1983-11-03;333.0;11;333.0
1983-11-04;401.0;11;401.0
1983-11-05;321.0;11;321.0
1983-11-06;311.0;11;311.0
1983-11-07;369.0;11;369.0
1983-11-08;376.0;11;376.0
1983-11-09;347.0;11;347.0
1983-11-10;343.0;11;343.0
1983-11-11;422.0;11;422.0
1983-11-12;316.0;11;316.0
1983-11-13;296.0;11;296.0
1983-11-14;337.0;11;337.0
1983-11-15;383.0;11;383.0
1983-11-16;315.0;11;315.0
1983-11-17;278.0;11;278.0
1983-11-18;242.0;11;242.0
1983-11-19;237.0;11;237.0
1983-11-20;219.0;11;219.0
1983-11-21;208.0;11;208.0
1983-11-22;276.0;11;276.0
1983-11-23;274.0;11;274.0
1983-11-24;206.0;11;206.0
1983-11-25;195.0;11;195.0
1983-11-26;208.0;11;208.0
1983-11-27;214.0;11;214.0
1983-11-28;204.0;11;204.0
1983-11-29;281.0;11;281.0
1983-11-30;262.0;11;262.0
1983-12-01;222.0;12;222.0
1983-12-02;237.0;12;237.0
1983-12-03;353.0;12;353.0
1983-12-04;220.0;12;220.0
1983-12-05;264.0;12;264.0
1983-12-06;200.0;12;200.0
1983-12-07;198.0;12;198.0
1983-12-08;217.0;12;217.0
1983-12-09;304.0;12;304.0
1983-12-10;218.0;12;218.0
1983-12-11;231.0;12;231.0
1983-12-12;198.0;12;198.0
1983-12-13;194.0;12;194.0
1983-12-14;214.0;12;214.0
1983-12-15;213.0;12;213.0
1983-12-16;194.0;12;194.0
1983-12-17;202.0;12;202.0
1983-12-18;184.0;12;184.0
1983-12-19;210.0;12;210.0
1983-12-20;191.0;12;191.0
1983-12-21;172.0;12;172.0
1983-12-22;208.0;12;208.0
1983-12-23;283.0;12;283.0
1983-12-24;188.0;12;188.0
1983-12-25;161.0;12;161.0
1983-12-26;145.0;12;145.0
1983-12-27;144.0;12;144.0
1983-12-28;153.0;12;153.0
1983-12-29;168.0;12;168.0
1983-12-30;194.0;12;194.0
1983-12-31;175.0;12;175.0
1984-01-01;220.0;1;220.0
1984-01-02;199.0;1;199.0
1984-01-03;175.0;1;175.0
1984-01-04;219.0;1;219.0
1984-01-05;195.0;1;195.0
1984-01-06;175.0;1;175.0
1984-01-07;173.0;1;173.0
1984-01-08;161.0;1;161.0
1984-01-09;159.0;1;159.0
1984-01-10;171.0;1;171.0
1984-01-11;170.0;1;170.0
1984-01-12;175.0;1;175.0
1984-01-13;160.0;1;160.0
1984-01-14;159.0;1;159.0
1984-01-15;158.0;1;158.0
1984-01-16;166.0;1;166.0
1984-01-17;189.0;1;189.0
1984-01-18;269.0;1;269.0
1984-01-19;378.0;1;378.0
1984-01-20;227.0;1;227.0
1984-01-21;188.0;1;188.0
1984-01-22;180.0;1;180.0
1984-01-23;211.0;1;211.0
1984-01-24;193.0;1;193.0
1984-01-25;205.0;1;205.0
1984-01-26;195.0;1;195.0
1984-01-27;182.0;1;182.0
1984-01-28;209.0;1;209.0
1984-01-29;224.0;1;224.0
1984-01-30;235.0;1;235.0
1984-01-31;195.0;1;195.0
1984-02-01;192.0;2;192.0
1984-02-02;200.0;2;200.0
1984-02-03;206.0;2;206.0
1984-02-04;224.0;2;224.0
1984-02-05;252.0;2;252.0
1984-02-06;480.0;2;480.0
1984-02-07;344.0;2;344.0
1984-02-08;292.0;2;292.0
1984-02-09;237.0;2;237.0
1984-02-10;450.0;2;450.0
1984-02-11;448.0;2;448.0
1984-02-12;303.0;2;303.0
1984-02-13;274.0;2;274.0
1984-02-14;348.0;2;348.0
1984-02-15;287.0;2;287.0
1984-02-16;348.0;2;348.0
1984-02-17;317.0;2;317.0
1984-02-18;389.0;2;389.0
1984-02-19;274.0;2;274.0
1984-02-20;407.0;2;407.0
1984-02-21;302.0;2;302.0
1984-02-22;290.0;2;290.0
1984-02-23;265.0;2;265.0
1984-02-24;287.0;2;287.0
1984-02-25;243.0;2;243.0
1984-02-26;236.0;2;236.0
1984-02-27;238.0;2;238.0
1984-02-28;229.0;2;229.0
1984-02-29;179.0;2;179.0
1984-03-01;227.0;3;227.0
1984-03-02;444.0;3;444.0
1984-03-03;248.0;3;248.0
1984-03-04;237.0;3;237.0
1984-03-05;232.0;3;232.0
1984-03-06;226.0;3;226.0
1984-03-07;232.0;3;232.0
1984-03-08;242.0;3;242.0
1984-03-09;204.0;3;204.0
1984-03-10;230.0;3;230.0
1984-03-11;323.0;3;323.0
1984-03-12;225.0;3;225.0
1984-03-13;310.0;3;310.0
1984-03-14;285.0;3;285.0
1984-03-15;466.0;3;466.0
1984-03-16;432.0;3;432.0
1984-03-17;272.0;3;272.0
1984-03-18;311.0;3;311.0
1984-03-19;325.0;3;325.0
1984-03-20;343.0;3;343.0
1984-03-21;324.0;3;324.0
1984-03-22;386.0;3;386.0
1984-03-23;404.0;3;404.0
1984-03-24;329.0;3;329.0
1984-03-25;361.0;3;361.0
1984-03-26;354.0;3;354.0
1984-03-27;333.0;3;333.0
1984-03-28;346.0;3;346.0
1984-03-29;347.0;3;347.0
1984-03-30;388.0;3;388.0
1984-03-31;407.0;3;407.0
1984-04-01;349.0;4;349.0
1984-04-02;528.0;4;528.0
1984-04-03;337.0;4;337.0
1984-04-04;296.0;4;296.0
1984-04-05;265.0;4;265.0
1984-04-06;284.0;4;284.0
1984-04-07;242.0;4;242.0
1984-04-08;296.0;4;296.0
1984-04-09;249.0;4;249.0
1984-04-10;416.0;4;416.0
1984-04-11;313.0;4;313.0
1984-04-12;273.0;4;273.0
1984-04-13;265.0;4;265.0
1984-04-14;259.0;4;259.0
1984-04-15;250.0;4;250.0
1984-04-16;271.0;4;271.0
1984-04-17;295.0;4;295.0
1984-04-18;308.0;4;308.0
1984-04-19;237.0;4;237.0
1984-04-20;231.0;4;231.0
1984-04-21;311.0;4;311.0
1984-04-22;266.0;4;266.0
1984-04-23;237.0;4;237.0
1984-04-24;258.0;4;258.0
1984-04-25;223.0;4;223.0
1984-04-26;210.0;4;210.0
1984-04-27;307.0;4;307.0
1984-04-28;351.0;4;351.0
1984-04-29;326.0;4;326.0
1984-04-30;504.0;4;504.0
1984-05-01;485.0;5;485.0
1984-05-02;515.0;5;515.0
1984-05-03;390.0;5;390.0
1984-05-04;503.0;5;503.0
1984-05-05;363.0;5;363.0
1984-05-06;260.0;5;260.0
1984-05-07;334.0;5;334.0
1984-05-08;472.0;5;472.0
1984-05-09;272.0;5;272.0
1984-05-10;482.0;5;482.0
1984-05-11;325.0;5;325.0
1984-05-12;454.0;5;454.0
1984-05-13;468.0;5;468.0
1984-05-14;387.0;5;387.0
1984-05-15;404.0;5;404.0
1984-05-16;305.0;5;305.0
1984-05-17;319.0;5;319.0
1984-05-18;318.0;5;318.0
1984-05-19;496.0;5;496.0
1984-05-20;425.0;5;425.0
1984-05-21;472.0;5;472.0
1984-05-22;400.0;5;400.0
1984-05-23;367.0;5;367.0
1984-05-24;482.0;5;482.0
1984-05-25;336.0;5;336.0
1984-05-26;373.0;5;373.0
1984-05-27;260.0;5;260.0
1984-05-28;237.0;5;237.0
1984-05-29;321.0;5;321.0
1984-05-30;237.0;5;237.0
1984-05-31;236.0;5;236.0
1984-06-01;341.0;6;341.0
1984-06-02;272.0;6;272.0
1984-06-03;281.0;6;281.0
1984-06-04;285.0;6;285.0
1984-06-05;276.0;6;276.0
1984-06-06;240.0;6;240.0
1984-06-07;233.0;6;233.0
1984-06-08;234.0;6;234.0
1984-06-09;226.0;6;226.0
1984-06-10;232.0;6;232.0
1984-06-11;237.0;6;237.0
1984-06-12;230.0;6;230.0
1984-06-13;224.0;6;224.0
1984-06-14;224.0;6;224.0
1984-06-15;222.0;6;222.0
1984-06-16;228.0;6;228.0
1984-06-17;229.0;6;229.0
1984-06-18;221.0;6;221.0
1984-06-19;228.0;6;228.0
1984-06-20;225.0;6;225.0
1984-06-21;233.0;6;233.0
1984-06-22;205.0;6;205.0
1984-06-23;229.0;6;229.0
1984-06-24;249.0;6;249.0
1984-06-25;243.0;6;243.0
1984-06-26;232.0;6;232.0
1984-06-27;238.0;6;238.0
1984-06-28;243.0;6;243.0
1984-06-29;237.0;6;237.0
1984-06-30;244.0;6;244.0
1984-07-01;237.0;7;237.0
1984-07-02;232.0;7;232.0
1984-07-03;237.0;7;237.0
1984-07-04;266.0;7;266.0
1984-07-05;253.0;7;253.0
1984-07-06;266.0;7;266.0
1984-07-07;287.0;7;287.0
1984-07-08;274.0;7;274.0
1984-07-09;515.0;7;515.0
1984-07-10;287.0;7;287.0
1984-07-11;278.0;7;278.0
1984-07-12;275.0;7;275.0
1984-07-13;281.0;7;281.0
1984-07-14;273.0;7;273.0
1984-07-15;252.0;7;252.0
1984-07-16;267.0;7;267.0
1984-07-17;277.0;7;277.0
1984-07-18;250.0;7;250.0
1984-07-19;222.0;7;222.0
1984-07-20;232.0;7;232.0
1984-07-21;286.0;7;286.0
1984-07-22;569.0;7;569.0
1984-07-23;377.0;7;377.0
1984-07-24;345.0;7;345.0
1984-07-25;328.0;7;328.0
1984-07-26;314.0;7;314.0
1984-07-27;387.0;7;387.0
1984-07-28;419.0;7;419.0
1984-07-29;395.0;7;395.0
1984-07-30;-999.000;7;237.0
1984-07-31;-999.000;7;251.0
1984-08-01;357.0;8;357.0
1984-08-02;408.0;8;408.0
1984-08-03;331.0;8;331.0
1984-08-04;291.0;8;291.0
1984-08-05;274.0;8;274.0
1984-08-06;267.0;8;267.0
1984-08-07;245.0;8;245.0
1984-08-08;234.0;8;234.0
1984-08-09;366.0;8;366.0
1984-08-10;279.0;8;279.0
1984-08-11;326.0;8;326.0
1984-08-12;410.0;8;410.0
1984-08-13;396.0;8;396.0
1984-08-14;355.0;8;355.0
1984-08-15;302.0;8;302.0
1984-08-16;290.0;8;290.0
1984-08-17;296.0;8;296.0
1984-08-18;279.0;8;279.0
1984-08-19;267.0;8;267.0
1984-08-20;260.0;8;260.0
1984-08-21;252.0;8;252.0
1984-08-22;252.0;8;252.0
1984-08-23;249.0;8;249.0
1984-08-24;257.0;8;257.0
1984-08-25;256.0;8;256.0
1984-08-26;257.0;8;257.0
1984-08-27;361.0;8;361.0
1984-08-28;377.0;8;377.0
1984-08-29;320.0;8;320.0
1984-08-30;296.0;8;296.0
1984-08-31;349.0;8;349.0
1984-09-01;316.0;9;316.0
1984-09-02;376.0;9;376.0
1984-09-03;151.0;9;151.0
1984-09-04;381.0;9;381.0
1984-09-05;132.0;9;132.0
1984-09-06;133.0;9;133.0
1984-09-07;134.0;9;134.0
1984-09-08;134.0;9;134.0
1984-09-09;109.0;9;109.0
1984-09-10;138.0;9;138.0
1984-09-11;220.0;9;220.0
1984-09-12;157.0;9;157.0
1984-09-13;161.0;9;161.0
1984-09-14;184.0;9;184.0
1984-09-15;177.0;9;177.0
1984-09-16;236.0;9;236.0
1984-09-17;368.0;9;368.0
1984-09-18;217.0;9;217.0
1984-09-19;167.0;9;167.0
1984-09-20;177.0;9;177.0
1984-09-21;150.0;9;150.0
1984-09-22;178.0;9;178.0
1984-09-23;205.0;9;205.0
1984-09-24;202.0;9;202.0
1984-09-25;190.0;9;190.0
1984-09-26;171.0;9;171.0
1984-09-27;220.0;9;220.0
1984-09-28;331.0;9;331.0
1984-09-29;261.0;9;261.0
1984-09-30;232.0;9;232.0
1984-10-01;226.0;10;226.0
1984-10-02;332.0;10;332.0
1984-10-03;224.0;10;224.0
1984-10-04;194.0;10;194.0
1984-10-05;172.0;10;172.0
1984-10-06;226.0;10;226.0
1984-10-07;214.0;10;214.0
1984-10-08;362.0;10;362.0
1984-10-09;297.0;10;297.0
1984-10-10;247.0;10;247.0
1984-10-11;234.0;10;234.0
1984-10-12;245.0;10;245.0
1984-10-13;296.0;10;296.0
1984-10-14;319.0;10;319.0
1984-10-15;295.0;10;295.0
1984-10-16;331.0;10;331.0
1984-10-17;395.0;10;395.0
1984-10-18;428.0;10;428.0
1984-10-19;302.0;10;302.0
1984-10-20;310.0;10;310.0
1984-10-21;339.0;10;339.0
1984-10-22;355.0;10;355.0
1984-10-23;273.0;10;273.0
1984-10-24;315.0;10;315.0
1984-10-25;395.0;10;395.0
1984-10-26;366.0;10;366.0
1984-10-27;394.0;10;394.0
1984-10-28;325.0;10;325.0
1984-10-29;300.0;10;300.0
1984-10-30;317.0;10;317.0
1984-10-31;378.0;10;378.0
1984-11-01;550.0;11;550.0
1984-11-02;367.0;11;367.0
1984-11-03;328.0;11;328.0
1984-11-04;362.0;11;362.0
1984-11-05;311.0;11;311.0
1984-11-06;320.0;11;320.0
1984-11-07;377.0;11;377.0
1984-11-08;312.0;11;312.0
1984-11-09;319.0;11;319.0
1984-11-10;368.0;11;368.0
1984-11-11;387.0;11;387.0
1984-11-12;332.0;11;332.0
1984-11-13;304.0;11;304.0
1984-11-14;306.0;11;306.0
1984-11-15;307.0;11;307.0
1984-11-16;339.0;11;339.0
1984-11-17;346.0;11;346.0
1984-11-18;399.0;11;399.0
1984-11-19;285.0;11;285.0
1984-11-20;296.0;11;296.0
1984-11-21;383.0;11;383.0
1984-11-22;370.0;11;370.0
1984-11-23;400.0;11;400.0
1984-11-24;436.0;11;436.0
1984-11-25;310.0;11;310.0
1984-11-26;312.0;11;312.0
1984-11-27;307.0;11;307.0
1984-11-28;300.0;11;300.0
1984-11-29;291.0;11;291.0
1984-11-30;287.0;11;287.0
1984-12-01;341.0;12;341.0
1984-12-02;298.0;12;298.0
1984-12-03;358.0;12;358.0
1984-12-04;360.0;12;360.0
1984-12-05;352.0;12;352.0
1984-12-06;494.0;12;494.0
1984-12-07;355.0;12;355.0
1984-12-08;335.0;12;335.0
1984-12-09;347.0;12;347.0
1984-12-10;320.0;12;320.0
1984-12-11;304.0;12;304.0
1984-12-12;331.0;12;331.0
1984-12-13;301.0;12;301.0
1984-12-14;299.0;12;299.0
1984-12-15;308.0;12;308.0
1984-12-16;276.0;12;276.0
1984-12-17;276.0;12;276.0
1984-12-18;248.0;12;248.0
1984-12-19;265.0;12;265.0
1984-12-20;250.0;12;250.0
1984-12-21;287.0;12;287.0
1984-12-22;276.0;12;276.0
1984-12-23;264.0;12;264.0
1984-12-24;289.0;12;289.0
1984-12-25;277.0;12;277.0
1984-12-26;247.0;12;247.0
1984-12-27;265.0;12;265.0
1984-12-28;250.0;12;250.0
1984-12-29;273.0;12;273.0
1984-12-30;389.0;12;389.0
1984-12-31;376.0;12;376.0
1985-01-01;-999.000;1;205.0
1985-01-02;-999.000;1;98.0
1985-01-03;-999.000;1;107.0
1985-01-04;-999.000;1;251.0
1985-01-05;-999.000;1;574.0
1985-01-06;-999.000;1;83.0
1985-01-07;-999.000;1;247.0
1985-01-08;-999.000;1;101.0
1985-01-09;-999.000;1;298.0
1985-01-10;-999.000;1;159.0
1985-01-11;-999.000;1;265.0
1985-01-12;-999.000;1;276.0
1985-01-13;-999.000;1;175.0
1985-01-14;-999.000;1;187.0
1985-01-15;-999.000;1;282.0
1985-01-16;-999.000;1;363.0
1985-01-17;-999.000;1;179.0
1985-01-18;-999.000;1;439.0
1985-01-19;-999.000;1;232.0
1985-01-20;-999.000;1;211.0
1985-01-21;-999.000;1;327.0
1985-01-22;-999.000;1;141.0
1985-01-23;-999.000;1;300.0
1985-01-24;-999.000;1;159.0
1985-01-25;-999.000;1;103.0
1985-01-26;-999.000;1;209.0
1985-01-27;-999.000;1;363.0
1985-01-28;-999.000;1;209.0
1985-01-29;-999.000;1;309.0
1985-01-30;-999.000;1;274.0
1985-01-31;-999.000;1;75.0
1985-02-01;-999.000;2;687.0
1985-02-02;-999.000;2;225.0
1985-02-03;-999.000;2;287.0
1985-02-04;-999.000;2;416.0
1985-02-05;-999.000;2;487.0
1985-02-06;-999.000;2;480.0
1985-02-07;-999.000;2;270.0
1985-02-08;-999.000;2;551.0
1985-02-09;-999.000;2;344.0
1985-02-10;-999.000;2;343.0
1985-02-11;-999.000;2;407.0
1985-02-12;-999.000;2;373.0
1985-02-13;-999.000;2;439.0
1985-02-14;-999.000;2;196.0
1985-02-15;-999.000;2;332.0
1985-02-16;-999.000;2;337.0
1985-02-17;-999.000;2;243.0
1985-02-18;-999.000;2;407.0
1985-02-19;-999.000;2;229.0
1985-02-20;-999.000;2;206.0
1985-02-21;-999.000;2;271.0
1985-02-22;-999.000;2;144.0
1985-02-23;-999.000;2;525.0
1985-02-24;-999.000;2;229.0
1985-02-25;-999.000;2;272.0
1985-02-26;-999.000;2;225.0
1985-02-27;-999.000;2;291.0
1985-02-28;-999.000;2;551.0
1985-03-01;-999.000;3;342.0
1985-03-02;-999.000;3;316.0
1985-03-03;-999.000;3;294.0
1985-03-04;-999.000;3;412.0
1985-03-05;-999.000;3;318.0
1985-03-06;-999.000;3;227.0
1985-03-07;-999.000;3;307.0
1985-03-08;-999.000;3;243.0
1985-03-09;-999.000;3;188.0
1985-03-10;-999.000;3;287.0
1985-03-11;-999.000;3;329.0
1985-03-12;-999.000;3;263.0
1985-03-13;-999.000;3;259.0
1985-03-14;-999.000;3;309.0
1985-03-15;-999.000;3;172.0
1985-03-16;-999.000;3;340.0
1985-03-17;-999.000;3;354.0
1985-03-18;-999.000;3;281.0
1985-03-19;-999.000;3;451.0
1985-03-20;-999.000;3;326.0
1985-03-21;-999.000;3;388.0
1985-03-22;-999.000;3;255.0
1985-03-23;-999.000;3;362.0
1985-03-24;-999.000;3;357.0
1985-03-25;-999.000;3;196.0
1985-03-26;-999.000;3;563.0
1985-03-27;-999.000;3;501.0
1985-03-28;-999.000;3;231.0
1985-03-29;-999.000;3;266.0
1985-03-30;-999.000;3;506.0
1985-03-31;-999.000;3;497.0
1985-04-01;-999.000;4;463.0
1985-04-02;-999.000;4;266.0
1985-04-03;-999.000;4;296.0
1985-04-04;-999.000;4;802.0
1985-04-05;-999.000;4;408.0
1985-04-06;-999.000;4;562.0
1985-04-07;-999.000;4;351.0
1985-04-08;-999.000;4;351.0
1985-04-09;-999.000;4;320.0
1985-04-10;-999.000;4;519.0
1985-04-11;-999.000;4;331.0
1985-04-12;-999.000;4;357.0
1985-04-13;-999.000;4;258.0
1985-04-14;-999.000;4;239.0
1985-04-15;-999.000;4;292.0
1985-04-16;-999.000;4;318.0
1985-04-17;-999.000;4;239.0
1985-04-18;-999.000;4;462.0
1985-04-19;-999.000;4;334.0
1985-04-20;-999.000;4;408.0
1985-04-21;-999.000;4;176.0
1985-04-22;-999.000;4;296.0
1985-04-23;-999.000;4;146.0
1985-04-24;-999.000;4;265.0
1985-04-25;-999.000;4;305.0
1985-04-26;-999.000;4;387.0
1985-04-27;-999.000;4;478.0
1985-04-28;-999.000;4;290.0
1985-04-29;-999.000;4;308.0
1985-04-30;-999.000;4;257.0
1985-05-01;-999.000;5;178.0
1985-05-02;-999.000;5;468.0
1985-05-03;-999.000;5;183.0
1985-05-04;-999.000;5;225.0
1985-05-05;-999.000;5;210.0
1985-05-06;-999.000;5;291.0
1985-05-07;-999.000;5;295.0
1985-05-08;-999.000;5;237.0
1985-05-09;-999.000;5;317.0
1985-05-10;-999.000;5;291.0
1985-05-11;-999.000;5;141.0
1985-05-12;-999.000;5;206.0
1985-05-13;-999.000;5;472.0
1985-05-14;-999.000;5;240.0
1985-05-15;-999.000;5;227.0
1985-05-16;-999.000;5;174.0
1985-05-17;-999.000;5;262.0
1985-05-18;-999.000;5;158.0
1985-05-19;-999.000;5;301.0
1985-05-20;-999.000;5;199.0
1985-05-21;-999.000;5;240.0
1985-05-22;-999.000;5;173.0
1985-05-23;-999.000;5;387.0
1985-05-24;-999.000;5;257.0
1985-05-25;-999.000;5;468.0
1985-05-26;-999.000;5;205.0
1985-05-27;-999.000;5;227.0
1985-05-28;-999.000;5;367.0
1985-05-29;-999.000;5;171.0
1985-05-30;-999.000;5;282.0
1985-05-31;-999.000;5;294.0
1985-06-01;-999.000;6;64.0
1985-06-02;-999.000;6;145.0
1985-06-03;-999.000;6;337.0
1985-06-04;-999.000;6;232.0
1985-06-05;-999.000;6;281.0
1985-06-06;-999.000;6;259.0
1985-06-07;-999.000;6;252.0
1985-06-08;-999.000;6;80.0
1985-06-09;-999.000;6;371.0
1985-06-10;-999.000;6;136.0
1985-06-11;-999.000;6;64.0
1985-06-12;-999.000;6;238.0
1985-06-13;-999.000;6;237.0
1985-06-14;-999.000;6;272.0
1985-06-15;-999.000;6;148.0
1985-06-16;-999.000;6;203.0
1985-06-17;-999.000;6;336.0
1985-06-18;-999.000;6;290.0
1985-06-19;-999.000;6;150.0
1985-06-20;-999.000;6;144.0
1985-06-21;-999.000;6;290.0
1985-06-22;-999.000;6;217.0
1985-06-23;-999.000;6;102.0
1985-06-24;-999.000;6;142.0
1985-06-25;-999.000;6;209.0
1985-06-26;-999.000;6;143.0
1985-06-27;-999.000;6;191.0
1985-06-28;-999.000;6;236.0
1985-06-29;-999.000;6;139.0
1985-06-30;-999.000;6;273.0
1985-07-01;-999.000;7;83.0
1985-07-02;-999.000;7;527.0
1985-07-03;-999.000;7;378.0
1985-07-04;-999.000;7;62.0
1985-07-05;-999.000;7;101.0
1985-07-06;-999.000;7;93.0
1985-07-07;-999.000;7;373.0
1985-07-08;-999.000;7;251.0
1985-07-09;-999.000;7;242.0
1985-07-10;-999.000;7;128.0
1985-07-11;-999.000;7;145.0
1985-07-12;-999.000;7;62.0
1985-07-13;-999.000;7;252.0
1985-07-14;-999.000;7;289.0
1985-07-15;-999.000;7;375.0
1985-07-16;-999.000;7;63.0
1985-07-17;-999.000;7;433.0
1985-07-18;-999.000;7;376.0
1985-07-19;-999.000;7;84.0
1985-07-20;-999.000;7;337.0
1985-07-21;-999.000;7;200.0
1985-07-22;-999.000;7;132.0
1985-07-23;-999.000;7;428.0
1985-07-24;-999.000;7;128.0
1985-07-25;-999.000;7;72.0
1985-07-26;-999.000;7;458.0
1985-07-27;-999.000;7;248.0
1985-07-28;-999.000;7;102.0
1985-07-29;-999.000;7;281.0
1985-07-30;-999.000;7;278.0
1985-07-31;-999.000;7;122.0
1985-08-01;-999.000;8;84.0
1985-08-02;-999.000;8;408.0
1985-08-03;-999.000;8;303.0
1985-08-04;-999.000;8;329.0
1985-08-05;-999.000;8;272.0
1985-08-06;-999.000;8;485.0
1985-08-07;-999.000;8;329.0
1985-08-08;-999.000;8;472.0
1985-08-09;-999.000;8;248.0
1985-08-10;-999.000;8;188.0
1985-08-11;-999.000;8;409.0
1985-08-12;-999.000;8;309.0
1985-08-13;-999.000;8;335.0
1985-08-14;-999.000;8;334.0
1985-08-15;-999.000;8;334.0
1985-08-16;-999.000;8;104.0
1985-08-17;-999.000;8;522.0
1985-08-18;-999.000;8;124.0
1985-08-19;-999.000;8;84.0
1985-08-20;-999.000;8;113.0
1985-08-21;-999.000;8;84.0
1985-08-22;-999.000;8;316.0
1985-08-23;-999.000;8;634.0
1985-08-24;-999.000;8;195.0
1985-08-25;-999.000;8;277.0
1985-08-26;-999.000;8;183.0
1985-08-27;-999.000;8;84.0
1985-08-28;-999.000;8;245.0
1985-08-29;-999.000;8;448.0
1985-08-30;-999.000;8;232.0
1985-08-31;-999.000;8;267.0
1985-09-01;-999.000;9;203.0
1985-09-02;-999.000;9;419.0
1985-09-03;-999.000;9;454.0
1985-09-04;-999.000;9;178.0
1985-09-05;-999.000;9;404.0
1985-09-06;-999.000;9;420.0
1985-09-07;-999.000;9;97.0
1985-09-08;-999.000;9;264.0
1985-09-09;-999.000;9;519.0
1985-09-10;-999.000;9;339.0
1985-09-11;-999.000;9;151.0
1985-09-12;-999.000;9;264.0
1985-09-13;-999.000;9;156.0
1985-09-14;-999.000;9;309.0
1985-09-15;-999.000;9;278.0
1985-09-16;-999.000;9;246.0
1985-09-17;-999.000;9;315.0
1985-09-18;-999.000;9;418.0
1985-09-19;-999.000;9;576.0
1985-09-20;-999.000;9;235.0
1985-09-21;-999.000;9;357.0
1985-09-22;-999.000;9;205.0
1985-09-23;-999.000;9;519.0
1985-09-24;-999.000;9;448.0
1985-09-25;-999.000;9;390.0
1985-09-26;-999.000;9;412.0
1985-09-27;-999.000;9;456.0
1985-09-28;-999.000;9;89.0
1985-09-29;-999.000;9;376.0
1985-09-30;-999.000;9;214.0
1985-10-01;-999.000;10;379.0
1985-10-02;-999.000;10;236.0
1985-10-03;-999.000;10;373.0
1985-10-04;-999.000;10;337.0
1985-10-05;-999.000;10;360.0
1985-10-06;-999.000;10;570.0
1985-10-07;-999.000;10;546.0
1985-10-08;-999.000;10;321.0
1985-10-09;-999.000;10;278.0
1985-10-10;-999.000;10;226.0
1985-10-11;-999.000;10;621.0
1985-10-12;-999.000;10;401.0
1985-10-13;-999.000;10;767.0
1985-10-14;-999.000;10;223.0
1985-10-15;-999.000;10;331.0
1985-10-16;-999.000;10;371.0
1985-10-17;-999.000;10;284.0
1985-10-18;-999.000;10;238.0
1985-10-19;-999.000;10;347.0
1985-10-20;-999.000;10;288.0
1985-10-21;-999.000;10;299.0
1985-10-22;-999.000;10;219.0
1985-10-23;-999.000;10;208.0
1985-10-24;-999.000;10;296.0
1985-10-25;-999.000;10;256.0
1985-10-26;-999.000;10;373.0
1985-10-27;-999.000;10;278.0
1985-10-28;-999.000;10;208.0
1985-10-29;-999.000;10;298.0
1985-10-30;-999.000;10;273.0
1985-10-31;-999.000;10;256.0
1985-11-01;-999.000;11;136.0
1985-11-02;-999.000;11;333.0
1985-11-03;-999.000;11;313.0
1985-11-04;-999.000;11;219.0
1985-11-05;-999.000;11;180.0
1985-11-06;-999.000;11;321.0
1985-11-07;-999.000;11;275.0
1985-11-08;-999.000;11;898.0
1985-11-09;-999.000;11;296.0
1985-11-10;-999.000;11;274.0
1985-11-11;-999.000;11;431.0
1985-11-12;-999.000;11;200.0
1985-11-13;-999.000;11;376.0
1985-11-14;-999.000;11;160.0
1985-11-15;-999.000;11;243.0
1985-11-16;-999.000;11;311.0
1985-11-17;-999.000;11;274.0
1985-11-18;-999.000;11;194.0
1985-11-19;-999.000;11;366.0
1985-11-20;-999.000;11;235.0
1985-11-21;-999.000;11;162.0
1985-11-22;-999.000;11;387.0
1985-11-23;-999.000;11;321.0
1985-11-24;-999.000;11;243.0
1985-11-25;-999.000;11;310.0
1985-11-26;-999.000;11;321.0
1985-11-27;-999.000;11;182.0
1985-11-28;-999.000;11;313.0
1985-11-29;-999.000;11;242.0
1985-11-30;-999.000;11;166.0
1985-12-01;-999.000;12;384.0
1985-12-02;-999.000;12;606.0
1985-12-03;-999.000;12;95.0
1985-12-04;-999.000;12;347.0
1985-12-05;-999.000;12;157.0
1985-12-06;-999.000;12;256.0
1985-12-07;-999.000;12;202.0
1985-12-08;-999.000;12;119.0
1985-12-09;-999.000;12;340.0
1985-12-10;-999.000;12;193.0
1985-12-11;-999.000;12;119.0
1985-12-12;-999.000;12;126.0
1985-12-13;-999.000;12;127.0
1985-12-14;-999.000;12;128.0
1985-12-15;-999.000;12;179.0
1985-12-16;-999.000;12;161.0
1985-12-17;-999.000;12;376.0
1985-12-18;-999.000;12;118.0
1985-12-19;-999.000;12;202.0
1985-12-20;-999.000;12;122.0
1985-12-21;-999.000;12;335.0
1985-12-22;-999.000;12;191.0
1985-12-23;-999.000;12;474.0
1985-12-24;-999.000;12;252.0
1985-12-25;-999.000;12;127.0
1985-12-26;-999.000;12;218.0
1985-12-27;-999.000;12;151.0
1985-12-28;-999.000;12;214.0
1985-12-29;-999.000;12;360.0
1985-12-30;-999.000;12;107.0
1985-12-31;-999.000;12;384.0
1986-01-01;-999.000;1;83.0
1986-01-02;-999.000;1;126.0
1986-01-03;-999.000;1;285.0
1986-01-04;-999.000;1;345.0
1986-01-05;-999.000;1;254.0
1986-01-06;-999.000;1;185.0
1986-01-07;-999.000;1;163.0
1986-01-08;-999.000;1;159.0
1986-01-09;-999.000;1;195.0
1986-01-10;-999.000;1;153.0
1986-01-11;-999.000;1;285.0
1986-01-12;-999.000;1;140.0
1986-01-13;-999.000;1;112.0
1986-01-14;282.0;1;282.0
1986-01-15;270.0;1;270.0
1986-01-16;277.0;1;277.0
1986-01-17;259.0;1;259.0
1986-01-18;285.0;1;285.0
1986-01-19;267.0;1;267.0
1986-01-20;423.0;1;423.0
1986-01-21;305.0;1;305.0
1986-01-22;307.0;1;307.0
1986-01-23;289.0;1;289.0
1986-01-24;288.0;1;288.0
1986-01-25;405.0;1;405.0
1986-01-26;285.0;1;285.0
1986-01-27;275.0;1;275.0
1986-01-28;285.0;1;285.0
1986-01-29;274.0;1;274.0
1986-01-30;258.0;1;258.0
1986-01-31;301.0;1;301.0
1986-02-01;334.0;2;334.0
1986-02-02;260.0;2;260.0
1986-02-03;329.0;2;329.0
1986-02-04;284.0;2;284.0
1986-02-05;291.0;2;291.0
1986-02-06;314.0;2;314.0
1986-02-07;478.0;2;478.0
1986-02-08;395.0;2;395.0
1986-02-09;444.0;2;444.0
1986-02-10;452.0;2;452.0
1986-02-11;397.0;2;397.0
1986-02-12;371.0;2;371.0
1986-02-13;416.0;2;416.0
1986-02-14;370.0;2;370.0
1986-02-15;337.0;2;337.0
1986-02-16;322.0;2;322.0
1986-02-17;364.0;2;364.0
1986-02-18;390.0;2;390.0
1986-02-19;435.0;2;435.0
1986-02-20;336.0;2;336.0
1986-02-21;304.0;2;304.0
1986-02-22;313.0;2;313.0
1986-02-23;326.0;2;326.0
1986-02-24;321.0;2;321.0
1986-02-25;285.0;2;285.0
1986-02-26;339.0;2;339.0
1986-02-27;301.0;2;301.0
1986-02-28;301.0;2;301.0
1986-03-01;327.0;3;327.0
1986-03-02;317.0;3;317.0
1986-03-03;300.0;3;300.0
1986-03-04;312.0;3;312.0
1986-03-05;296.0;3;296.0
1986-03-06;329.0;3;329.0
1986-03-07;403.0;3;403.0
1986-03-08;412.0;3;412.0
1986-03-09;369.0;3;369.0
1986-03-10;362.0;3;362.0
1986-03-11;316.0;3;316.0
1986-03-12;321.0;3;321.0
1986-03-13;330.0;3;330.0
1986-03-14;457.0;3;457.0
1986-03-15;432.0;3;432.0
1986-03-16;449.0;3;449.0
1986-03-17;446.0;3;446.0
1986-03-18;444.0;3;444.0
1986-03-19;471.0;3;471.0
1986-03-20;419.0;3;419.0
1986-03-21;451.0;3;451.0
1986-03-22;451.0;3;451.0
1986-03-23;506.0;3;506.0
1986-03-24;422.0;3;422.0
1986-03-25;470.0;3;470.0
1986-03-26;551.0;3;551.0
1986-03-27;488.0;3;488.0
1986-03-28;563.0;3;563.0
1986-03-29;729.0;3;729.0
1986-03-30;572.0;3;572.0
1986-03-31;519.0;3;519.0
1986-04-01;534.0;4;534.0
1986-04-02;497.0;4;497.0
1986-04-03;478.0;4;478.0
1986-04-04;463.0;4;463.0
1986-04-05;565.0;4;565.0
1986-04-06;802.0;4;802.0
1986-04-07;646.0;4;646.0
1986-04-08;532.0;4;532.0
1986-04-09;461.0;4;461.0
1986-04-10;428.0;4;428.0
1986-04-11;420.0;4;420.0
1986-04-12;707.0;4;707.0
1986-04-13;519.0;4;519.0
1986-04-14;500.0;4;500.0
1986-04-15;439.0;4;439.0
1986-04-16;408.0;4;408.0
1986-04-17;427.0;4;427.0
1986-04-18;400.0;4;400.0
1986-04-19;443.0;4;443.0
1986-04-20;454.0;4;454.0
1986-04-21;374.0;4;374.0
1986-04-22;371.0;4;371.0
1986-04-23;455.0;4;455.0
1986-04-24;470.0;4;470.0
1986-04-25;421.0;4;421.0
1986-04-26;462.0;4;462.0
1986-04-27;461.0;4;461.0
1986-04-28;562.0;4;562.0
1986-04-29;507.0;4;507.0
1986-04-30;593.0;4;593.0
1986-05-01;516.0;5;516.0
1986-05-02;416.0;5;416.0
1986-05-03;388.0;5;388.0
1986-05-04;360.0;5;360.0
1986-05-05;330.0;5;330.0
1986-05-06;317.0;5;317.0
1986-05-07;309.0;5;309.0
1986-05-08;389.0;5;389.0
1986-05-09;489.0;5;489.0
1986-05-10;354.0;5;354.0
1986-05-11;300.0;5;300.0
1986-05-12;282.0;5;282.0
1986-05-13;325.0;5;325.0
1986-05-14;282.0;5;282.0
1986-05-15;273.0;5;273.0
1986-05-16;377.0;5;377.0
1986-05-17;533.0;5;533.0
1986-05-18;328.0;5;328.0
1986-05-19;496.0;5;496.0
1986-05-20;304.0;5;304.0
1986-05-21;293.0;5;293.0
1986-05-22;291.0;5;291.0
1986-05-23;308.0;5;308.0
1986-05-24;261.0;5;261.0
1986-05-25;240.0;5;240.0
1986-05-26;235.0;5;235.0
1986-05-27;225.0;5;225.0
1986-05-28;211.0;5;211.0
1986-05-29;199.0;5;199.0
1986-05-30;201.0;5;201.0
1986-05-31;288.0;5;288.0
1986-06-01;-999.000;6;187.0
1986-06-02;-999.000;6;115.0
1986-06-03;-999.000;6;273.0
1986-06-04;-999.000;6;246.0
1986-06-05;-999.000;6;96.0
1986-06-06;132.0;6;132.0
1986-06-07;132.0;6;132.0
1986-06-08;100.0;6;100.0
1986-06-09;150.0;6;150.0
1986-06-10;115.0;6;115.0
1986-06-11;80.0;6;80.0
1986-06-12;162.0;6;162.0
1986-06-13;195.0;6;195.0
1986-06-14;150.0;6;150.0
1986-06-15;115.0;6;115.0
1986-06-16;171.0;6;171.0
1986-06-17;179.0;6;179.0
1986-06-18;174.0;6;174.0
1986-06-19;179.0;6;179.0
1986-06-20;132.0;6;132.0
1986-06-21;159.0;6;159.0
1986-06-22;103.0;6;103.0
1986-06-23;127.0;6;127.0
1986-06-24;132.0;6;132.0
1986-06-25;96.0;6;96.0
1986-06-26;87.0;6;87.0
1986-06-27;83.0;6;83.0
1986-06-28;80.0;6;80.0
1986-06-29;-999.000;6;138.0
1986-06-30;-999.000;6;195.0
1986-07-01;74.0;7;74.0
1986-07-02;93.0;7;93.0
1986-07-03;87.0;7;87.0
1986-07-04;87.0;7;87.0
1986-07-05;83.0;7;83.0
1986-07-06;83.0;7;83.0
1986-07-07;83.0;7;83.0
1986-07-08;77.0;7;77.0
1986-07-09;74.0;7;74.0
1986-07-10;85.0;7;85.0
1986-07-11;77.0;7;77.0
1986-07-12;93.0;7;93.0
1986-07-13;87.0;7;87.0
1986-07-14;93.0;7;93.0
1986-07-15;93.0;7;93.0
1986-07-16;128.0;7;128.0
1986-07-17;93.0;7;93.0
1986-07-18;84.0;7;84.0
1986-07-19;79.0;7;79.0
1986-07-20;72.0;7;72.0
1986-07-21;103.0;7;103.0
1986-07-22;79.0;7;79.0
1986-07-23;69.0;7;69.0
1986-07-24;69.0;7;69.0
1986-07-25;65.0;7;65.0
1986-07-26;66.0;7;66.0
1986-07-27;71.0;7;71.0
1986-07-28;81.0;7;81.0
1986-07-29;90.0;7;90.0
1986-07-30;112.0;7;112.0
1986-07-31;145.0;7;145.0
1986-08-01;113.0;8;113.0
1986-08-02;247.0;8;247.0
1986-08-03;124.0;8;124.0
1986-08-04;109.0;8;109.0
1986-08-05;257.0;8;257.0
1986-08-06;123.0;8;123.0
1986-08-07;347.0;8;347.0
1986-08-08;232.0;8;232.0
1986-08-09;157.0;8;157.0
1986-08-10;341.0;8;341.0
1986-08-11;225.0;8;225.0
1986-08-12;259.0;8;259.0
1986-08-13;166.0;8;166.0
1986-08-14;190.0;8;190.0
1986-08-15;156.0;8;156.0
1986-08-16;232.0;8;232.0
1986-08-17;477.0;8;477.0
1986-08-18;272.0;8;272.0
1986-08-19;634.0;8;634.0
1986-08-20;501.0;8;501.0
1986-08-21;342.0;8;342.0
1986-08-22;309.0;8;309.0
1986-08-23;266.0;8;266.0
1986-08-24;228.0;8;228.0
1986-08-25;409.0;8;409.0
1986-08-26;261.0;8;261.0
1986-08-27;282.0;8;282.0
1986-08-28;211.0;8;211.0
1986-08-29;273.0;8;273.0
1986-08-30;-999.000;8;217.0
1986-08-31;-999.000;8;325.0
1986-09-01;348.0;9;348.0
1986-09-02;309.0;9;309.0
1986-09-03;281.0;9;281.0
1986-09-04;454.0;9;454.0
1986-09-05;305.0;9;305.0
1986-09-06;419.0;9;419.0
1986-09-07;411.0;9;411.0
1986-09-08;455.0;9;455.0
1986-09-09;360.0;9;360.0
1986-09-10;388.0;9;388.0
1986-09-11;315.0;9;315.0
1986-09-12;385.0;9;385.0
1986-09-13;349.0;9;349.0
1986-09-14;290.0;9;290.0
1986-09-15;284.0;9;284.0
1986-09-16;209.0;9;209.0
1986-09-17;284.0;9;284.0
1986-09-18;237.0;9;237.0
1986-09-19;293.0;9;293.0
1986-09-20;246.0;9;246.0
1986-09-21;226.0;9;226.0
1986-09-22;300.0;9;300.0
1986-09-23;301.0;9;301.0
1986-09-24;243.0;9;243.0
1986-09-25;322.0;9;322.0
1986-09-26;355.0;9;355.0
1986-09-27;474.0;9;474.0
1986-09-28;315.0;9;315.0
1986-09-29;268.0;9;268.0
1986-09-30;245.0;9;245.0
1986-10-01;281.0;10;281.0
1986-10-02;248.0;10;248.0
1986-10-03;262.0;10;262.0
1986-10-04;401.0;10;401.0
1986-10-05;338.0;10;338.0
1986-10-06;288.0;10;288.0
1986-10-07;337.0;10;337.0
1986-10-08;323.0;10;323.0
1986-10-09;285.0;10;285.0
1986-10-10;255.0;10;255.0
1986-10-11;460.0;10;460.0
1986-10-12;362.0;10;362.0
1986-10-13;322.0;10;322.0
1986-10-14;475.0;10;475.0
1986-10-15;317.0;10;317.0
1986-10-16;296.0;10;296.0
1986-10-17;293.0;10;293.0
1986-10-18;303.0;10;303.0
1986-10-19;250.0;10;250.0
1986-10-20;236.0;10;236.0
1986-10-21;241.0;10;241.0
1986-10-22;321.0;10;321.0
1986-10-23;302.0;10;302.0
1986-10-24;330.0;10;330.0
1986-10-25;298.0;10;298.0
1986-10-26;375.0;10;375.0
1986-10-27;484.0;10;484.0
1986-10-28;297.0;10;297.0
1986-10-29;468.0;10;468.0
1986-10-30;356.0;10;356.0
1986-10-31;-999.000;10;283.0
1986-11-01;309.0;11;309.0
1986-11-02;262.0;11;262.0
1986-11-03;274.0;11;274.0
1986-11-04;-999.000;11;400.0
1986-11-05;-999.000;11;186.0
1986-11-06;-999.000;11;321.0
1986-11-07;270.0;11;270.0
1986-11-08;218.0;11;218.0
1986-11-09;219.0;11;219.0
1986-11-10;230.0;11;230.0
1986-11-11;217.0;11;217.0
1986-11-12;211.0;11;211.0
1986-11-13;186.0;11;186.0
1986-11-14;180.0;11;180.0
1986-11-15;180.0;11;180.0
1986-11-16;256.0;11;256.0
1986-11-17;261.0;11;261.0
1986-11-18;291.0;11;291.0
1986-11-19;200.0;11;200.0
1986-11-20;196.0;11;196.0
1986-11-21;198.0;11;198.0
1986-11-22;215.0;11;215.0
1986-11-23;174.0;11;174.0
1986-11-24;162.0;11;162.0
1986-11-25;156.0;11;156.0
1986-11-26;143.0;11;143.0
1986-11-27;145.0;11;145.0
1986-11-28;140.0;11;140.0
1986-11-29;132.0;11;132.0
1986-11-30;141.0;11;141.0
1986-12-01;156.0;12;156.0
1986-12-02;126.0;12;126.0
1986-12-03;95.0;12;95.0
1986-12-04;128.0;12;128.0
1986-12-05;116.0;12;116.0
1986-12-06;112.0;12;112.0
1986-12-07;107.0;12;107.0
1986-12-08;102.0;12;102.0
1986-12-09;101.0;12;101.0
1986-12-10;95.0;12;95.0
1986-12-11;148.0;12;148.0
1986-12-12;161.0;12;161.0
1986-12-13;155.0;12;155.0
1986-12-14;114.0;12;114.0
1986-12-15;114.0;12;114.0
1986-12-16;155.0;12;155.0
1986-12-17;221.0;12;221.0
1986-12-18;257.0;12;257.0
1986-12-19;155.0;12;155.0
1986-12-20;146.0;12;146.0
1986-12-21;126.0;12;126.0
1986-12-22;115.0;12;115.0
1986-12-23;205.0;12;205.0
1986-12-24;179.0;12;179.0
1986-12-25;172.0;12;172.0
1986-12-26;149.0;12;149.0
1986-12-27;137.0;12;137.0
1986-12-28;131.0;12;131.0
1986-12-29;161.0;12;161.0
1986-12-30;154.0;12;154.0
1986-12-31;177.0;12;177.0
1987-01-01;179.0;1;179.0
1987-01-02;244.0;1;244.0
1987-01-03;184.0;1;184.0
1987-01-04;207.0;1;207.0
1987-01-05;159.0;1;159.0
1987-01-06;141.0;1;141.0
1987-01-07;130.0;1;130.0
1987-01-08;126.0;1;126.0
1987-01-09;122.0;1;122.0
1987-01-10;117.0;1;117.0
1987-01-11;133.0;1;133.0
1987-01-12;157.0;1;157.0
1987-01-13;-999.000;1;88.0
1987-01-14;-999.000;1;257.0
1987-01-15;176.0;1;176.0
1987-01-16;154.0;1;154.0
1987-01-17;126.0;1;126.0
1987-01-18;155.0;1;155.0
1987-01-19;149.0;1;149.0
1987-01-20;221.0;1;221.0
1987-01-21;252.0;1;252.0
1987-01-22;209.0;1;209.0
1987-01-23;186.0;1;186.0
1987-01-24;166.0;1;166.0
1987-01-25;222.0;1;222.0
1987-01-26;187.0;1;187.0
1987-01-27;232.0;1;232.0
1987-01-28;182.0;1;182.0
1987-01-29;153.0;1;153.0
1987-01-30;184.0;1;184.0
1987-01-31;-999.000;1;282.0
1987-02-01;344.0;2;344.0
1987-02-02;255.0;2;255.0
1987-02-03;213.0;2;213.0
1987-02-04;233.0;2;233.0
1987-02-05;307.0;2;307.0
1987-02-06;254.0;2;254.0
1987-02-07;418.0;2;418.0
1987-02-08;260.0;2;260.0
1987-02-09;-999.000;2;687.0
1987-02-10;508.0;2;508.0
1987-02-11;408.0;2;408.0
1987-02-12;284.0;2;284.0
1987-02-13;291.0;2;291.0
1987-02-14;389.0;2;389.0
1987-02-15;586.0;2;586.0
1987-02-16;396.0;2;396.0
1987-02-17;360.0;2;360.0
1987-02-18;482.0;2;482.0
1987-02-19;553.0;2;553.0
1987-02-20;551.0;2;551.0
1987-02-21;454.0;2;454.0
1987-02-22;407.0;2;407.0
1987-02-23;348.0;2;348.0
1987-02-24;397.0;2;397.0
1987-02-25;439.0;2;439.0
1987-02-26;440.0;2;440.0
1987-02-27;606.0;2;606.0
1987-02-28;482.0;2;482.0
1987-03-01;-999.000;3;237.0
1987-03-02;-999.000;3;229.0
1987-03-03;-999.000;3;353.0
1987-03-04;-999.000;3;332.0
1987-03-05;-999.000;3;200.0
1987-03-06;-999.000;3;703.0
1987-03-07;-999.000;3;194.0
1987-03-08;-999.000;3;388.0
1987-03-09;-999.000;3;257.0
1987-03-10;-999.000;3;412.0
1987-03-11;-999.000;3;343.0
1987-03-12;-999.000;3;323.0
1987-03-13;-999.000;3;205.0
1987-03-14;-999.000;3;202.0
1987-03-15;-999.000;3;348.0
1987-03-16;-999.000;3;237.0
1987-03-17;-999.000;3;265.0
1987-03-18;-999.000;3;218.0
1987-03-19;-999.000;3;204.0
1987-03-20;-999.000;3;312.0
1987-03-21;-999.000;3;232.0
1987-03-22;-999.000;3;199.0
1987-03-23;-999.000;3;225.0
1987-03-24;395.0;3;395.0
1987-03-25;339.0;3;339.0
1987-03-26;307.0;3;307.0
1987-03-27;294.0;3;294.0
1987-03-28;296.0;3;296.0
1987-03-29;290.0;3;290.0
1987-03-30;268.0;3;268.0
1987-03-31;-999.000;3;407.0
1987-04-01;416.0;4;416.0
1987-04-02;297.0;4;297.0
1987-04-03;303.0;4;303.0
1987-04-04;272.0;4;272.0
1987-04-05;257.0;4;257.0
1987-04-06;298.0;4;298.0
1987-04-07;268.0;4;268.0
1987-04-08;258.0;4;258.0
1987-04-09;271.0;4;271.0
1987-04-10;230.0;4;230.0
1987-04-11;206.0;4;206.0
1987-04-12;195.0;4;195.0
1987-04-13;188.0;4;188.0
1987-04-14;290.0;4;290.0
1987-04-15;227.0;4;227.0
1987-04-16;203.0;4;203.0
1987-04-17;204.0;4;204.0
1987-04-18;168.0;4;168.0
1987-04-19;176.0;4;176.0
1987-04-20;211.0;4;211.0
1987-04-21;207.0;4;207.0
1987-04-22;202.0;4;202.0
1987-04-23;200.0;4;200.0
1987-04-24;171.0;4;171.0
1987-04-25;153.0;4;153.0
1987-04-26;144.0;4;144.0
1987-04-27;157.0;4;157.0
1987-04-28;172.0;4;172.0
1987-04-29;149.0;4;149.0
1987-04-30;125.0;4;125.0
1987-05-01;141.0;5;141.0
1987-05-02;141.0;5;141.0
1987-05-03;127.0;5;127.0
1987-05-04;119.0;5;119.0
1987-05-05;188.0;5;188.0
1987-05-06;127.0;5;127.0
1987-05-07;119.0;5;119.0
1987-05-08;115.0;5;115.0
1987-05-09;107.0;5;107.0
1987-05-10;103.0;5;103.0
1987-05-11;114.0;5;114.0
1987-05-12;107.0;5;107.0
1987-05-13;101.0;5;101.0
1987-05-14;106.0;5;106.0
1987-05-15;93.0;5;93.0
1987-05-16;87.0;5;87.0
1987-05-17;87.0;5;87.0
1987-05-18;87.0;5;87.0
1987-05-19;211.0;5;211.0
1987-05-20;116.0;5;116.0
1987-05-21;234.0;5;234.0
1987-05-22;123.0;5;123.0
1987-05-23;161.0;5;161.0
1987-05-24;-999.000;5;303.0
1987-05-25;-999.000;5;185.0
1987-05-26;-999.000;5;201.0
1987-05-27;-999.000;5;189.0
1987-05-28;-999.000;5;240.0
1987-05-29;-999.000;5;225.0
1987-05-30;-999.000;5;185.0
1987-05-31;-999.000;5;330.0
1987-06-01;-999.000;6;206.0
1987-06-02;-999.000;6;149.0
1987-06-03;-999.000;6;142.0
1987-06-04;-999.000;6;203.0
1987-06-05;-999.000;6;140.0
1987-06-06;-999.000;6;224.0
1987-06-07;-999.000;6;325.0
1987-06-08;-999.000;6;80.0
1987-06-09;-999.000;6;64.0
1987-06-10;-999.000;6;307.0
1987-06-11;-999.000;6;190.0
1987-06-12;-999.000;6;171.0
1987-06-13;-999.000;6;190.0
1987-06-14;-999.000;6;254.0
1987-06-15;-999.000;6;64.0
1987-06-16;-999.000;6;340.0
1987-06-17;-999.000;6;136.0
1987-06-18;-999.000;6;295.0
1987-06-19;-999.000;6;81.0
1987-06-20;-999.000;6;332.0
1987-06-21;-999.000;6;115.0
1987-06-22;-999.000;6;140.0
1987-06-23;-999.000;6;132.0
1987-06-24;-999.000;6;547.0
1987-06-25;-999.000;6;259.0
1987-06-26;-999.000;6;154.0
1987-06-27;-999.000;6;390.0
1987-06-28;68.0;6;68.0
1987-06-29;64.0;6;64.0
1987-06-30;64.0;6;64.0
1987-07-01;62.0;7;62.0
1987-07-02;57.0;7;57.0
1987-07-03;72.0;7;72.0
1987-07-04;61.0;7;61.0
1987-07-05;63.0;7;63.0
1987-07-06;102.0;7;102.0
1987-07-07;216.0;7;216.0
1987-07-08;277.0;7;277.0
1987-07-09;206.0;7;206.0
1987-07-10;-999.000;7;375.0
1987-07-11;-999.000;7;465.0
1987-07-12;-999.000;7;274.0
1987-07-13;-999.000;7;110.0
1987-07-14;-999.000;7;278.0
1987-07-15;-999.000;7;121.0
1987-07-16;-999.000;7;343.0
1987-07-17;-999.000;7;461.0
1987-07-18;-999.000;7;373.0
1987-07-19;-999.000;7;94.0
1987-07-20;-999.000;7;61.0
1987-07-21;-999.000;7;87.0
1987-07-22;-999.000;7;364.0
1987-07-23;-999.000;7;102.0
1987-07-24;-999.000;7;110.0
1987-07-25;-999.000;7;121.0
1987-07-26;-999.000;7;306.0
1987-07-27;-999.000;7;200.0
1987-07-28;-999.000;7;83.0
1987-07-29;-999.000;7;87.0
1987-07-30;-999.000;7;83.0
1987-07-31;-999.000;7;236.0
1987-08-01;-999.000;8;84.0
1987-08-02;-999.000;8;84.0
1987-08-03;-999.000;8;212.0
1987-08-04;-999.000;8;90.0
1987-08-05;-999.000;8;418.0
1987-08-06;-999.000;8;206.0
1987-08-07;-999.000;8;256.0
1987-08-08;-999.000;8;245.0
1987-08-09;-999.000;8;88.0
1987-08-10;257.0;8;257.0
1987-08-11;274.0;8;274.0
1987-08-12;289.0;8;289.0
1987-08-13;215.0;8;215.0
1987-08-14;389.0;8;389.0
1987-08-15;368.0;8;368.0
1987-08-16;481.0;8;481.0
1987-08-17;481.0;8;481.0
1987-08-18;357.0;8;357.0
1987-08-19;250.0;8;250.0
1987-08-20;277.0;8;277.0
1987-08-21;288.0;8;288.0
1987-08-22;369.0;8;369.0
1987-08-23;368.0;8;368.0
1987-08-24;292.0;8;292.0
1987-08-25;270.0;8;270.0
1987-08-26;299.0;8;299.0
1987-08-27;238.0;8;238.0
1987-08-28;217.0;8;217.0
1987-08-29;215.0;8;215.0
1987-08-30;183.0;8;183.0
1987-08-31;187.0;8;187.0
1987-09-01;203.0;9;203.0
1987-09-02;202.0;9;202.0
1987-09-03;195.0;9;195.0
1987-09-04;321.0;9;321.0
1987-09-05;282.0;9;282.0
1987-09-06;257.0;9;257.0
1987-09-07;224.0;9;224.0
1987-09-08;246.0;9;246.0
1987-09-09;235.0;9;235.0
1987-09-10;181.0;9;181.0
1987-09-11;180.0;9;180.0
1987-09-12;173.0;9;173.0
1987-09-13;156.0;9;156.0
1987-09-14;357.0;9;357.0
1987-09-15;194.0;9;194.0
1987-09-16;166.0;9;166.0
1987-09-17;176.0;9;176.0
1987-09-18;154.0;9;154.0
1987-09-19;157.0;9;157.0
1987-09-20;214.0;9;214.0
1987-09-21;149.0;9;149.0
1987-09-22;132.0;9;132.0
1987-09-23;214.0;9;214.0
1987-09-24;-999.000;9;177.0
1987-09-25;-999.000;9;331.0
1987-09-26;-999.000;9;90.0
1987-09-27;-999.000;9;419.0
1987-09-28;-999.000;9;220.0
1987-09-29;-999.000;9;217.0
1987-09-30;-999.000;9;214.0
1987-10-01;-999.000;10;312.0
1987-10-02;-999.000;10;225.0
1987-10-03;-999.000;10;229.0
1987-10-04;-999.000;10;373.0
1987-10-05;197.0;10;197.0
1987-10-06;168.0;10;168.0
1987-10-07;223.0;10;223.0
1987-10-08;292.0;10;292.0
1987-10-09;182.0;10;182.0
1987-10-10;178.0;10;178.0
1987-10-11;183.0;10;183.0
1987-10-12;158.0;10;158.0
1987-10-13;229.0;10;229.0
1987-10-14;251.0;10;251.0
1987-10-15;236.0;10;236.0
1987-10-16;222.0;10;222.0
1987-10-17;342.0;10;342.0
1987-10-18;258.0;10;258.0
1987-10-19;195.0;10;195.0
1987-10-20;176.0;10;176.0
1987-10-21;169.0;10;169.0
1987-10-22;151.0;10;151.0
1987-10-23;152.0;10;152.0
1987-10-24;242.0;10;242.0
1987-10-25;200.0;10;200.0
1987-10-26;238.0;10;238.0
1987-10-27;247.0;10;247.0
1987-10-28;242.0;10;242.0
1987-10-29;298.0;10;298.0
1987-10-30;421.0;10;421.0
1987-10-31;490.0;10;490.0
1987-11-01;544.0;11;544.0
1987-11-02;411.0;11;411.0
1987-11-03;398.0;11;398.0
1987-11-04;332.0;11;332.0
1987-11-05;366.0;11;366.0
1987-11-06;369.0;11;369.0
1987-11-07;295.0;11;295.0
1987-11-08;313.0;11;313.0
1987-11-09;334.0;11;334.0
1987-11-10;328.0;11;328.0
1987-11-11;325.0;11;325.0
1987-11-12;373.0;11;373.0
1987-11-13;319.0;11;319.0
1987-11-14;254.0;11;254.0
1987-11-15;236.0;11;236.0
1987-11-16;225.0;11;225.0
1987-11-17;250.0;11;250.0
1987-11-18;289.0;11;289.0
1987-11-19;313.0;11;313.0
1987-11-20;-999.000;11;325.0
1987-11-21;-999.000;11;199.0
1987-11-22;-999.000;11;174.0
1987-11-23;-999.000;11;219.0
1987-11-24;-999.000;11;260.0
1987-11-25;-999.000;11;311.0
1987-11-26;-999.000;11;573.0
1987-11-27;268.0;11;268.0
1987-11-28;315.0;11;315.0
1987-11-29;206.0;11;206.0
1987-11-30;331.0;11;331.0
1987-12-01;275.0;12;275.0
1987-12-02;310.0;12;310.0
1987-12-03;252.0;12;252.0
1987-12-04;329.0;12;329.0
1987-12-05;598.0;12;598.0
1987-12-06;335.0;12;335.0
1987-12-07;327.0;12;327.0
