# River:                 RIO ATRATO
# Station:               PTE.LAS SANCHEZ
# Latitude (DD):       5.85
# Longitude (DD):      -76.25

YYYY-MM-DD;Value;month;Value_imputed
1978-01-01;8.0;1;8.0
1978-01-02;7.0;1;7.0
1978-01-03;8.0;1;8.0
1978-01-04;7.0;1;7.0
1978-01-05;7.0;1;7.0
1978-01-06;7.0;1;7.0
1978-01-07;8.0;1;8.0
1978-01-08;7.0;1;7.0
1978-01-09;10.0;1;10.0
1978-01-10;7.0;1;7.0
1978-01-11;7.0;1;7.0
1978-01-12;8.0;1;8.0
1978-01-13;7.0;1;7.0
1978-01-14;7.0;1;7.0
1978-01-15;6.0;1;6.0
1978-01-16;6.0;1;6.0
1978-01-17;6.0;1;6.0
1978-01-18;6.0;1;6.0
1978-01-19;6.0;1;6.0
1978-01-20;6.0;1;6.0
1978-01-21;6.0;1;6.0
1978-01-22;6.0;1;6.0
1978-01-23;5.0;1;5.0
1978-01-24;5.0;1;5.0
1978-01-25;5.0;1;5.0
1978-01-26;5.0;1;5.0
1978-01-27;5.0;1;5.0
1978-01-28;6.0;1;6.0
1978-01-29;6.0;1;6.0
1978-01-30;5.0;1;5.0
1978-01-31;4.0;1;4.0
1978-02-01;5.0;2;5.0
1978-02-02;5.0;2;5.0
1978-02-03;5.0;2;5.0
1978-02-04;6.0;2;6.0
1978-02-05;7.0;2;7.0
1978-02-06;6.0;2;6.0
1978-02-07;5.0;2;5.0
1978-02-08;5.0;2;5.0
1978-02-09;5.0;2;5.0
1978-02-10;5.0;2;5.0
1978-02-11;5.0;2;5.0
1978-02-12;5.0;2;5.0
1978-02-13;4.0;2;4.0
1978-02-14;4.0;2;4.0
1978-02-15;4.0;2;4.0
1978-02-16;4.0;2;4.0
1978-02-17;4.0;2;4.0
1978-02-18;4.0;2;4.0
1978-02-19;4.0;2;4.0
1978-02-20;4.0;2;4.0
1978-02-21;4.0;2;4.0
1978-02-22;4.0;2;4.0
1978-02-23;4.0;2;4.0
1978-02-24;4.0;2;4.0
1978-02-25;4.0;2;4.0
1978-02-26;4.0;2;4.0
1978-02-27;4.0;2;4.0
1978-02-28;4.0;2;4.0
1978-03-01;4.0;3;4.0
1978-03-02;4.0;3;4.0
1978-03-03;5.0;3;5.0
1978-03-04;4.0;3;4.0
1978-03-05;4.0;3;4.0
1978-03-06;8.0;3;8.0
1978-03-07;5.0;3;5.0
1978-03-08;7.0;3;7.0
1978-03-09;5.0;3;5.0
1978-03-10;6.0;3;6.0
1978-03-11;4.0;3;4.0
1978-03-12;4.0;3;4.0
1978-03-13;4.0;3;4.0
1978-03-14;4.0;3;4.0
1978-03-15;4.0;3;4.0
1978-03-16;4.0;3;4.0
1978-03-17;4.0;3;4.0
1978-03-18;4.0;3;4.0
1978-03-19;4.0;3;4.0
1978-03-20;4.0;3;4.0
1978-03-21;5.0;3;5.0
1978-03-22;6.0;3;6.0
1978-03-23;8.0;3;8.0
1978-03-24;5.0;3;5.0
1978-03-25;5.0;3;5.0
1978-03-26;5.0;3;5.0
1978-03-27;13.0;3;13.0
1978-03-28;9.0;3;9.0
1978-03-29;7.0;3;7.0
1978-03-30;13.0;3;13.0
1978-03-31;19.0;3;19.0
1978-04-01;19.0;4;19.0
1978-04-02;15.0;4;15.0
1978-04-03;27.0;4;27.0
1978-04-04;19.0;4;19.0
1978-04-05;16.0;4;16.0
1978-04-06;16.0;4;16.0
1978-04-07;34.0;4;34.0
1978-04-08;32.0;4;32.0
1978-04-09;24.0;4;24.0
1978-04-10;20.0;4;20.0
1978-04-11;19.0;4;19.0
1978-04-12;18.0;4;18.0
1978-04-13;20.0;4;20.0
1978-04-14;25.0;4;25.0
1978-04-15;35.0;4;35.0
1978-04-16;29.0;4;29.0
1978-04-17;35.0;4;35.0
1978-04-18;52.0;4;52.0
1978-04-19;48.0;4;48.0
1978-04-20;49.0;4;49.0
1978-04-21;41.0;4;41.0
1978-04-22;42.0;4;42.0
1978-04-23;36.0;4;36.0
1978-04-24;31.0;4;31.0
1978-04-25;29.0;4;29.0
1978-04-26;27.0;4;27.0
1978-04-27;26.0;4;26.0
1978-04-28;45.0;4;45.0
1978-04-29;32.0;4;32.0
1978-04-30;28.0;4;28.0
1978-05-01;34.0;5;34.0
1978-05-02;25.0;5;25.0
1978-05-03;32.0;5;32.0
1978-05-04;30.0;5;30.0
1978-05-05;30.0;5;30.0
1978-05-06;27.0;5;27.0
1978-05-07;27.0;5;27.0
1978-05-08;27.0;5;27.0
1978-05-09;24.0;5;24.0
1978-05-10;22.0;5;22.0
1978-05-11;20.0;5;20.0
1978-05-12;19.0;5;19.0
1978-05-13;21.0;5;21.0
1978-05-14;18.0;5;18.0
1978-05-15;19.0;5;19.0
1978-05-16;16.0;5;16.0
1978-05-17;24.0;5;24.0
1978-05-18;19.0;5;19.0
1978-05-19;25.0;5;25.0
1978-05-20;18.0;5;18.0
1978-05-21;17.0;5;17.0
1978-05-22;22.0;5;22.0
1978-05-23;18.0;5;18.0
1978-05-24;19.0;5;19.0
1978-05-25;26.0;5;26.0
1978-05-26;20.0;5;20.0
1978-05-27;20.0;5;20.0
1978-05-28;18.0;5;18.0
1978-05-29;18.0;5;18.0
1978-05-30;17.0;5;17.0
1978-05-31;18.0;5;18.0
1978-06-01;17.0;6;17.0
1978-06-02;19.0;6;19.0
1978-06-03;19.0;6;19.0
1978-06-04;17.0;6;17.0
1978-06-05;16.0;6;16.0
1978-06-06;14.0;6;14.0
1978-06-07;13.0;6;13.0
1978-06-08;12.0;6;12.0
1978-06-09;12.0;6;12.0
1978-06-10;11.0;6;11.0
1978-06-11;11.0;6;11.0
1978-06-12;17.0;6;17.0
1978-06-13;12.0;6;12.0
1978-06-14;11.0;6;11.0
1978-06-15;12.0;6;12.0
1978-06-16;18.0;6;18.0
1978-06-17;14.0;6;14.0
1978-06-18;12.0;6;12.0
1978-06-19;13.0;6;13.0
1978-06-20;13.0;6;13.0
1978-06-21;10.0;6;10.0
1978-06-22;10.0;6;10.0
1978-06-23;10.0;6;10.0
1978-06-24;9.0;6;9.0
1978-06-25;8.0;6;8.0
1978-06-26;9.0;6;9.0
1978-06-27;8.0;6;8.0
1978-06-28;8.0;6;8.0
1978-06-29;7.0;6;7.0
1978-06-30;8.0;6;8.0
1978-07-01;8.0;7;8.0
1978-07-02;16.0;7;16.0
1978-07-03;10.0;7;10.0
1978-07-04;13.0;7;13.0
1978-07-05;10.0;7;10.0
1978-07-06;9.0;7;9.0
1978-07-07;8.0;7;8.0
1978-07-08;7.0;7;7.0
1978-07-09;7.0;7;7.0
1978-07-10;9.0;7;9.0
1978-07-11;10.0;7;10.0
1978-07-12;9.0;7;9.0
1978-07-13;10.0;7;10.0
1978-07-14;14.0;7;14.0
1978-07-15;11.0;7;11.0
1978-07-16;10.0;7;10.0
1978-07-17;10.0;7;10.0
1978-07-18;9.0;7;9.0
1978-07-19;8.0;7;8.0
1978-07-20;9.0;7;9.0
1978-07-21;9.0;7;9.0
1978-07-22;9.0;7;9.0
1978-07-23;8.0;7;8.0
1978-07-24;7.0;7;7.0
1978-07-25;7.0;7;7.0
1978-07-26;8.0;7;8.0
1978-07-27;7.0;7;7.0
1978-07-28;6.0;7;6.0
1978-07-29;6.0;7;6.0
1978-07-30;6.0;7;6.0
1978-07-31;7.0;7;7.0
1978-08-01;6.0;8;6.0
1978-08-02;6.0;8;6.0
1978-08-03;6.0;8;6.0
1978-08-04;6.0;8;6.0
1978-08-05;5.0;8;5.0
1978-08-06;6.0;8;6.0
1978-08-07;12.0;8;12.0
1978-08-08;7.0;8;7.0
1978-08-09;8.0;8;8.0
1978-08-10;6.0;8;6.0
1978-08-11;6.0;8;6.0
1978-08-12;5.0;8;5.0
1978-08-13;5.0;8;5.0
1978-08-14;5.0;8;5.0
1978-08-15;4.0;8;4.0
1978-08-16;4.0;8;4.0
1978-08-17;4.0;8;4.0
1978-08-18;4.0;8;4.0
1978-08-19;4.0;8;4.0
1978-08-20;4.0;8;4.0
1978-08-21;3.0;8;3.0
1978-08-22;3.0;8;3.0
1978-08-23;4.0;8;4.0
1978-08-24;4.0;8;4.0
1978-08-25;4.0;8;4.0
1978-08-26;5.0;8;5.0
1978-08-27;4.0;8;4.0
1978-08-28;5.0;8;5.0
1978-08-29;5.0;8;5.0
1978-08-30;6.0;8;6.0
1978-08-31;6.0;8;6.0
1978-09-01;5.0;9;5.0
1978-09-02;5.0;9;5.0
1978-09-03;11.0;9;11.0
1978-09-04;6.0;9;6.0
1978-09-05;6.0;9;6.0
1978-09-06;5.0;9;5.0
1978-09-07;5.0;9;5.0
1978-09-08;5.0;9;5.0
1978-09-09;5.0;9;5.0
1978-09-10;9.0;9;9.0
1978-09-11;7.0;9;7.0
1978-09-12;12.0;9;12.0
1978-09-13;7.0;9;7.0
1978-09-14;7.0;9;7.0
1978-09-15;6.0;9;6.0
1978-09-16;6.0;9;6.0
1978-09-17;7.0;9;7.0
1978-09-18;9.0;9;9.0
1978-09-19;7.0;9;7.0
1978-09-20;7.0;9;7.0
1978-09-21;12.0;9;12.0
1978-09-22;19.0;9;19.0
1978-09-23;13.0;9;13.0
1978-09-24;13.0;9;13.0
1978-09-25;12.0;9;12.0
1978-09-26;11.0;9;11.0
1978-09-27;10.0;9;10.0
1978-09-28;19.0;9;19.0
1978-09-29;17.0;9;17.0
1978-09-30;17.0;9;17.0
1978-10-01;16.0;10;16.0
1978-10-02;16.0;10;16.0
1978-10-03;15.0;10;15.0
1978-10-04;12.0;10;12.0
1978-10-05;12.0;10;12.0
1978-10-06;12.0;10;12.0
1978-10-07;11.0;10;11.0
1978-10-08;18.0;10;18.0
1978-10-09;12.0;10;12.0
1978-10-10;11.0;10;11.0
1978-10-11;12.0;10;12.0
1978-10-12;11.0;10;11.0
1978-10-13;10.0;10;10.0
1978-10-14;12.0;10;12.0
1978-10-15;16.0;10;16.0
1978-10-16;17.0;10;17.0
1978-10-17;14.0;10;14.0
1978-10-18;15.0;10;15.0
1978-10-19;13.0;10;13.0
1978-10-20;13.0;10;13.0
1978-10-21;12.0;10;12.0
1978-10-22;13.0;10;13.0
1978-10-23;21.0;10;21.0
1978-10-24;17.0;10;17.0
1978-10-25;15.0;10;15.0
1978-10-26;14.0;10;14.0
1978-10-27;14.0;10;14.0
1978-10-28;18.0;10;18.0
1978-10-29;14.0;10;14.0
1978-10-30;16.0;10;16.0
1978-10-31;21.0;10;21.0
1978-11-01;19.0;11;19.0
1978-11-02;17.0;11;17.0
1978-11-03;28.0;11;28.0
1978-11-04;20.0;11;20.0
1978-11-05;28.0;11;28.0
1978-11-06;28.0;11;28.0
1978-11-07;27.0;11;27.0
1978-11-08;24.0;11;24.0
1978-11-09;22.0;11;22.0
1978-11-10;22.0;11;22.0
1978-11-11;20.0;11;20.0
1978-11-12;31.0;11;31.0
1978-11-13;25.0;11;25.0
1978-11-14;22.0;11;22.0
1978-11-15;21.0;11;21.0
1978-11-16;21.0;11;21.0
1978-11-17;18.0;11;18.0
1978-11-18;17.0;11;17.0
1978-11-19;15.0;11;15.0
1978-11-20;14.0;11;14.0
1978-11-21;16.0;11;16.0
1978-11-22;13.0;11;13.0
1978-11-23;12.0;11;12.0
1978-11-24;12.0;11;12.0
1978-11-25;11.0;11;11.0
1978-11-26;11.0;11;11.0
1978-11-27;10.0;11;10.0
1978-11-28;9.0;11;9.0
1978-11-29;8.0;11;8.0
1978-11-30;9.0;11;9.0
1978-12-01;8.0;12;8.0
1978-12-02;8.0;12;8.0
1978-12-03;15.0;12;15.0
1978-12-04;17.0;12;17.0
1978-12-05;14.0;12;14.0
1978-12-06;12.0;12;12.0
1978-12-07;11.0;12;11.0
1978-12-08;14.0;12;14.0
1978-12-09;19.0;12;19.0
1978-12-10;16.0;12;16.0
1978-12-11;14.0;12;14.0
1978-12-12;14.0;12;14.0
1978-12-13;13.0;12;13.0
1978-12-14;22.0;12;22.0
1978-12-15;16.0;12;16.0
1978-12-16;17.0;12;17.0
1978-12-17;15.0;12;15.0
1978-12-18;14.0;12;14.0
1978-12-19;15.0;12;15.0
1978-12-20;14.0;12;14.0
1978-12-21;13.0;12;13.0
1978-12-22;12.0;12;12.0
1978-12-23;12.0;12;12.0
1978-12-24;11.0;12;11.0
1978-12-25;11.0;12;11.0
1978-12-26;9.0;12;9.0
1978-12-27;9.0;12;9.0
1978-12-28;8.0;12;8.0
1978-12-29;8.0;12;8.0
1978-12-30;7.0;12;7.0
1978-12-31;7.0;12;7.0
1979-01-01;7.0;1;7.0
1979-01-02;7.0;1;7.0
1979-01-03;6.0;1;6.0
1979-01-04;6.0;1;6.0
1979-01-05;6.0;1;6.0
1979-01-06;6.0;1;6.0
1979-01-07;5.0;1;5.0
1979-01-08;6.0;1;6.0
1979-01-09;6.0;1;6.0
1979-01-10;5.0;1;5.0
1979-01-11;5.0;1;5.0
1979-01-12;5.0;1;5.0
1979-01-13;5.0;1;5.0
1979-01-14;5.0;1;5.0
1979-01-15;5.0;1;5.0
1979-01-16;5.0;1;5.0
1979-01-17;5.0;1;5.0
1979-01-18;4.0;1;4.0
1979-01-19;4.0;1;4.0
1979-01-20;4.0;1;4.0
1979-01-21;6.0;1;6.0
1979-01-22;8.0;1;8.0
1979-01-23;4.0;1;4.0
1979-01-24;4.0;1;4.0
1979-01-25;4.0;1;4.0
1979-01-26;3.0;1;3.0
1979-01-27;5.0;1;5.0
1979-01-28;11.0;1;11.0
1979-01-29;5.0;1;5.0
1979-01-30;4.0;1;4.0
1979-01-31;4.0;1;4.0
1979-02-01;4.0;2;4.0
1979-02-02;4.0;2;4.0
1979-02-03;3.0;2;3.0
1979-02-04;3.0;2;3.0
1979-02-05;3.0;2;3.0
1979-02-06;3.0;2;3.0
1979-02-07;3.0;2;3.0
1979-02-08;3.0;2;3.0
1979-02-09;3.0;2;3.0
1979-02-10;3.0;2;3.0
1979-02-11;3.0;2;3.0
1979-02-12;3.0;2;3.0
1979-02-13;3.0;2;3.0
1979-02-14;3.0;2;3.0
1979-02-15;3.0;2;3.0
1979-02-16;3.0;2;3.0
1979-02-17;4.0;2;4.0
1979-02-18;3.0;2;3.0
1979-02-19;3.0;2;3.0
1979-02-20;2.0;2;2.0
1979-02-21;2.0;2;2.0
1979-02-22;2.0;2;2.0
1979-02-23;5.0;2;5.0
1979-02-24;3.0;2;3.0
1979-02-25;3.0;2;3.0
1979-02-26;5.0;2;5.0
1979-02-27;3.0;2;3.0
1979-02-28;3.0;2;3.0
1979-03-01;3.0;3;3.0
1979-03-02;4.0;3;4.0
1979-03-03;10.0;3;10.0
1979-03-04;6.0;3;6.0
1979-03-05;8.0;3;8.0
1979-03-06;8.0;3;8.0
1979-03-07;10.0;3;10.0
1979-03-08;7.0;3;7.0
1979-03-09;6.0;3;6.0
1979-03-10;6.0;3;6.0
1979-03-11;5.0;3;5.0
1979-03-12;5.0;3;5.0
1979-03-13;5.0;3;5.0
1979-03-14;4.0;3;4.0
1979-03-15;4.0;3;4.0
1979-03-16;4.0;3;4.0
1979-03-17;7.0;3;7.0
1979-03-18;6.0;3;6.0
1979-03-19;5.0;3;5.0
1979-03-20;5.0;3;5.0
1979-03-21;4.0;3;4.0
1979-03-22;4.0;3;4.0
1979-03-23;4.0;3;4.0
1979-03-24;5.0;3;5.0
1979-03-25;4.0;3;4.0
1979-03-26;4.0;3;4.0
1979-03-27;5.0;3;5.0
1979-03-28;4.0;3;4.0
1979-03-29;4.0;3;4.0
1979-03-30;3.0;3;3.0
1979-03-31;3.0;3;3.0
1979-04-01;4.0;4;4.0
1979-04-02;9.0;4;9.0
1979-04-03;6.0;4;6.0
1979-04-04;5.0;4;5.0
1979-04-05;8.0;4;8.0
1979-04-06;8.0;4;8.0
1979-04-07;8.0;4;8.0
1979-04-08;8.0;4;8.0
1979-04-09;7.0;4;7.0
1979-04-10;6.0;4;6.0
1979-04-11;5.0;4;5.0
1979-04-12;5.0;4;5.0
1979-04-13;5.0;4;5.0
1979-04-14;6.0;4;6.0
1979-04-15;12.0;4;12.0
1979-04-16;8.0;4;8.0
1979-04-17;10.0;4;10.0
1979-04-18;7.0;4;7.0
1979-04-19;7.0;4;7.0
1979-04-20;7.0;4;7.0
1979-04-21;8.0;4;8.0
1979-04-22;12.0;4;12.0
1979-04-23;11.0;4;11.0
1979-04-24;9.0;4;9.0
1979-04-25;9.0;4;9.0
1979-04-26;16.0;4;16.0
1979-04-27;23.0;4;23.0
1979-04-28;40.0;4;40.0
1979-04-29;24.0;4;24.0
1979-04-30;19.0;4;19.0
1979-05-01;17.0;5;17.0
1979-05-02;15.0;5;15.0
1979-05-03;15.0;5;15.0
1979-05-04;13.0;5;13.0
1979-05-05;15.0;5;15.0
1979-05-06;12.0;5;12.0
1979-05-07;11.0;5;11.0
1979-05-08;10.0;5;10.0
1979-05-09;9.0;5;9.0
1979-05-10;9.0;5;9.0
1979-05-11;9.0;5;9.0
1979-05-12;9.0;5;9.0
1979-05-13;16.0;5;16.0
1979-05-14;10.0;5;10.0
1979-05-15;9.0;5;9.0
1979-05-16;10.0;5;10.0
1979-05-17;15.0;5;15.0
1979-05-18;13.0;5;13.0
1979-05-19;19.0;5;19.0
1979-05-20;14.0;5;14.0
1979-05-21;13.0;5;13.0
1979-05-22;14.0;5;14.0
1979-05-23;17.0;5;17.0
1979-05-24;15.0;5;15.0
1979-05-25;19.0;5;19.0
1979-05-26;20.0;5;20.0
1979-05-27;16.0;5;16.0
1979-05-28;15.0;5;15.0
1979-05-29;20.0;5;20.0
1979-05-30;17.0;5;17.0
1979-05-31;17.0;5;17.0
1979-06-01;16.0;6;16.0
1979-06-02;17.0;6;17.0
1979-06-03;16.0;6;16.0
1979-06-04;19.0;6;19.0
1979-06-05;18.0;6;18.0
1979-06-06;19.0;6;19.0
1979-06-07;25.0;6;25.0
1979-06-08;20.0;6;20.0
1979-06-09;20.0;6;20.0
1979-06-10;18.0;6;18.0
1979-06-11;16.0;6;16.0
1979-06-12;17.0;6;17.0
1979-06-13;16.0;6;16.0
1979-06-14;28.0;6;28.0
1979-06-15;19.0;6;19.0
1979-06-16;22.0;6;22.0
1979-06-17;19.0;6;19.0
1979-06-18;18.0;6;18.0
1979-06-19;16.0;6;16.0
1979-06-20;17.0;6;17.0
1979-06-21;19.0;6;19.0
1979-06-22;16.0;6;16.0
1979-06-23;16.0;6;16.0
1979-06-24;17.0;6;17.0
1979-06-25;42.0;6;42.0
1979-06-26;26.0;6;26.0
1979-06-27;24.0;6;24.0
1979-06-28;21.0;6;21.0
1979-06-29;41.0;6;41.0
1979-06-30;26.0;6;26.0
1979-07-01;27.0;7;27.0
1979-07-02;23.0;7;23.0
1979-07-03;22.0;7;22.0
1979-07-04;24.0;7;24.0
1979-07-05;20.0;7;20.0
1979-07-06;17.0;7;17.0
1979-07-07;14.0;7;14.0
1979-07-08;18.0;7;18.0
1979-07-09;17.0;7;17.0
1979-07-10;18.0;7;18.0
1979-07-11;14.0;7;14.0
1979-07-12;12.0;7;12.0
1979-07-13;12.0;7;12.0
1979-07-14;12.0;7;12.0
1979-07-15;12.0;7;12.0
1979-07-16;13.0;7;13.0
1979-07-17;13.0;7;13.0
1979-07-18;13.0;7;13.0
1979-07-19;12.0;7;12.0
1979-07-20;15.0;7;15.0
1979-07-21;11.0;7;11.0
1979-07-22;13.0;7;13.0
1979-07-23;11.0;7;11.0
1979-07-24;11.0;7;11.0
1979-07-25;13.0;7;13.0
1979-07-26;10.0;7;10.0
1979-07-27;9.0;7;9.0
1979-07-28;9.0;7;9.0
1979-07-29;9.0;7;9.0
1979-07-30;10.0;7;10.0
1979-07-31;10.0;7;10.0
1979-08-01;17.0;8;17.0
1979-08-02;13.0;8;13.0
1979-08-03;12.0;8;12.0
1979-08-04;11.0;8;11.0
1979-08-05;10.0;8;10.0
1979-08-06;10.0;8;10.0
1979-08-07;10.0;8;10.0
1979-08-08;10.0;8;10.0
1979-08-09;9.0;8;9.0
1979-08-10;9.0;8;9.0
1979-08-11;9.0;8;9.0
1979-08-12;9.0;8;9.0
1979-08-13;8.0;8;8.0
1979-08-14;9.0;8;9.0
1979-08-15;9.0;8;9.0
1979-08-16;10.0;8;10.0
1979-08-17;9.0;8;9.0
1979-08-18;10.0;8;10.0
1979-08-19;7.0;8;7.0
1979-08-20;25.0;8;25.0
1979-08-21;14.0;8;14.0
1979-08-22;13.0;8;13.0
1979-08-23;13.0;8;13.0
1979-08-24;13.0;8;13.0
1979-08-25;12.0;8;12.0
1979-08-26;12.0;8;12.0
1979-08-27;11.0;8;11.0
1979-08-28;12.0;8;12.0
1979-08-29;14.0;8;14.0
1979-08-30;13.0;8;13.0
1979-08-31;16.0;8;16.0
1979-09-01;17.0;9;17.0
1979-09-02;15.0;9;15.0
1979-09-03;15.0;9;15.0
1979-09-04;15.0;9;15.0
1979-09-05;13.0;9;13.0
1979-09-06;13.0;9;13.0
1979-09-07;13.0;9;13.0
1979-09-08;12.0;9;12.0
1979-09-09;17.0;9;17.0
1979-09-10;18.0;9;18.0
1979-09-11;16.0;9;16.0
1979-09-12;14.0;9;14.0
1979-09-13;14.0;9;14.0
1979-09-14;19.0;9;19.0
1979-09-15;17.0;9;17.0
1979-09-16;15.0;9;15.0
1979-09-17;14.0;9;14.0
1979-09-18;14.0;9;14.0
1979-09-19;14.0;9;14.0
1979-09-20;15.0;9;15.0
1979-09-21;13.0;9;13.0
1979-09-22;19.0;9;19.0
1979-09-23;15.0;9;15.0
1979-09-24;15.0;9;15.0
1979-09-25;14.0;9;14.0
1979-09-26;11.0;9;11.0
1979-09-27;11.0;9;11.0
1979-09-28;11.0;9;11.0
1979-09-29;11.0;9;11.0
1979-09-30;11.0;9;11.0
1979-10-01;10.0;10;10.0
1979-10-02;17.0;10;17.0
1979-10-03;10.0;10;10.0
1979-10-04;10.0;10;10.0
1979-10-05;10.0;10;10.0
1979-10-06;11.0;10;11.0
1979-10-07;10.0;10;10.0
1979-10-08;10.0;10;10.0
1979-10-09;11.0;10;11.0
1979-10-10;11.0;10;11.0
1979-10-11;11.0;10;11.0
1979-10-12;12.0;10;12.0
1979-10-13;12.0;10;12.0
1979-10-14;29.0;10;29.0
1979-10-15;23.0;10;23.0
1979-10-16;18.0;10;18.0
1979-10-17;24.0;10;24.0
1979-10-18;17.0;10;17.0
1979-10-19;15.0;10;15.0
1979-10-20;15.0;10;15.0
1979-10-21;16.0;10;16.0
1979-10-22;29.0;10;29.0
1979-10-23;46.0;10;46.0
1979-10-24;35.0;10;35.0
1979-10-25;21.0;10;21.0
1979-10-26;22.0;10;22.0
1979-10-27;26.0;10;26.0
1979-10-28;33.0;10;33.0
1979-10-29;27.0;10;27.0
1979-10-30;25.0;10;25.0
1979-10-31;23.0;10;23.0
1979-11-01;21.0;11;21.0
1979-11-02;21.0;11;21.0
1979-11-03;22.0;11;22.0
1979-11-04;17.0;11;17.0
1979-11-05;17.0;11;17.0
1979-11-06;17.0;11;17.0
1979-11-07;18.0;11;18.0
1979-11-08;19.0;11;19.0
1979-11-09;17.0;11;17.0
1979-11-10;15.0;11;15.0
1979-11-11;17.0;11;17.0
1979-11-12;17.0;11;17.0
1979-11-13;15.0;11;15.0
1979-11-14;15.0;11;15.0
1979-11-15;21.0;11;21.0
1979-11-16;18.0;11;18.0
1979-11-17;17.0;11;17.0
1979-11-18;16.0;11;16.0
1979-11-19;17.0;11;17.0
1979-11-20;18.0;11;18.0
1979-11-21;18.0;11;18.0
1979-11-22;19.0;11;19.0
1979-11-23;25.0;11;25.0
1979-11-24;26.0;11;26.0
1979-11-25;25.0;11;25.0
1979-11-26;23.0;11;23.0
1979-11-27;21.0;11;21.0
1979-11-28;21.0;11;21.0
1979-11-29;19.0;11;19.0
1979-11-30;18.0;11;18.0
1979-12-01;22.0;12;22.0
1979-12-02;14.0;12;14.0
1979-12-03;20.0;12;20.0
1979-12-04;19.0;12;19.0
1979-12-05;18.0;12;18.0
1979-12-06;16.0;12;16.0
1979-12-07;15.0;12;15.0
1979-12-08;14.0;12;14.0
1979-12-09;14.0;12;14.0
1979-12-10;13.0;12;13.0
1979-12-11;13.0;12;13.0
1979-12-12;12.0;12;12.0
1979-12-13;12.0;12;12.0
1979-12-14;10.0;12;10.0
1979-12-15;11.0;12;11.0
1979-12-16;12.0;12;12.0
1979-12-17;11.0;12;11.0
1979-12-18;13.0;12;13.0
1979-12-19;14.0;12;14.0
1979-12-20;13.0;12;13.0
1979-12-21;12.0;12;12.0
1979-12-22;12.0;12;12.0
1979-12-23;11.0;12;11.0
1979-12-24;11.0;12;11.0
1979-12-25;10.0;12;10.0
1979-12-26;10.0;12;10.0
1979-12-27;10.0;12;10.0
1979-12-28;9.0;12;9.0
1979-12-29;9.0;12;9.0
1979-12-30;9.0;12;9.0
1979-12-31;9.0;12;9.0
1980-01-01;9.0;1;9.0
1980-01-02;12.0;1;12.0
1980-01-03;10.0;1;10.0
1980-01-04;9.0;1;9.0
1980-01-05;9.0;1;9.0
1980-01-06;9.0;1;9.0
1980-01-07;9.0;1;9.0
1980-01-08;8.0;1;8.0
1980-01-09;8.0;1;8.0
1980-01-10;9.0;1;9.0
1980-01-11;9.0;1;9.0
1980-01-12;8.0;1;8.0
1980-01-13;10.0;1;10.0
1980-01-14;8.0;1;8.0
1980-01-15;10.0;1;10.0
1980-01-16;10.0;1;10.0
1980-01-17;10.0;1;10.0
1980-01-18;11.0;1;11.0
1980-01-19;9.0;1;9.0
1980-01-20;9.0;1;9.0
1980-01-21;8.0;1;8.0
1980-01-22;8.0;1;8.0
1980-01-23;8.0;1;8.0
1980-01-24;8.0;1;8.0
1980-01-25;7.0;1;7.0
1980-01-26;7.0;1;7.0
1980-01-27;7.0;1;7.0
1980-01-28;7.0;1;7.0
1980-01-29;7.0;1;7.0
1980-01-30;13.0;1;13.0
1980-01-31;7.0;1;7.0
1980-02-01;7.0;2;7.0
1980-02-02;7.0;2;7.0
1980-02-03;11.0;2;11.0
1980-02-04;10.0;2;10.0
1980-02-05;9.0;2;9.0
1980-02-06;7.0;2;7.0
1980-02-07;7.0;2;7.0
1980-02-08;7.0;2;7.0
1980-02-09;6.0;2;6.0
1980-02-10;6.0;2;6.0
1980-02-11;6.0;2;6.0
1980-02-12;6.0;2;6.0
1980-02-13;6.0;2;6.0
1980-02-14;6.0;2;6.0
1980-02-15;6.0;2;6.0
1980-02-16;9.0;2;9.0
1980-02-17;7.0;2;7.0
1980-02-18;6.0;2;6.0
1980-02-19;9.0;2;9.0
1980-02-20;7.0;2;7.0
1980-02-21;7.0;2;7.0
1980-02-22;8.0;2;8.0
1980-02-23;6.0;2;6.0
1980-02-24;6.0;2;6.0
1980-02-25;6.0;2;6.0
1980-02-26;6.0;2;6.0
1980-02-27;5.0;2;5.0
1980-02-28;5.0;2;5.0
1980-02-29;13.0;2;13.0
1980-03-01;6.0;3;6.0
1980-03-02;6.0;3;6.0
1980-03-03;6.0;3;6.0
1980-03-04;5.0;3;5.0
1980-03-05;5.0;3;5.0
1980-03-06;5.0;3;5.0
1980-03-07;5.0;3;5.0
1980-03-08;5.0;3;5.0
1980-03-09;5.0;3;5.0
1980-03-10;5.0;3;5.0
1980-03-11;5.0;3;5.0
1980-03-12;4.0;3;4.0
1980-03-13;4.0;3;4.0
1980-03-14;4.0;3;4.0
1980-03-15;5.0;3;5.0
1980-03-16;4.0;3;4.0
1980-03-17;4.0;3;4.0
1980-03-18;4.0;3;4.0
1980-03-19;4.0;3;4.0
1980-03-20;7.0;3;7.0
1980-03-21;4.0;3;4.0
1980-03-22;4.0;3;4.0
1980-03-23;4.0;3;4.0
1980-03-24;4.0;3;4.0
1980-03-25;4.0;3;4.0
1980-03-26;4.0;3;4.0
1980-03-27;4.0;3;4.0
1980-03-28;4.0;3;4.0
1980-03-29;4.0;3;4.0
1980-03-30;10.0;3;10.0
1980-03-31;5.0;3;5.0
1980-04-01;4.0;4;4.0
1980-04-02;5.0;4;5.0
1980-04-03;6.0;4;6.0
1980-04-04;5.0;4;5.0
1980-04-05;6.0;4;6.0
1980-04-06;5.0;4;5.0
1980-04-07;5.0;4;5.0
1980-04-08;6.0;4;6.0
1980-04-09;5.0;4;5.0
1980-04-10;5.0;4;5.0
1980-04-11;5.0;4;5.0
1980-04-12;4.0;4;4.0
1980-04-13;4.0;4;4.0
1980-04-14;5.0;4;5.0
1980-04-15;5.0;4;5.0
1980-04-16;4.0;4;4.0
1980-04-17;4.0;4;4.0
1980-04-18;4.0;4;4.0
1980-04-19;4.0;4;4.0
1980-04-20;4.0;4;4.0
1980-04-21;4.0;4;4.0
1980-04-22;12.0;4;12.0
1980-04-23;9.0;4;9.0
1980-04-24;27.0;4;27.0
1980-04-25;14.0;4;14.0
1980-04-26;13.0;4;13.0
1980-04-27;11.0;4;11.0
1980-04-28;10.0;4;10.0
1980-04-29;10.0;4;10.0
1980-04-30;9.0;4;9.0
1980-05-01;9.0;5;9.0
1980-05-02;9.0;5;9.0
1980-05-03;9.0;5;9.0
1980-05-04;9.0;5;9.0
1980-05-05;8.0;5;8.0
1980-05-06;11.0;5;11.0
1980-05-07;17.0;5;17.0
1980-05-08;15.0;5;15.0
1980-05-09;14.0;5;14.0
1980-05-10;17.0;5;17.0
1980-05-11;13.0;5;13.0
1980-05-12;15.0;5;15.0
1980-05-13;17.0;5;17.0
1980-05-14;20.0;5;20.0
1980-05-15;18.0;5;18.0
1980-05-16;16.0;5;16.0
1980-05-17;11.0;5;11.0
1980-05-18;27.0;5;27.0
1980-05-19;17.0;5;17.0
1980-05-20;23.0;5;23.0
1980-05-21;27.0;5;27.0
1980-05-22;23.0;5;23.0
1980-05-23;21.0;5;21.0
1980-05-24;18.0;5;18.0
1980-05-25;14.0;5;14.0
1980-05-26;13.0;5;13.0
1980-05-27;12.0;5;12.0
1980-05-28;12.0;5;12.0
1980-05-29;12.0;5;12.0
1980-05-30;12.0;5;12.0
1980-05-31;16.0;5;16.0
1980-06-01;18.0;6;18.0
1980-06-02;16.0;6;16.0
1980-06-03;14.0;6;14.0
1980-06-04;17.0;6;17.0
1980-06-05;13.0;6;13.0
1980-06-06;14.0;6;14.0
1980-06-07;12.0;6;12.0
1980-06-08;12.0;6;12.0
1980-06-09;12.0;6;12.0
1980-06-10;17.0;6;17.0
1980-06-11;15.0;6;15.0
1980-06-12;20.0;6;20.0
1980-06-13;36.0;6;36.0
1980-06-14;25.0;6;25.0
1980-06-15;21.0;6;21.0
1980-06-16;18.0;6;18.0
1980-06-17;16.0;6;16.0
1980-06-18;16.0;6;16.0
1980-06-19;17.0;6;17.0
1980-06-20;16.0;6;16.0
1980-06-21;14.0;6;14.0
1980-06-22;25.0;6;25.0
1980-06-23;21.0;6;21.0
1980-06-24;17.0;6;17.0
1980-06-25;17.0;6;17.0
1980-06-26;16.0;6;16.0
1980-06-27;14.0;6;14.0
1980-06-28;13.0;6;13.0
1980-06-29;13.0;6;13.0
1980-06-30;13.0;6;13.0
1980-07-01;12.0;7;12.0
1980-07-02;12.0;7;12.0
1980-07-03;14.0;7;14.0
1980-07-04;9.0;7;9.0
1980-07-05;8.0;7;8.0
1980-07-06;8.0;7;8.0
1980-07-07;9.0;7;9.0
1980-07-08;8.0;7;8.0
1980-07-09;8.0;7;8.0
1980-07-10;8.0;7;8.0
1980-07-11;10.0;7;10.0
1980-07-12;7.0;7;7.0
1980-07-13;8.0;7;8.0
1980-07-14;8.0;7;8.0
1980-07-15;9.0;7;9.0
1980-07-16;7.0;7;7.0
1980-07-17;7.0;7;7.0
1980-07-18;7.0;7;7.0
1980-07-19;6.0;7;6.0
1980-07-20;6.0;7;6.0
1980-07-21;8.0;7;8.0
1980-07-22;8.0;7;8.0
1980-07-23;7.0;7;7.0
1980-07-24;11.0;7;11.0
1980-07-25;19.0;7;19.0
1980-07-26;9.0;7;9.0
1980-07-27;7.0;7;7.0
1980-07-28;12.0;7;12.0
1980-07-29;22.0;7;22.0
1980-07-30;13.0;7;13.0
1980-07-31;17.0;7;17.0
1980-08-01;14.0;8;14.0
1980-08-02;13.0;8;13.0
1980-08-03;13.0;8;13.0
1980-08-04;12.0;8;12.0
1980-08-05;12.0;8;12.0
1980-08-06;11.0;8;11.0
1980-08-07;11.0;8;11.0
1980-08-08;14.0;8;14.0
1980-08-09;13.0;8;13.0
1980-08-10;12.0;8;12.0
1980-08-11;12.0;8;12.0
1980-08-12;11.0;8;11.0
1980-08-13;14.0;8;14.0
1980-08-14;13.0;8;13.0
1980-08-15;12.0;8;12.0
1980-08-16;11.0;8;11.0
1980-08-17;10.0;8;10.0
1980-08-18;12.0;8;12.0
1980-08-19;12.0;8;12.0
1980-08-20;10.0;8;10.0
1980-08-21;10.0;8;10.0
1980-08-22;9.0;8;9.0
1980-08-23;17.0;8;17.0
1980-08-24;9.0;8;9.0
1980-08-25;9.0;8;9.0
1980-08-26;9.0;8;9.0
1980-08-27;12.0;8;12.0
1980-08-28;10.0;8;10.0
1980-08-29;8.0;8;8.0
1980-08-30;8.0;8;8.0
1980-08-31;8.0;8;8.0
1980-09-01;7.0;9;7.0
1980-09-02;7.0;9;7.0
1980-09-03;6.0;9;6.0
1980-09-04;7.0;9;7.0
1980-09-05;8.0;9;8.0
1980-09-06;6.0;9;6.0
1980-09-07;4.0;9;4.0
1980-09-08;4.0;9;4.0
1980-09-09;4.0;9;4.0
1980-09-10;4.0;9;4.0
1980-09-11;4.0;9;4.0
1980-09-12;4.0;9;4.0
1980-09-13;4.0;9;4.0
1980-09-14;4.0;9;4.0
1980-09-15;7.0;9;7.0
1980-09-16;5.0;9;5.0
1980-09-17;4.0;9;4.0
1980-09-18;5.0;9;5.0
1980-09-19;6.0;9;6.0
1980-09-20;5.0;9;5.0
1980-09-21;8.0;9;8.0
1980-09-22;6.0;9;6.0
1980-09-23;6.0;9;6.0
1980-09-24;6.0;9;6.0
1980-09-25;5.0;9;5.0
1980-09-26;8.0;9;8.0
1980-09-27;7.0;9;7.0
1980-09-28;7.0;9;7.0
1980-09-29;6.0;9;6.0
1980-09-30;6.0;9;6.0
1980-10-01;7.0;10;7.0
1980-10-02;6.0;10;6.0
1980-10-03;8.0;10;8.0
1980-10-04;7.0;10;7.0
1980-10-05;7.0;10;7.0
1980-10-06;9.0;10;9.0
1980-10-07;13.0;10;13.0
1980-10-08;13.0;10;13.0
1980-10-09;11.0;10;11.0
1980-10-10;11.0;10;11.0
1980-10-11;10.0;10;10.0
1980-10-12;10.0;10;10.0
1980-10-13;9.0;10;9.0
1980-10-14;9.0;10;9.0
1980-10-15;13.0;10;13.0
1980-10-16;11.0;10;11.0
1980-10-17;11.0;10;11.0
1980-10-18;11.0;10;11.0
1980-10-19;11.0;10;11.0
1980-10-20;12.0;10;12.0
1980-10-21;10.0;10;10.0
1980-10-22;9.0;10;9.0
1980-10-23;9.0;10;9.0
1980-10-24;11.0;10;11.0
1980-10-25;8.0;10;8.0
1980-10-26;8.0;10;8.0
1980-10-27;8.0;10;8.0
1980-10-28;8.0;10;8.0
1980-10-29;12.0;10;12.0
1980-10-30;9.0;10;9.0
1980-10-31;11.0;10;11.0
1980-11-01;10.0;11;10.0
1980-11-02;11.0;11;11.0
1980-11-03;11.0;11;11.0
1980-11-04;12.0;11;12.0
1980-11-05;11.0;11;11.0
1980-11-06;11.0;11;11.0
1980-11-07;10.0;11;10.0
1980-11-08;11.0;11;11.0
1980-11-09;10.0;11;10.0
1980-11-10;10.0;11;10.0
1980-11-11;9.0;11;9.0
1980-11-12;11.0;11;11.0
1980-11-13;10.0;11;10.0
1980-11-14;13.0;11;13.0
1980-11-15;12.0;11;12.0
1980-11-16;11.0;11;11.0
1980-11-17;11.0;11;11.0
1980-11-18;10.0;11;10.0
1980-11-19;10.0;11;10.0
1980-11-20;10.0;11;10.0
1980-11-21;10.0;11;10.0
1980-11-22;9.0;11;9.0
1980-11-23;9.0;11;9.0
1980-11-24;9.0;11;9.0
1980-11-25;8.0;11;8.0
1980-11-26;10.0;11;10.0
1980-11-27;9.0;11;9.0
1980-11-28;9.0;11;9.0
1980-11-29;9.0;11;9.0
1980-11-30;9.0;11;9.0
1980-12-01;9.0;12;9.0
1980-12-02;9.0;12;9.0
1980-12-03;9.0;12;9.0
1980-12-04;10.0;12;10.0
1980-12-05;13.0;12;13.0
1980-12-06;11.0;12;11.0
1980-12-07;9.0;12;9.0
1980-12-08;9.0;12;9.0
1980-12-09;9.0;12;9.0
1980-12-10;9.0;12;9.0
1980-12-11;9.0;12;9.0
1980-12-12;13.0;12;13.0
1980-12-13;10.0;12;10.0
1980-12-14;10.0;12;10.0
1980-12-15;11.0;12;11.0
1980-12-16;10.0;12;10.0
1980-12-17;11.0;12;11.0
1980-12-18;10.0;12;10.0
1980-12-19;10.0;12;10.0
1980-12-20;9.0;12;9.0
1980-12-21;10.0;12;10.0
1980-12-22;9.0;12;9.0
1980-12-23;9.0;12;9.0
1980-12-24;12.0;12;12.0
1980-12-25;11.0;12;11.0
1980-12-26;9.0;12;9.0
1980-12-27;11.0;12;11.0
1980-12-28;11.0;12;11.0
1980-12-29;10.0;12;10.0
1980-12-30;11.0;12;11.0
1980-12-31;14.0;12;14.0
1981-01-01;11.0;1;11.0
1981-01-02;10.0;1;10.0
1981-01-03;10.0;1;10.0
1981-01-04;7.0;1;7.0
1981-01-05;7.0;1;7.0
1981-01-06;7.0;1;7.0
1981-01-07;7.0;1;7.0
1981-01-08;7.0;1;7.0
1981-01-09;6.0;1;6.0
1981-01-10;6.0;1;6.0
1981-01-11;5.0;1;5.0
1981-01-12;5.0;1;5.0
1981-01-13;5.0;1;5.0
1981-01-14;5.0;1;5.0
1981-01-15;5.0;1;5.0
1981-01-16;5.0;1;5.0
1981-01-17;5.0;1;5.0
1981-01-18;5.0;1;5.0
1981-01-19;5.0;1;5.0
1981-01-20;4.0;1;4.0
1981-01-21;4.0;1;4.0
1981-01-22;4.0;1;4.0
1981-01-23;4.0;1;4.0
1981-01-24;5.0;1;5.0
1981-01-25;5.0;1;5.0
1981-01-26;5.0;1;5.0
1981-01-27;5.0;1;5.0
1981-01-28;4.0;1;4.0
1981-01-29;4.0;1;4.0
1981-01-30;4.0;1;4.0
1981-01-31;4.0;1;4.0
1981-02-01;4.0;2;4.0
1981-02-02;5.0;2;5.0
1981-02-03;4.0;2;4.0
1981-02-04;5.0;2;5.0
1981-02-05;4.0;2;4.0
1981-02-06;4.0;2;4.0
1981-02-07;4.0;2;4.0
1981-02-08;4.0;2;4.0
1981-02-09;5.0;2;5.0
1981-02-10;4.0;2;4.0
1981-02-11;4.0;2;4.0
1981-02-12;5.0;2;5.0
1981-02-13;5.0;2;5.0
1981-02-14;4.0;2;4.0
1981-02-15;12.0;2;12.0
1981-02-16;6.0;2;6.0
1981-02-17;5.0;2;5.0
1981-02-18;4.0;2;4.0
1981-02-19;4.0;2;4.0
1981-02-20;5.0;2;5.0
1981-02-21;5.0;2;5.0
1981-02-22;4.0;2;4.0
1981-02-23;4.0;2;4.0
1981-02-24;4.0;2;4.0
1981-02-25;4.0;2;4.0
1981-02-26;4.0;2;4.0
1981-02-27;4.0;2;4.0
1981-02-28;4.0;2;4.0
1981-03-01;4.0;3;4.0
1981-03-02;4.0;3;4.0
1981-03-03;8.0;3;8.0
1981-03-04;13.0;3;13.0
1981-03-05;8.0;3;8.0
1981-03-06;7.0;3;7.0
1981-03-07;6.0;3;6.0
1981-03-08;5.0;3;5.0
1981-03-09;11.0;3;11.0
1981-03-10;9.0;3;9.0
1981-03-11;8.0;3;8.0
1981-03-12;8.0;3;8.0
1981-03-13;8.0;3;8.0
1981-03-14;7.0;3;7.0
1981-03-15;8.0;3;8.0
1981-03-16;11.0;3;11.0
1981-03-17;8.0;3;8.0
1981-03-18;8.0;3;8.0
1981-03-19;7.0;3;7.0
1981-03-20;6.0;3;6.0
1981-03-21;6.0;3;6.0
1981-03-22;5.0;3;5.0
1981-03-23;8.0;3;8.0
1981-03-24;6.0;3;6.0
1981-03-25;6.0;3;6.0
1981-03-26;6.0;3;6.0
1981-03-27;5.0;3;5.0
1981-03-28;5.0;3;5.0
1981-03-29;5.0;3;5.0
1981-03-30;5.0;3;5.0
1981-03-31;5.0;3;5.0
1981-04-01;5.0;4;5.0
1981-04-02;5.0;4;5.0
1981-04-03;5.0;4;5.0
1981-04-04;8.0;4;8.0
1981-04-05;6.0;4;6.0
1981-04-06;5.0;4;5.0
1981-04-07;5.0;4;5.0
1981-04-08;10.0;4;10.0
1981-04-09;9.0;4;9.0
1981-04-10;8.0;4;8.0
1981-04-11;8.0;4;8.0
1981-04-12;8.0;4;8.0
1981-04-13;7.0;4;7.0
1981-04-14;7.0;4;7.0
1981-04-15;6.0;4;6.0
1981-04-16;6.0;4;6.0
1981-04-17;5.0;4;5.0
1981-04-18;7.0;4;7.0
1981-04-19;31.0;4;31.0
1981-04-20;22.0;4;22.0
1981-04-21;18.0;4;18.0
1981-04-22;15.0;4;15.0
1981-04-23;13.0;4;13.0
1981-04-24;12.0;4;12.0
1981-04-25;11.0;4;11.0
1981-04-26;10.0;4;10.0
1981-04-27;9.0;4;9.0
1981-04-28;9.0;4;9.0
1981-04-29;12.0;4;12.0
1981-04-30;12.0;4;12.0
1981-05-01;10.0;5;10.0
1981-05-02;10.0;5;10.0
1981-05-03;12.0;5;12.0
1981-05-04;12.0;5;12.0
1981-05-05;9.0;5;9.0
1981-05-06;9.0;5;9.0
1981-05-07;8.0;5;8.0
1981-05-08;8.0;5;8.0
1981-05-09;8.0;5;8.0
1981-05-10;8.0;5;8.0
1981-05-11;7.0;5;7.0
1981-05-12;7.0;5;7.0
1981-05-13;7.0;5;7.0
1981-05-14;19.0;5;19.0
1981-05-15;14.0;5;14.0
1981-05-16;20.0;5;20.0
1981-05-17;16.0;5;16.0
1981-05-18;12.0;5;12.0
1981-05-19;11.0;5;11.0
1981-05-20;10.0;5;10.0
1981-05-21;9.0;5;9.0
1981-05-22;8.0;5;8.0
1981-05-23;7.0;5;7.0
1981-05-24;7.0;5;7.0
1981-05-25;12.0;5;12.0
1981-05-26;11.0;5;11.0
1981-05-27;13.0;5;13.0
1981-05-28;12.0;5;12.0
1981-05-29;10.0;5;10.0
1981-05-30;10.0;5;10.0
1981-05-31;11.0;5;11.0
1981-06-01;10.0;6;10.0
1981-06-02;12.0;6;12.0
1981-06-03;10.0;6;10.0
1981-06-04;10.0;6;10.0
1981-06-05;9.0;6;9.0
1981-06-06;9.0;6;9.0
1981-06-07;23.0;6;23.0
1981-06-08;25.0;6;25.0
1981-06-09;39.0;6;39.0
1981-06-10;53.0;6;53.0
1981-06-11;27.0;6;27.0
1981-06-12;22.0;6;22.0
1981-06-13;19.0;6;19.0
1981-06-14;18.0;6;18.0
1981-06-15;18.0;6;18.0
1981-06-16;21.0;6;21.0
1981-06-17;14.0;6;14.0
1981-06-18;19.0;6;19.0
1981-06-19;24.0;6;24.0
1981-06-20;23.0;6;23.0
1981-06-21;19.0;6;19.0
1981-06-22;17.0;6;17.0
1981-06-23;16.0;6;16.0
1981-06-24;14.0;6;14.0
1981-06-25;14.0;6;14.0
1981-06-26;13.0;6;13.0
1981-06-27;13.0;6;13.0
1981-06-28;12.0;6;12.0
1981-06-29;13.0;6;13.0
1981-06-30;14.0;6;14.0
1981-07-01;14.0;7;14.0
1981-07-02;13.0;7;13.0
1981-07-03;15.0;7;15.0
1981-07-04;13.0;7;13.0
1981-07-05;13.0;7;13.0
1981-07-06;12.0;7;12.0
1981-07-07;12.0;7;12.0
1981-07-08;12.0;7;12.0
1981-07-09;12.0;7;12.0
1981-07-10;11.0;7;11.0
1981-07-11;11.0;7;11.0
1981-07-12;11.0;7;11.0
1981-07-13;10.0;7;10.0
1981-07-14;9.0;7;9.0
1981-07-15;9.0;7;9.0
1981-07-16;9.0;7;9.0
1981-07-17;10.0;7;10.0
1981-07-18;9.0;7;9.0
1981-07-19;9.0;7;9.0
1981-07-20;9.0;7;9.0
1981-07-21;8.0;7;8.0
1981-07-22;8.0;7;8.0
1981-07-23;8.0;7;8.0
1981-07-24;8.0;7;8.0
1981-07-25;7.0;7;7.0
1981-07-26;7.0;7;7.0
1981-07-27;7.0;7;7.0
1981-07-28;7.0;7;7.0
1981-07-29;6.0;7;6.0
1981-07-30;6.0;7;6.0
1981-07-31;6.0;7;6.0
1981-08-01;5.0;8;5.0
1981-08-02;5.0;8;5.0
1981-08-03;5.0;8;5.0
1981-08-04;5.0;8;5.0
1981-08-05;5.0;8;5.0
1981-08-06;7.0;8;7.0
1981-08-07;6.0;8;6.0
1981-08-08;14.0;8;14.0
1981-08-09;10.0;8;10.0
1981-08-10;8.0;8;8.0
1981-08-11;6.0;8;6.0
1981-08-12;6.0;8;6.0
1981-08-13;10.0;8;10.0
1981-08-14;8.0;8;8.0
1981-08-15;11.0;8;11.0
1981-08-16;11.0;8;11.0
1981-08-17;10.0;8;10.0
1981-08-18;8.0;8;8.0
1981-08-19;8.0;8;8.0
1981-08-20;8.0;8;8.0
1981-08-21;8.0;8;8.0
1981-08-22;7.0;8;7.0
1981-08-23;7.0;8;7.0
1981-08-24;7.0;8;7.0
1981-08-25;7.0;8;7.0
1981-08-26;8.0;8;8.0
1981-08-27;10.0;8;10.0
1981-08-28;9.0;8;9.0
1981-08-29;9.0;8;9.0
1981-08-30;9.0;8;9.0
1981-08-31;8.0;8;8.0
1981-09-01;8.0;9;8.0
1981-09-02;9.0;9;9.0
1981-09-03;8.0;9;8.0
1981-09-04;8.0;9;8.0
1981-09-05;7.0;9;7.0
1981-09-06;9.0;9;9.0
1981-09-07;10.0;9;10.0
1981-09-08;9.0;9;9.0
1981-09-09;10.0;9;10.0
1981-09-10;12.0;9;12.0
1981-09-11;19.0;9;19.0
1981-09-12;15.0;9;15.0
1981-09-13;12.0;9;12.0
1981-09-14;10.0;9;10.0
1981-09-15;9.0;9;9.0
1981-09-16;8.0;9;8.0
1981-09-17;9.0;9;9.0
1981-09-18;8.0;9;8.0
1981-09-19;8.0;9;8.0
1981-09-20;7.0;9;7.0
1981-09-21;7.0;9;7.0
1981-09-22;7.0;9;7.0
1981-09-23;7.0;9;7.0
1981-09-24;6.0;9;6.0
1981-09-25;6.0;9;6.0
1981-09-26;6.0;9;6.0
1981-09-27;5.0;9;5.0
1981-09-28;5.0;9;5.0
1981-09-29;5.0;9;5.0
1981-09-30;5.0;9;5.0
1981-10-01;5.0;10;5.0
1981-10-02;5.0;10;5.0
1981-10-03;5.0;10;5.0
1981-10-04;6.0;10;6.0
1981-10-05;8.0;10;8.0
1981-10-06;6.0;10;6.0
1981-10-07;6.0;10;6.0
1981-10-08;5.0;10;5.0
1981-10-09;5.0;10;5.0
1981-10-10;8.0;10;8.0
1981-10-11;8.0;10;8.0
1981-10-12;7.0;10;7.0
1981-10-13;7.0;10;7.0
1981-10-14;6.0;10;6.0
1981-10-15;6.0;10;6.0
1981-10-16;15.0;10;15.0
1981-10-17;13.0;10;13.0
1981-10-18;12.0;10;12.0
1981-10-19;12.0;10;12.0
1981-10-20;20.0;10;20.0
1981-10-21;19.0;10;19.0
1981-10-22;17.0;10;17.0
1981-10-23;15.0;10;15.0
1981-10-24;14.0;10;14.0
1981-10-25;13.0;10;13.0
1981-10-26;12.0;10;12.0
1981-10-27;12.0;10;12.0
1981-10-28;11.0;10;11.0
1981-10-29;10.0;10;10.0
1981-10-30;16.0;10;16.0
1981-10-31;15.0;10;15.0
1981-11-01;19.0;11;19.0
1981-11-02;18.0;11;18.0
1981-11-03;21.0;11;21.0
1981-11-04;23.0;11;23.0
1981-11-05;22.0;11;22.0
1981-11-06;21.0;11;21.0
1981-11-07;20.0;11;20.0
1981-11-08;19.0;11;19.0
1981-11-09;18.0;11;18.0
1981-11-10;17.0;11;17.0
1981-11-11;16.0;11;16.0
1981-11-12;15.0;11;15.0
1981-11-13;15.0;11;15.0
1981-11-14;14.0;11;14.0
1981-11-15;27.0;11;27.0
1981-11-16;26.0;11;26.0
1981-11-17;23.0;11;23.0
1981-11-18;22.0;11;22.0
1981-11-19;22.0;11;22.0
1981-11-20;20.0;11;20.0
1981-11-21;19.0;11;19.0
1981-11-22;18.0;11;18.0
1981-11-23;17.0;11;17.0
1981-11-24;16.0;11;16.0
1981-11-25;15.0;11;15.0
1981-11-26;14.0;11;14.0
1981-11-27;13.0;11;13.0
1981-11-28;12.0;11;12.0
1981-11-29;12.0;11;12.0
1981-11-30;11.0;11;11.0
1981-12-01;11.0;12;11.0
1981-12-02;12.0;12;12.0
1981-12-03;11.0;12;11.0
1981-12-04;11.0;12;11.0
1981-12-05;14.0;12;14.0
1981-12-06;12.0;12;12.0
1981-12-07;12.0;12;12.0
1981-12-08;12.0;12;12.0
1981-12-09;14.0;12;14.0
1981-12-10;15.0;12;15.0
1981-12-11;15.0;12;15.0
1981-12-12;14.0;12;14.0
1981-12-13;13.0;12;13.0
1981-12-14;21.0;12;21.0
1981-12-15;22.0;12;22.0
1981-12-16;20.0;12;20.0
1981-12-17;20.0;12;20.0
1981-12-18;19.0;12;19.0
1981-12-19;18.0;12;18.0
1981-12-20;17.0;12;17.0
1981-12-21;16.0;12;16.0
1981-12-22;16.0;12;16.0
1981-12-23;15.0;12;15.0
1981-12-24;14.0;12;14.0
1981-12-25;13.0;12;13.0
1981-12-26;13.0;12;13.0
1981-12-27;12.0;12;12.0
1981-12-28;11.0;12;11.0
1981-12-29;11.0;12;11.0
1981-12-30;11.0;12;11.0
1981-12-31;10.0;12;10.0
1982-01-01;17.0;1;17.0
1982-01-02;15.0;1;15.0
1982-01-03;15.0;1;15.0
1982-01-04;19.0;1;19.0
1982-01-05;26.0;1;26.0
1982-01-06;20.0;1;20.0
1982-01-07;16.0;1;16.0
1982-01-08;31.0;1;31.0
1982-01-09;29.0;1;29.0
1982-01-10;25.0;1;25.0
1982-01-11;21.0;1;21.0
1982-01-12;21.0;1;21.0
1982-01-13;17.0;1;17.0
1982-01-14;15.0;1;15.0
1982-01-15;14.0;1;14.0
1982-01-16;10.0;1;10.0
1982-01-17;8.0;1;8.0
1982-01-18;8.0;1;8.0
1982-01-19;8.0;1;8.0
1982-01-20;7.0;1;7.0
1982-01-21;7.0;1;7.0
1982-01-22;14.0;1;14.0
1982-01-23;10.0;1;10.0
1982-01-24;8.0;1;8.0
1982-01-25;8.0;1;8.0
1982-01-26;8.0;1;8.0
1982-01-27;7.0;1;7.0
1982-01-28;7.0;1;7.0
1982-01-29;7.0;1;7.0
1982-01-30;7.0;1;7.0
1982-01-31;7.0;1;7.0
1982-02-01;12.0;2;12.0
1982-02-02;9.0;2;9.0
1982-02-03;7.0;2;7.0
1982-02-04;7.0;2;7.0
1982-02-05;6.0;2;6.0
1982-02-06;9.0;2;9.0
1982-02-07;8.0;2;8.0
1982-02-08;7.0;2;7.0
1982-02-09;17.0;2;17.0
1982-02-10;13.0;2;13.0
1982-02-11;12.0;2;12.0
1982-02-12;9.0;2;9.0
1982-02-13;8.0;2;8.0
1982-02-14;12.0;2;12.0
1982-02-15;14.0;2;14.0
1982-02-16;12.0;2;12.0
1982-02-17;27.0;2;27.0
1982-02-18;23.0;2;23.0
1982-02-19;14.0;2;14.0
1982-02-20;10.0;2;10.0
1982-02-21;9.0;2;9.0
1982-02-22;8.0;2;8.0
1982-02-23;7.0;2;7.0
1982-02-24;6.0;2;6.0
1982-02-25;6.0;2;6.0
1982-02-26;6.0;2;6.0
1982-02-27;6.0;2;6.0
1982-02-28;5.0;2;5.0
1982-03-01;9.0;3;9.0
1982-03-02;11.0;3;11.0
1982-03-03;8.0;3;8.0
1982-03-04;8.0;3;8.0
1982-03-05;7.0;3;7.0
1982-03-06;7.0;3;7.0
1982-03-07;8.0;3;8.0
1982-03-08;7.0;3;7.0
1982-03-09;6.0;3;6.0
1982-03-10;6.0;3;6.0
1982-03-11;6.0;3;6.0
1982-03-12;6.0;3;6.0
1982-03-13;5.0;3;5.0
1982-03-14;5.0;3;5.0
1982-03-15;5.0;3;5.0
1982-03-16;8.0;3;8.0
1982-03-17;11.0;3;11.0
1982-03-18;12.0;3;12.0
1982-03-19;11.0;3;11.0
1982-03-20;10.0;3;10.0
1982-03-21;10.0;3;10.0
1982-03-22;9.0;3;9.0
1982-03-23;9.0;3;9.0
1982-03-24;24.0;3;24.0
1982-03-25;19.0;3;19.0
1982-03-26;15.0;3;15.0
1982-03-27;12.0;3;12.0
1982-03-28;12.0;3;12.0
1982-03-29;11.0;3;11.0
1982-03-30;10.0;3;10.0
1982-03-31;8.0;3;8.0
1982-04-01;9.0;4;9.0
1982-04-02;36.0;4;36.0
1982-04-03;34.0;4;34.0
1982-04-04;28.0;4;28.0
1982-04-05;28.0;4;28.0
1982-04-06;24.0;4;24.0
1982-04-07;23.0;4;23.0
1982-04-08;22.0;4;22.0
1982-04-09;22.0;4;22.0
1982-04-10;21.0;4;21.0
1982-04-11;20.0;4;20.0
1982-04-12;19.0;4;19.0
1982-04-13;18.0;4;18.0
1982-04-14;18.0;4;18.0
1982-04-15;17.0;4;17.0
1982-04-16;16.0;4;16.0
1982-04-17;16.0;4;16.0
1982-04-18;15.0;4;15.0
1982-04-19;30.0;4;30.0
1982-04-20;26.0;4;26.0
1982-04-21;16.0;4;16.0
1982-04-22;15.0;4;15.0
1982-04-23;13.0;4;13.0
1982-04-24;12.0;4;12.0
1982-04-25;11.0;4;11.0
1982-04-26;10.0;4;10.0
1982-04-27;14.0;4;14.0
1982-04-28;15.0;4;15.0
1982-04-29;12.0;4;12.0
1982-04-30;10.0;4;10.0
1982-05-01;15.0;5;15.0
1982-05-02;13.0;5;13.0
1982-05-03;12.0;5;12.0
1982-05-04;11.0;5;11.0
1982-05-05;10.0;5;10.0
1982-05-06;10.0;5;10.0
1982-05-07;10.0;5;10.0
1982-05-08;9.0;5;9.0
1982-05-09;23.0;5;23.0
1982-05-10;36.0;5;36.0
1982-05-11;35.0;5;35.0
1982-05-12;34.0;5;34.0
1982-05-13;32.0;5;32.0
1982-05-14;29.0;5;29.0
1982-05-15;27.0;5;27.0
1982-05-16;26.0;5;26.0
1982-05-17;24.0;5;24.0
1982-05-18;27.0;5;27.0
1982-05-19;27.0;5;27.0
1982-05-20;24.0;5;24.0
1982-05-21;23.0;5;23.0
1982-05-22;22.0;5;22.0
1982-05-23;22.0;5;22.0
1982-05-24;20.0;5;20.0
1982-05-25;19.0;5;19.0
1982-05-26;18.0;5;18.0
1982-05-27;18.0;5;18.0
1982-05-28;17.0;5;17.0
1982-05-29;16.0;5;16.0
1982-05-30;15.0;5;15.0
1982-05-31;14.0;5;14.0
1982-06-01;19.0;6;19.0
1982-06-02;17.0;6;17.0
1982-06-03;44.0;6;44.0
1982-06-04;41.0;6;41.0
1982-06-05;37.0;6;37.0
1982-06-06;36.0;6;36.0
1982-06-07;34.0;6;34.0
1982-06-08;34.0;6;34.0
1982-06-09;33.0;6;33.0
1982-06-10;29.0;6;29.0
1982-06-11;28.0;6;28.0
1982-06-12;26.0;6;26.0
1982-06-13;24.0;6;24.0
1982-06-14;23.0;6;23.0
1982-06-15;22.0;6;22.0
1982-06-16;21.0;6;21.0
1982-06-17;20.0;6;20.0
1982-06-18;17.0;6;17.0
1982-06-19;17.0;6;17.0
1982-06-20;16.0;6;16.0
1982-06-21;15.0;6;15.0
1982-06-22;14.0;6;14.0
1982-06-23;13.0;6;13.0
1982-06-24;13.0;6;13.0
1982-06-25;12.0;6;12.0
1982-06-26;12.0;6;12.0
1982-06-27;11.0;6;11.0
1982-06-28;10.0;6;10.0
1982-06-29;9.0;6;9.0
1982-06-30;9.0;6;9.0
1982-07-01;8.0;7;8.0
1982-07-02;8.0;7;8.0
1982-07-03;7.0;7;7.0
1982-07-04;12.0;7;12.0
1982-07-05;25.0;7;25.0
1982-07-06;8.0;7;8.0
1982-07-07;14.0;7;14.0
1982-07-08;36.0;7;36.0
1982-07-09;37.0;7;37.0
1982-07-10;36.0;7;36.0
1982-07-11;35.0;7;35.0
1982-07-12;34.0;7;34.0
1982-07-13;33.0;7;33.0
1982-07-14;32.0;7;32.0
1982-07-15;31.0;7;31.0
1982-07-16;29.0;7;29.0
1982-07-17;28.0;7;28.0
1982-07-18;27.0;7;27.0
1982-07-19;26.0;7;26.0
1982-07-20;22.0;7;22.0
1982-07-21;18.0;7;18.0
1982-07-22;17.0;7;17.0
1982-07-23;17.0;7;17.0
1982-07-24;16.0;7;16.0
1982-07-25;15.0;7;15.0
1982-07-26;14.0;7;14.0
1982-07-27;14.0;7;14.0
1982-07-28;14.0;7;14.0
1982-07-29;13.0;7;13.0
1982-07-30;13.0;7;13.0
1982-07-31;13.0;7;13.0
1982-08-01;13.0;8;13.0
1982-08-02;22.0;8;22.0
1982-08-03;34.0;8;34.0
1982-08-04;31.0;8;31.0
1982-08-05;27.0;8;27.0
1982-08-06;25.0;8;25.0
1982-08-07;23.0;8;23.0
1982-08-08;20.0;8;20.0
1982-08-09;19.0;8;19.0
1982-08-10;18.0;8;18.0
1982-08-11;17.0;8;17.0
1982-08-12;15.0;8;15.0
1982-08-13;14.0;8;14.0
1982-08-14;13.0;8;13.0
1982-08-15;13.0;8;13.0
1982-08-16;12.0;8;12.0
1982-08-17;12.0;8;12.0
1982-08-18;11.0;8;11.0
1982-08-19;11.0;8;11.0
1982-08-20;10.0;8;10.0
1982-08-21;10.0;8;10.0
1982-08-22;10.0;8;10.0
1982-08-23;9.0;8;9.0
1982-08-24;9.0;8;9.0
1982-08-25;8.0;8;8.0
1982-08-26;8.0;8;8.0
1982-08-27;8.0;8;8.0
1982-08-28;7.0;8;7.0
1982-08-29;7.0;8;7.0
1982-08-30;7.0;8;7.0
1982-08-31;7.0;8;7.0
1982-09-01;8.0;9;8.0
1982-09-02;8.0;9;8.0
1982-09-03;8.0;9;8.0
1982-09-04;7.0;9;7.0
1982-09-05;6.0;9;6.0
1982-09-06;6.0;9;6.0
1982-09-07;5.0;9;5.0
1982-09-08;5.0;9;5.0
1982-09-09;5.0;9;5.0
1982-09-10;6.0;9;6.0
1982-09-11;5.0;9;5.0
1982-09-12;6.0;9;6.0
1982-09-13;11.0;9;11.0
1982-09-14;7.0;9;7.0
1982-09-15;7.0;9;7.0
1982-09-16;8.0;9;8.0
1982-09-17;15.0;9;15.0
1982-09-18;13.0;9;13.0
1982-09-19;13.0;9;13.0
1982-09-20;12.0;9;12.0
1982-09-21;12.0;9;12.0
1982-09-22;11.0;9;11.0
1982-09-23;11.0;9;11.0
1982-09-24;10.0;9;10.0
1982-09-25;9.0;9;9.0
1982-09-26;9.0;9;9.0
1982-09-27;9.0;9;9.0
1982-09-28;8.0;9;8.0
1982-09-29;8.0;9;8.0
1982-09-30;7.0;9;7.0
1982-10-01;7.0;10;7.0
1982-10-02;10.0;10;10.0
1982-10-03;21.0;10;21.0
1982-10-04;18.0;10;18.0
1982-10-05;24.0;10;24.0
1982-10-06;30.0;10;30.0
1982-10-07;23.0;10;23.0
1982-10-08;17.0;10;17.0
1982-10-09;14.0;10;14.0
1982-10-10;12.0;10;12.0
1982-10-11;41.0;10;41.0
1982-10-12;34.0;10;34.0
1982-10-13;28.0;10;28.0
1982-10-14;20.0;10;20.0
1982-10-15;24.0;10;24.0
1982-10-16;16.0;10;16.0
1982-10-17;15.0;10;15.0
1982-10-18;16.0;10;16.0
1982-10-19;20.0;10;20.0
1982-10-20;20.0;10;20.0
1982-10-21;25.0;10;25.0
1982-10-22;29.0;10;29.0
1982-10-23;23.0;10;23.0
1982-10-24;20.0;10;20.0
1982-10-25;18.0;10;18.0
1982-10-26;16.0;10;16.0
1982-10-27;14.0;10;14.0
1982-10-28;12.0;10;12.0
1982-10-29;11.0;10;11.0
1982-10-30;10.0;10;10.0
1982-10-31;10.0;10;10.0
1982-11-01;9.0;11;9.0
1982-11-02;8.0;11;8.0
1982-11-03;8.0;11;8.0
1982-11-04;9.0;11;9.0
1982-11-05;9.0;11;9.0
1982-11-06;8.0;11;8.0
1982-11-07;8.0;11;8.0
1982-11-08;9.0;11;9.0
1982-11-09;8.0;11;8.0
1982-11-10;7.0;11;7.0
1982-11-11;7.0;11;7.0
1982-11-12;7.0;11;7.0
1982-11-13;7.0;11;7.0
1982-11-14;7.0;11;7.0
1982-11-15;7.0;11;7.0
1982-11-16;7.0;11;7.0
1982-11-17;6.0;11;6.0
1982-11-18;8.0;11;8.0
1982-11-19;5.0;11;5.0
1982-11-20;5.0;11;5.0
1982-11-21;5.0;11;5.0
1982-11-22;5.0;11;5.0
1982-11-23;5.0;11;5.0
1982-11-24;5.0;11;5.0
1982-11-25;10.0;11;10.0
1982-11-26;9.0;11;9.0
1982-11-27;9.0;11;9.0
1982-11-28;9.0;11;9.0
1982-11-29;9.0;11;9.0
1982-11-30;9.0;11;9.0
1982-12-01;10.0;12;10.0
1982-12-02;9.0;12;9.0
1982-12-03;9.0;12;9.0
1982-12-04;49.0;12;49.0
1982-12-05;36.0;12;36.0
1982-12-06;34.0;12;34.0
1982-12-07;29.0;12;29.0
1982-12-08;27.0;12;27.0
1982-12-09;25.0;12;25.0
1982-12-10;23.0;12;23.0
1982-12-11;22.0;12;22.0
1982-12-12;22.0;12;22.0
1982-12-13;21.0;12;21.0
1982-12-14;19.0;12;19.0
1982-12-15;17.0;12;17.0
1982-12-16;17.0;12;17.0
1982-12-17;15.0;12;15.0
1982-12-18;14.0;12;14.0
1982-12-19;12.0;12;12.0
1982-12-20;12.0;12;12.0
1982-12-21;12.0;12;12.0
1982-12-22;11.0;12;11.0
1982-12-23;9.0;12;9.0
1982-12-24;9.0;12;9.0
1982-12-25;9.0;12;9.0
1982-12-26;8.0;12;8.0
1982-12-27;8.0;12;8.0
1982-12-28;8.0;12;8.0
1982-12-29;8.0;12;8.0
1982-12-30;7.0;12;7.0
1982-12-31;8.0;12;8.0
1983-01-01;-999.000;1;15.0
1983-01-02;-999.000;1;10.0
1983-01-03;-999.000;1;6.0
1983-01-04;-999.000;1;16.0
1983-01-05;-999.000;1;12.0
1983-01-06;-999.000;1;9.0
1983-01-07;-999.000;1;4.0
1983-01-08;-999.000;1;4.0
1983-01-09;-999.000;1;9.0
1983-01-10;-999.000;1;7.0
1983-01-11;-999.000;1;5.0
1983-01-12;-999.000;1;5.0
1983-01-13;-999.000;1;10.0
1983-01-14;-999.000;1;9.0
1983-01-15;-999.000;1;4.0
1983-01-16;-999.000;1;9.0
1983-01-17;-999.000;1;4.0
1983-01-18;-999.000;1;12.0
1983-01-19;-999.000;1;12.0
1983-01-20;-999.000;1;12.0
1983-01-21;-999.000;1;13.0
1983-01-22;-999.000;1;10.0
1983-01-23;-999.000;1;9.0
1983-01-24;-999.000;1;5.0
1983-01-25;-999.000;1;7.0
1983-01-26;-999.000;1;12.0
1983-01-27;-999.000;1;14.0
1983-01-28;-999.000;1;9.0
1983-01-29;-999.000;1;11.0
1983-01-30;-999.000;1;9.0
1983-01-31;-999.000;1;5.0
1983-02-01;-999.000;2;7.0
1983-02-02;-999.000;2;7.0
1983-02-03;-999.000;2;4.0
1983-02-04;-999.000;2;14.0
1983-02-05;-999.000;2;10.0
1983-02-06;-999.000;2;14.0
1983-02-07;-999.000;2;7.0
1983-02-08;-999.000;2;7.0
1983-02-09;-999.000;2;11.0
1983-02-10;-999.000;2;17.0
1983-02-11;-999.000;2;8.0
1983-02-12;-999.000;2;4.0
1983-02-13;-999.000;2;9.0
1983-02-14;-999.000;2;14.0
1983-02-15;-999.000;2;13.0
1983-02-16;-999.000;2;11.0
1983-02-17;-999.000;2;11.0
1983-02-18;-999.000;2;12.0
1983-02-19;-999.000;2;6.0
1983-02-20;-999.000;2;4.0
1983-02-21;-999.000;2;5.0
1983-02-22;-999.000;2;7.0
1983-02-23;-999.000;2;17.0
1983-02-24;-999.000;2;13.0
1983-02-25;-999.000;2;12.0
1983-02-26;-999.000;2;5.0
1983-02-27;-999.000;2;10.0
1983-02-28;-999.000;2;9.0
1983-03-01;-999.000;3;6.0
1983-03-02;-999.000;3;6.0
1983-03-03;-999.000;3;7.0
1983-03-04;-999.000;3;13.0
1983-03-05;-999.000;3;8.0
1983-03-06;-999.000;3;4.0
1983-03-07;-999.000;3;14.0
1983-03-08;-999.000;3;5.0
1983-03-09;-999.000;3;14.0
1983-03-10;-999.000;3;7.0
1983-03-11;-999.000;3;8.0
1983-03-12;-999.000;3;18.0
1983-03-13;-999.000;3;8.0
1983-03-14;-999.000;3;8.0
1983-03-15;-999.000;3;5.0
1983-03-16;-999.000;3;8.0
1983-03-17;-999.000;3;4.0
1983-03-18;-999.000;3;21.0
1983-03-19;-999.000;3;8.0
1983-03-20;-999.000;3;8.0
1983-03-21;-999.000;3;7.0
1983-03-22;-999.000;3;10.0
1983-03-23;-999.000;3;5.0
1983-03-24;-999.000;3;3.0
1983-03-25;-999.000;3;8.0
1983-03-26;-999.000;3;6.0
1983-03-27;-999.000;3;6.0
1983-03-28;-999.000;3;5.0
1983-03-29;-999.000;3;9.0
1983-03-30;-999.000;3;6.0
1983-03-31;-999.000;3;8.0
1983-04-01;-999.000;4;7.0
1983-04-02;-999.000;4;5.0
1983-04-03;-999.000;4;20.0
1983-04-04;-999.000;4;25.0
1983-04-05;-999.000;4;8.0
1983-04-06;-999.000;4;34.0
1983-04-07;-999.000;4;9.0
1983-04-08;-999.000;4;12.0
1983-04-09;-999.000;4;4.0
1983-04-10;-999.000;4;24.0
1983-04-11;-999.000;4;28.0
1983-04-12;-999.000;4;26.0
1983-04-13;-999.000;4;10.0
1983-04-14;-999.000;4;9.0
1983-04-15;-999.000;4;6.0
1983-04-16;-999.000;4;8.0
1983-04-17;-999.000;4;9.0
1983-04-18;-999.000;4;15.0
1983-04-19;-999.000;4;19.0
1983-04-20;-999.000;4;9.0
1983-04-21;-999.000;4;9.0
1983-04-22;-999.000;4;15.0
1983-04-23;-999.000;4;8.0
1983-04-24;-999.000;4;35.0
1983-04-25;-999.000;4;30.0
1983-04-26;-999.000;4;17.0
1983-04-27;-999.000;4;4.0
1983-04-28;-999.000;4;8.0
1983-04-29;-999.000;4;25.0
1983-04-30;-999.000;4;27.0
1983-05-01;-999.000;5;18.0
1983-05-02;-999.000;5;18.0
1983-05-03;-999.000;5;8.0
1983-05-04;-999.000;5;20.0
1983-05-05;-999.000;5;22.0
1983-05-06;-999.000;5;16.0
1983-05-07;-999.000;5;15.0
1983-05-08;-999.000;5;6.0
1983-05-09;-999.000;5;13.0
1983-05-10;-999.000;5;13.0
1983-05-11;-999.000;5;11.0
1983-05-12;-999.000;5;9.0
1983-05-13;-999.000;5;12.0
1983-05-14;-999.000;5;12.0
1983-05-15;-999.000;5;10.0
1983-05-16;-999.000;5;10.0
1983-05-17;-999.000;5;7.0
1983-05-18;-999.000;5;10.0
1983-05-19;-999.000;5;9.0
1983-05-20;-999.000;5;15.0
1983-05-21;-999.000;5;9.0
1983-05-22;-999.000;5;20.0
1983-05-23;-999.000;5;9.0
1983-05-24;-999.000;5;12.0
1983-05-25;-999.000;5;9.0
1983-05-26;-999.000;5;8.0
1983-05-27;-999.000;5;18.0
1983-05-28;-999.000;5;11.0
1983-05-29;-999.000;5;9.0
1983-05-30;-999.000;5;11.0
1983-05-31;-999.000;5;10.0
1983-06-01;-999.000;6;12.0
1983-06-02;-999.000;6;21.0
1983-06-03;-999.000;6;34.0
1983-06-04;-999.000;6;7.0
1983-06-05;-999.000;6;8.0
1983-06-06;-999.000;6;5.0
1983-06-07;-999.000;6;15.0
1983-06-08;-999.000;6;15.0
1983-06-09;-999.000;6;14.0
1983-06-10;-999.000;6;22.0
1983-06-11;-999.000;6;27.0
1983-06-12;-999.000;6;17.0
1983-06-13;-999.000;6;8.0
1983-06-14;-999.000;6;18.0
1983-06-15;-999.000;6;21.0
1983-06-16;-999.000;6;18.0
1983-06-17;-999.000;6;17.0
1983-06-18;-999.000;6;4.0
1983-06-19;-999.000;6;17.0
1983-06-20;-999.000;6;11.0
1983-06-21;-999.000;6;26.0
1983-06-22;-999.000;6;14.0
1983-06-23;-999.000;6;13.0
1983-06-24;-999.000;6;13.0
1983-06-25;-999.000;6;5.0
1983-06-26;-999.000;6;19.0
1983-06-27;-999.000;6;5.0
1983-06-28;-999.000;6;19.0
1983-06-29;-999.000;6;19.0
1983-06-30;-999.000;6;16.0
1983-07-01;-999.000;7;9.0
1983-07-02;-999.000;7;19.0
1983-07-03;-999.000;7;14.0
1983-07-04;-999.000;7;12.0
1983-07-05;-999.000;7;13.0
1983-07-06;-999.000;7;12.0
1983-07-07;-999.000;7;7.0
1983-07-08;-999.000;7;14.0
1983-07-09;-999.000;7;8.0
1983-07-10;-999.000;7;11.0
1983-07-11;-999.000;7;13.0
1983-07-12;-999.000;7;27.0
1983-07-13;-999.000;7;7.0
1983-07-14;-999.000;7;6.0
1983-07-15;-999.000;7;11.0
1983-07-16;-999.000;7;14.0
1983-07-17;-999.000;7;11.0
1983-07-18;-999.000;7;13.0
1983-07-19;-999.000;7;14.0
1983-07-20;-999.000;7;12.0
1983-07-21;-999.000;7;8.0
1983-07-22;-999.000;7;29.0
1983-07-23;-999.000;7;9.0
1983-07-24;-999.000;7;8.0
1983-07-25;-999.000;7;13.0
1983-07-26;-999.000;7;17.0
1983-07-27;-999.000;7;14.0
1983-07-28;-999.000;7;11.0
1983-07-29;-999.000;7;11.0
1983-07-30;-999.000;7;12.0
1983-07-31;-999.000;7;16.0
1983-08-01;-999.000;8;6.0
1983-08-02;-999.000;8;9.0
1983-08-03;-999.000;8;7.0
1983-08-04;-999.000;8;12.0
1983-08-05;-999.000;8;13.0
1983-08-06;-999.000;8;10.0
1983-08-07;-999.000;8;14.0
1983-08-08;-999.000;8;8.0
1983-08-09;-999.000;8;7.0
1983-08-10;-999.000;8;5.0
1983-08-11;-999.000;8;15.0
1983-08-12;-999.000;8;4.0
1983-08-13;-999.000;8;9.0
1983-08-14;-999.000;8;6.0
1983-08-15;-999.000;8;11.0
1983-08-16;-999.000;8;14.0
1983-08-17;-999.000;8;11.0
1983-08-18;-999.000;8;9.0
1983-08-19;-999.000;8;8.0
1983-08-20;-999.000;8;13.0
1983-08-21;-999.000;8;7.0
1983-08-22;-999.000;8;10.0
1983-08-23;-999.000;8;9.0
1983-08-24;-999.000;8;11.0
1983-08-25;-999.000;8;19.0
1983-08-26;-999.000;8;8.0
1983-08-27;-999.000;8;9.0
1983-08-28;-999.000;8;10.0
1983-08-29;-999.000;8;10.0
1983-08-30;-999.000;8;12.0
1983-08-31;-999.000;8;21.0
1983-09-01;-999.000;9;10.0
1983-09-02;-999.000;9;9.0
1983-09-03;-999.000;9;9.0
1983-09-04;-999.000;9;25.0
1983-09-05;-999.000;9;17.0
1983-09-06;-999.000;9;15.0
1983-09-07;-999.000;9;7.0
1983-09-08;-999.000;9;9.0
1983-09-09;-999.000;9;22.0
1983-09-10;-999.000;9;6.0
1983-09-11;-999.000;9;15.0
1983-09-12;-999.000;9;5.0
1983-09-13;-999.000;9;14.0
1983-09-14;-999.000;9;9.0
1983-09-15;-999.000;9;6.0
1983-09-16;-999.000;9;13.0
1983-09-17;-999.000;9;14.0
1983-09-18;-999.000;9;17.0
1983-09-19;-999.000;9;5.0
1983-09-20;-999.000;9;10.0
1983-09-21;-999.000;9;19.0
1983-09-22;-999.000;9;31.0
1983-09-23;-999.000;9;19.0
1983-09-24;-999.000;9;12.0
1983-09-25;-999.000;9;19.0
1983-09-26;-999.000;9;8.0
1983-09-27;-999.000;9;10.0
1983-09-28;-999.000;9;15.0
1983-09-29;-999.000;9;13.0
1983-09-30;-999.000;9;11.0
1983-10-01;-999.000;10;15.0
1983-10-02;-999.000;10;26.0
1983-10-03;-999.000;10;29.0
1983-10-04;-999.000;10;18.0
1983-10-05;-999.000;10;18.0
1983-10-06;-999.000;10;7.0
1983-10-07;-999.000;10;17.0
1983-10-08;-999.000;10;29.0
1983-10-09;-999.000;10;15.0
1983-10-10;-999.000;10;24.0
1983-10-11;-999.000;10;19.0
1983-10-12;-999.000;10;13.0
1983-10-13;-999.000;10;7.0
1983-10-14;-999.000;10;7.0
1983-10-15;-999.000;10;10.0
1983-10-16;-999.000;10;17.0
1983-10-17;-999.000;10;14.0
1983-10-18;-999.000;10;6.0
1983-10-19;-999.000;10;15.0
1983-10-20;-999.000;10;6.0
1983-10-21;-999.000;10;7.0
1983-10-22;-999.000;10;11.0
1983-10-23;-999.000;10;14.0
1983-10-24;-999.000;10;5.0
1983-10-25;-999.000;10;8.0
1983-10-26;-999.000;10;6.0
1983-10-27;-999.000;10;19.0
1983-10-28;-999.000;10;7.0
1983-10-29;-999.000;10;7.0
1983-10-30;-999.000;10;19.0
1983-10-31;-999.000;10;8.0
1983-11-01;-999.000;11;7.0
1983-11-02;-999.000;11;10.0
1983-11-03;-999.000;11;9.0
1983-11-04;-999.000;11;4.0
1983-11-05;-999.000;11;19.0
1983-11-06;-999.000;11;22.0
1983-11-07;-999.000;11;15.0
1983-11-08;-999.000;11;9.0
1983-11-09;-999.000;11;9.0
1983-11-10;-999.000;11;12.0
1983-11-11;-999.000;11;15.0
1983-11-12;-999.000;11;12.0
1983-11-13;-999.000;11;8.0
1983-11-14;-999.000;11;7.0
1983-11-15;-999.000;11;17.0
1983-11-16;-999.000;11;7.0
1983-11-17;-999.000;11;18.0
1983-11-18;-999.000;11;7.0
1983-11-19;-999.000;11;9.0
1983-11-20;-999.000;11;9.0
1983-11-21;-999.000;11;12.0
1983-11-22;-999.000;11;18.0
1983-11-23;-999.000;11;22.0
1983-11-24;-999.000;11;8.0
1983-11-25;-999.000;11;21.0
1983-11-26;-999.000;11;9.0
1983-11-27;-999.000;11;5.0
1983-11-28;-999.000;11;5.0
1983-11-29;-999.000;11;8.0
1983-11-30;-999.000;11;19.0
1983-12-01;-999.000;12;26.0
1983-12-02;-999.000;12;14.0
1983-12-03;-999.000;12;16.0
1983-12-04;-999.000;12;12.0
1983-12-05;-999.000;12;11.0
1983-12-06;-999.000;12;13.0
1983-12-07;-999.000;12;38.0
1983-12-08;-999.000;12;21.0
1983-12-09;-999.000;12;13.0
1983-12-10;-999.000;12;12.0
1983-12-11;-999.000;12;11.0
1983-12-12;-999.000;12;8.0
1983-12-13;-999.000;12;17.0
1983-12-14;-999.000;12;16.0
1983-12-15;-999.000;12;13.0
1983-12-16;-999.000;12;12.0
1983-12-17;-999.000;12;13.0
1983-12-18;-999.000;12;15.0
1983-12-19;-999.000;12;17.0
1983-12-20;-999.000;12;11.0
1983-12-21;-999.000;12;16.0
1983-12-22;-999.000;12;13.0
1983-12-23;-999.000;12;13.0
1983-12-24;-999.000;12;12.0
1983-12-25;-999.000;12;15.0
1983-12-26;-999.000;12;17.0
1983-12-27;-999.000;12;17.0
1983-12-28;-999.000;12;14.0
1983-12-29;-999.000;12;26.0
1983-12-30;-999.000;12;11.0
1983-12-31;-999.000;12;11.0
1984-01-01;8.0;1;8.0
1984-01-02;8.0;1;8.0
1984-01-03;7.0;1;7.0
1984-01-04;7.0;1;7.0
1984-01-05;7.0;1;7.0
1984-01-06;7.0;1;7.0
1984-01-07;7.0;1;7.0
1984-01-08;7.0;1;7.0
1984-01-09;6.0;1;6.0
1984-01-10;6.0;1;6.0
1984-01-11;6.0;1;6.0
1984-01-12;5.0;1;5.0
1984-01-13;5.0;1;5.0
1984-01-14;5.0;1;5.0
1984-01-15;5.0;1;5.0
1984-01-16;5.0;1;5.0
1984-01-17;5.0;1;5.0
1984-01-18;5.0;1;5.0
1984-01-19;4.0;1;4.0
1984-01-20;4.0;1;4.0
1984-01-21;4.0;1;4.0
1984-01-22;4.0;1;4.0
1984-01-23;4.0;1;4.0
1984-01-24;4.0;1;4.0
1984-01-25;4.0;1;4.0
1984-01-26;4.0;1;4.0
1984-01-27;3.0;1;3.0
1984-01-28;3.0;1;3.0
1984-01-29;3.0;1;3.0
1984-01-30;3.0;1;3.0
1984-01-31;3.0;1;3.0
1984-02-01;7.0;2;7.0
1984-02-02;6.0;2;6.0
1984-02-03;6.0;2;6.0
1984-02-04;6.0;2;6.0
1984-02-05;8.0;2;8.0
1984-02-06;7.0;2;7.0
1984-02-07;7.0;2;7.0
1984-02-08;6.0;2;6.0
1984-02-09;6.0;2;6.0
1984-02-10;6.0;2;6.0
1984-02-11;7.0;2;7.0
1984-02-12;7.0;2;7.0
1984-02-13;8.0;2;8.0
1984-02-14;8.0;2;8.0
1984-02-15;7.0;2;7.0
1984-02-16;12.0;2;12.0
1984-02-17;8.0;2;8.0
1984-02-18;12.0;2;12.0
1984-02-19;10.0;2;10.0
1984-02-20;11.0;2;11.0
1984-02-21;17.0;2;17.0
1984-02-22;12.0;2;12.0
1984-02-23;10.0;2;10.0
1984-02-24;9.0;2;9.0
1984-02-25;8.0;2;8.0
1984-02-26;11.0;2;11.0
1984-02-27;6.0;2;6.0
1984-02-28;10.0;2;10.0
1984-02-29;7.0;2;7.0
1984-03-01;7.0;3;7.0
1984-03-02;7.0;3;7.0
1984-03-03;7.0;3;7.0
1984-03-04;6.0;3;6.0
1984-03-05;7.0;3;7.0
1984-03-06;7.0;3;7.0
1984-03-07;7.0;3;7.0
1984-03-08;12.0;3;12.0
1984-03-09;9.0;3;9.0
1984-03-10;11.0;3;11.0
1984-03-11;9.0;3;9.0
1984-03-12;15.0;3;15.0
1984-03-13;9.0;3;9.0
1984-03-14;9.0;3;9.0
1984-03-15;10.0;3;10.0
1984-03-16;9.0;3;9.0
1984-03-17;8.0;3;8.0
1984-03-18;8.0;3;8.0
1984-03-19;11.0;3;11.0
1984-03-20;9.0;3;9.0
1984-03-21;10.0;3;10.0
1984-03-22;9.0;3;9.0
1984-03-23;8.0;3;8.0
1984-03-24;8.0;3;8.0
1984-03-25;7.0;3;7.0
1984-03-26;8.0;3;8.0
1984-03-27;8.0;3;8.0
1984-03-28;10.0;3;10.0
1984-03-29;8.0;3;8.0
1984-03-30;7.0;3;7.0
1984-03-31;7.0;3;7.0
1984-04-01;8.0;4;8.0
1984-04-02;7.0;4;7.0
1984-04-03;8.0;4;8.0
1984-04-04;8.0;4;8.0
1984-04-05;13.0;4;13.0
1984-04-06;9.0;4;9.0
1984-04-07;8.0;4;8.0
1984-04-08;8.0;4;8.0
1984-04-09;8.0;4;8.0
1984-04-10;7.0;4;7.0
1984-04-11;11.0;4;11.0
1984-04-12;6.0;4;6.0
1984-04-13;7.0;4;7.0
1984-04-14;6.0;4;6.0
1984-04-15;7.0;4;7.0
1984-04-16;6.0;4;6.0
1984-04-17;10.0;4;10.0
1984-04-18;7.0;4;7.0
1984-04-19;7.0;4;7.0
1984-04-20;7.0;4;7.0
1984-04-21;6.0;4;6.0
1984-04-22;8.0;4;8.0
1984-04-23;9.0;4;9.0
1984-04-24;6.0;4;6.0
1984-04-25;5.0;4;5.0
1984-04-26;5.0;4;5.0
1984-04-27;5.0;4;5.0
1984-04-28;6.0;4;6.0
1984-04-29;8.0;4;8.0
1984-04-30;5.0;4;5.0
1984-05-01;6.0;5;6.0
1984-05-02;7.0;5;7.0
1984-05-03;6.0;5;6.0
1984-05-04;5.0;5;5.0
1984-05-05;18.0;5;18.0
1984-05-06;7.0;5;7.0
1984-05-07;6.0;5;6.0
1984-05-08;9.0;5;9.0
1984-05-09;18.0;5;18.0
1984-05-10;13.0;5;13.0
1984-05-11;12.0;5;12.0
1984-05-12;15.0;5;15.0
1984-05-13;11.0;5;11.0
1984-05-14;10.0;5;10.0
1984-05-15;14.0;5;14.0
1984-05-16;11.0;5;11.0
1984-05-17;11.0;5;11.0
1984-05-18;10.0;5;10.0
1984-05-19;9.0;5;9.0
1984-05-20;9.0;5;9.0
1984-05-21;8.0;5;8.0
1984-05-22;9.0;5;9.0
1984-05-23;15.0;5;15.0
1984-05-24;9.0;5;9.0
1984-05-25;8.0;5;8.0
1984-05-26;9.0;5;9.0
1984-05-27;8.0;5;8.0
1984-05-28;8.0;5;8.0
1984-05-29;8.0;5;8.0
1984-05-30;9.0;5;9.0
1984-05-31;16.0;5;16.0
1984-06-01;34.0;6;34.0
1984-06-02;32.0;6;32.0
1984-06-03;31.0;6;31.0
1984-06-04;29.0;6;29.0
1984-06-05;28.0;6;28.0
1984-06-06;27.0;6;27.0
1984-06-07;26.0;6;26.0
1984-06-08;25.0;6;25.0
1984-06-09;24.0;6;24.0
1984-06-10;23.0;6;23.0
1984-06-11;23.0;6;23.0
1984-06-12;22.0;6;22.0
1984-06-13;22.0;6;22.0
1984-06-14;21.0;6;21.0
1984-06-15;21.0;6;21.0
1984-06-16;20.0;6;20.0
1984-06-17;19.0;6;19.0
1984-06-18;18.0;6;18.0
1984-06-19;17.0;6;17.0
1984-06-20;17.0;6;17.0
1984-06-21;16.0;6;16.0
1984-06-22;15.0;6;15.0
1984-06-23;14.0;6;14.0
1984-06-24;16.0;6;16.0
1984-06-25;11.0;6;11.0
1984-06-26;6.0;6;6.0
1984-06-27;5.0;6;5.0
1984-06-28;5.0;6;5.0
1984-06-29;8.0;6;8.0
1984-06-30;7.0;6;7.0
1984-07-01;7.0;7;7.0
1984-07-02;8.0;7;8.0
1984-07-03;8.0;7;8.0
1984-07-04;7.0;7;7.0
1984-07-05;7.0;7;7.0
1984-07-06;9.0;7;9.0
1984-07-07;10.0;7;10.0
1984-07-08;10.0;7;10.0
1984-07-09;9.0;7;9.0
1984-07-10;10.0;7;10.0
1984-07-11;10.0;7;10.0
1984-07-12;8.0;7;8.0
1984-07-13;7.0;7;7.0
1984-07-14;7.0;7;7.0
1984-07-15;9.0;7;9.0
1984-07-16;9.0;7;9.0
1984-07-17;10.0;7;10.0
1984-07-18;9.0;7;9.0
1984-07-19;10.0;7;10.0
1984-07-20;23.0;7;23.0
1984-07-21;16.0;7;16.0
1984-07-22;15.0;7;15.0
1984-07-23;11.0;7;11.0
1984-07-24;12.0;7;12.0
1984-07-25;9.0;7;9.0
1984-07-26;10.0;7;10.0
1984-07-27;9.0;7;9.0
1984-07-28;10.0;7;10.0
1984-07-29;10.0;7;10.0
1984-07-30;8.0;7;8.0
1984-07-31;-999.000;7;9.0
1984-08-01;8.0;8;8.0
1984-08-02;9.0;8;9.0
1984-08-03;11.0;8;11.0
1984-08-04;15.0;8;15.0
1984-08-05;10.0;8;10.0
1984-08-06;8.0;8;8.0
1984-08-07;7.0;8;7.0
1984-08-08;7.0;8;7.0
1984-08-09;9.0;8;9.0
1984-08-10;7.0;8;7.0
1984-08-11;8.0;8;8.0
1984-08-12;7.0;8;7.0
1984-08-13;9.0;8;9.0
1984-08-14;9.0;8;9.0
1984-08-15;12.0;8;12.0
1984-08-16;13.0;8;13.0
1984-08-17;9.0;8;9.0
1984-08-18;8.0;8;8.0
1984-08-19;19.0;8;19.0
1984-08-20;16.0;8;16.0
1984-08-21;14.0;8;14.0
1984-08-22;11.0;8;11.0
1984-08-23;10.0;8;10.0
1984-08-24;9.0;8;9.0
1984-08-25;10.0;8;10.0
1984-08-26;10.0;8;10.0
1984-08-27;10.0;8;10.0
1984-08-28;10.0;8;10.0
1984-08-29;10.0;8;10.0
1984-08-30;10.0;8;10.0
1984-08-31;10.0;8;10.0
1984-09-01;10.0;9;10.0
1984-09-02;11.0;9;11.0
1984-09-03;8.0;9;8.0
1984-09-04;8.0;9;8.0
1984-09-05;7.0;9;7.0
1984-09-06;7.0;9;7.0
1984-09-07;7.0;9;7.0
1984-09-08;6.0;9;6.0
1984-09-09;10.0;9;10.0
1984-09-10;15.0;9;15.0
1984-09-11;11.0;9;11.0
1984-09-12;11.0;9;11.0
1984-09-13;9.0;9;9.0
1984-09-14;8.0;9;8.0
1984-09-15;8.0;9;8.0
1984-09-16;8.0;9;8.0
1984-09-17;9.0;9;9.0
1984-09-18;8.0;9;8.0
1984-09-19;7.0;9;7.0
1984-09-20;7.0;9;7.0
1984-09-21;7.0;9;7.0
1984-09-22;9.0;9;9.0
1984-09-23;8.0;9;8.0
1984-09-24;7.0;9;7.0
1984-09-25;6.0;9;6.0
1984-09-26;6.0;9;6.0
1984-09-27;6.0;9;6.0
1984-09-28;7.0;9;7.0
1984-09-29;6.0;9;6.0
1984-09-30;6.0;9;6.0
1984-10-01;6.0;10;6.0
1984-10-02;5.0;10;5.0
1984-10-03;7.0;10;7.0
1984-10-04;6.0;10;6.0
1984-10-05;7.0;10;7.0
1984-10-06;7.0;10;7.0
1984-10-07;7.0;10;7.0
1984-10-08;7.0;10;7.0
1984-10-09;8.0;10;8.0
1984-10-10;8.0;10;8.0
1984-10-11;8.0;10;8.0
1984-10-12;9.0;10;9.0
1984-10-13;9.0;10;9.0
1984-10-14;7.0;10;7.0
1984-10-15;7.0;10;7.0
1984-10-16;10.0;10;10.0
1984-10-17;12.0;10;12.0
1984-10-18;10.0;10;10.0
1984-10-19;10.0;10;10.0
1984-10-20;9.0;10;9.0
1984-10-21;8.0;10;8.0
1984-10-22;8.0;10;8.0
1984-10-23;9.0;10;9.0
1984-10-24;6.0;10;6.0
1984-10-25;6.0;10;6.0
1984-10-26;6.0;10;6.0
1984-10-27;5.0;10;5.0
1984-10-28;7.0;10;7.0
1984-10-29;6.0;10;6.0
1984-10-30;5.0;10;5.0
1984-10-31;7.0;10;7.0
1984-11-01;15.0;11;15.0
1984-11-02;14.0;11;14.0
1984-11-03;14.0;11;14.0
1984-11-04;14.0;11;14.0
1984-11-05;17.0;11;17.0
1984-11-06;14.0;11;14.0
1984-11-07;25.0;11;25.0
1984-11-08;21.0;11;21.0
1984-11-09;16.0;11;16.0
1984-11-10;15.0;11;15.0
1984-11-11;14.0;11;14.0
1984-11-12;13.0;11;13.0
1984-11-13;15.0;11;15.0
1984-11-14;14.0;11;14.0
1984-11-15;17.0;11;17.0
1984-11-16;22.0;11;22.0
1984-11-17;22.0;11;22.0
1984-11-18;21.0;11;21.0
1984-11-19;20.0;11;20.0
1984-11-20;19.0;11;19.0
1984-11-21;19.0;11;19.0
1984-11-22;18.0;11;18.0
1984-11-23;17.0;11;17.0
1984-11-24;17.0;11;17.0
1984-11-25;16.0;11;16.0
1984-11-26;16.0;11;16.0
1984-11-27;15.0;11;15.0
1984-11-28;15.0;11;15.0
1984-11-29;14.0;11;14.0
1984-11-30;14.0;11;14.0
1984-12-01;13.0;12;13.0
1984-12-02;13.0;12;13.0
1984-12-03;12.0;12;12.0
1984-12-04;13.0;12;13.0
1984-12-05;23.0;12;23.0
1984-12-06;22.0;12;22.0
1984-12-07;21.0;12;21.0
1984-12-08;19.0;12;19.0
1984-12-09;17.0;12;17.0
1984-12-10;14.0;12;14.0
1984-12-11;13.0;12;13.0
1984-12-12;13.0;12;13.0
1984-12-13;13.0;12;13.0
1984-12-14;9.0;12;9.0
1984-12-15;9.0;12;9.0
1984-12-16;9.0;12;9.0
1984-12-17;12.0;12;12.0
1984-12-18;10.0;12;10.0
1984-12-19;10.0;12;10.0
1984-12-20;10.0;12;10.0
1984-12-21;11.0;12;11.0
1984-12-22;10.0;12;10.0
1984-12-23;13.0;12;13.0
1984-12-24;14.0;12;14.0
1984-12-25;12.0;12;12.0
1984-12-26;11.0;12;11.0
1984-12-27;11.0;12;11.0
1984-12-28;11.0;12;11.0
1984-12-29;10.0;12;10.0
1984-12-30;-999.000;12;49.0
1984-12-31;-999.000;12;9.0
1985-01-01;10.0;1;10.0
1985-01-02;10.0;1;10.0
1985-01-03;10.0;1;10.0
1985-01-04;10.0;1;10.0
1985-01-05;10.0;1;10.0
1985-01-06;10.0;1;10.0
1985-01-07;13.0;1;13.0
1985-01-08;11.0;1;11.0
1985-01-09;10.0;1;10.0
1985-01-10;9.0;1;9.0
1985-01-11;9.0;1;9.0
1985-01-12;9.0;1;9.0
1985-01-13;9.0;1;9.0
1985-01-14;8.0;1;8.0
1985-01-15;8.0;1;8.0
1985-01-16;9.0;1;9.0
1985-01-17;8.0;1;8.0
1985-01-18;13.0;1;13.0
1985-01-19;8.0;1;8.0
1985-01-20;8.0;1;8.0
1985-01-21;8.0;1;8.0
1985-01-22;8.0;1;8.0
1985-01-23;8.0;1;8.0
1985-01-24;9.0;1;9.0
1985-01-25;8.0;1;8.0
1985-01-26;9.0;1;9.0
1985-01-27;12.0;1;12.0
1985-01-28;9.0;1;9.0
1985-01-29;11.0;1;11.0
1985-01-30;10.0;1;10.0
1985-01-31;13.0;1;13.0
1985-02-01;11.0;2;11.0
1985-02-02;10.0;2;10.0
1985-02-03;9.0;2;9.0
1985-02-04;10.0;2;10.0
1985-02-05;9.0;2;9.0
1985-02-06;9.0;2;9.0
1985-02-07;9.0;2;9.0
1985-02-08;9.0;2;9.0
1985-02-09;9.0;2;9.0
1985-02-10;8.0;2;8.0
1985-02-11;9.0;2;9.0
1985-02-12;8.0;2;8.0
1985-02-13;8.0;2;8.0
1985-02-14;11.0;2;11.0
1985-02-15;10.0;2;10.0
1985-02-16;13.0;2;13.0
1985-02-17;11.0;2;11.0
1985-02-18;10.0;2;10.0
1985-02-19;10.0;2;10.0
1985-02-20;11.0;2;11.0
1985-02-21;10.0;2;10.0
1985-02-22;10.0;2;10.0
1985-02-23;10.0;2;10.0
1985-02-24;11.0;2;11.0
1985-02-25;11.0;2;11.0
1985-02-26;12.0;2;12.0
1985-02-27;13.0;2;13.0
1985-02-28;13.0;2;13.0
1985-03-01;21.0;3;21.0
1985-03-02;18.0;3;18.0
1985-03-03;18.0;3;18.0
1985-03-04;15.0;3;15.0
1985-03-05;14.0;3;14.0
1985-03-06;13.0;3;13.0
1985-03-07;14.0;3;14.0
1985-03-08;18.0;3;18.0
1985-03-09;14.0;3;14.0
1985-03-10;14.0;3;14.0
1985-03-11;12.0;3;12.0
1985-03-12;12.0;3;12.0
1985-03-13;12.0;3;12.0
1985-03-14;12.0;3;12.0
1985-03-15;14.0;3;14.0
1985-03-16;14.0;3;14.0
1985-03-17;14.0;3;14.0
1985-03-18;15.0;3;15.0
1985-03-19;15.0;3;15.0
1985-03-20;17.0;3;17.0
1985-03-21;17.0;3;17.0
1985-03-22;16.0;3;16.0
1985-03-23;15.0;3;15.0
1985-03-24;15.0;3;15.0
1985-03-25;16.0;3;16.0
1985-03-26;17.0;3;17.0
1985-03-27;19.0;3;19.0
1985-03-28;18.0;3;18.0
1985-03-29;17.0;3;17.0
1985-03-30;16.0;3;16.0
1985-03-31;19.0;3;19.0
1985-04-01;21.0;4;21.0
1985-04-02;18.0;4;18.0
1985-04-03;18.0;4;18.0
1985-04-04;20.0;4;20.0
1985-04-05;20.0;4;20.0
1985-04-06;19.0;4;19.0
1985-04-07;22.0;4;22.0
1985-04-08;21.0;4;21.0
1985-04-09;18.0;4;18.0
1985-04-10;24.0;4;24.0
1985-04-11;21.0;4;21.0
1985-04-12;20.0;4;20.0
1985-04-13;20.0;4;20.0
1985-04-14;23.0;4;23.0
1985-04-15;23.0;4;23.0
1985-04-16;22.0;4;22.0
1985-04-17;22.0;4;22.0
1985-04-18;20.0;4;20.0
1985-04-19;18.0;4;18.0
1985-04-20;17.0;4;17.0
1985-04-21;16.0;4;16.0
1985-04-22;20.0;4;20.0
1985-04-23;25.0;4;25.0
1985-04-24;25.0;4;25.0
1985-04-25;24.0;4;24.0
1985-04-26;19.0;4;19.0
1985-04-27;22.0;4;22.0
1985-04-28;25.0;4;25.0
1985-04-29;28.0;4;28.0
1985-04-30;27.0;4;27.0
1985-05-01;25.0;5;25.0
1985-05-02;23.0;5;23.0
1985-05-03;25.0;5;25.0
1985-05-04;23.0;5;23.0
1985-05-05;20.0;5;20.0
1985-05-06;22.0;5;22.0
1985-05-07;20.0;5;20.0
1985-05-08;23.0;5;23.0
1985-05-09;24.0;5;24.0
1985-05-10;24.0;5;24.0
1985-05-11;22.0;5;22.0
1985-05-12;23.0;5;23.0
1985-05-13;27.0;5;27.0
1985-05-14;25.0;5;25.0
1985-05-15;30.0;5;30.0
1985-05-16;24.0;5;24.0
1985-05-17;22.0;5;22.0
1985-05-18;20.0;5;20.0
1985-05-19;20.0;5;20.0
1985-05-20;19.0;5;19.0
1985-05-21;18.0;5;18.0
1985-05-22;18.0;5;18.0
1985-05-23;16.0;5;16.0
1985-05-24;19.0;5;19.0
1985-05-25;15.0;5;15.0
1985-05-26;14.0;5;14.0
1985-05-27;14.0;5;14.0
1985-05-28;13.0;5;13.0
1985-05-29;13.0;5;13.0
1985-05-30;13.0;5;13.0
1985-05-31;13.0;5;13.0
1985-06-01;18.0;6;18.0
1985-06-02;15.0;6;15.0
1985-06-03;16.0;6;16.0
1985-06-04;15.0;6;15.0
1985-06-05;13.0;6;13.0
1985-06-06;12.0;6;12.0
1985-06-07;12.0;6;12.0
1985-06-08;12.0;6;12.0
1985-06-09;13.0;6;13.0
1985-06-10;14.0;6;14.0
1985-06-11;14.0;6;14.0
1985-06-12;13.0;6;13.0
1985-06-13;12.0;6;12.0
1985-06-14;16.0;6;16.0
1985-06-15;24.0;6;24.0
1985-06-16;21.0;6;21.0
1985-06-17;18.0;6;18.0
1985-06-18;19.0;6;19.0
1985-06-19;17.0;6;17.0
1985-06-20;20.0;6;20.0
1985-06-21;17.0;6;17.0
1985-06-22;15.0;6;15.0
1985-06-23;20.0;6;20.0
1985-06-24;23.0;6;23.0
1985-06-25;20.0;6;20.0
1985-06-26;19.0;6;19.0
1985-06-27;18.0;6;18.0
1985-06-28;17.0;6;17.0
1985-06-29;16.0;6;16.0
1985-06-30;16.0;6;16.0
1985-07-01;24.0;7;24.0
1985-07-02;13.0;7;13.0
1985-07-03;13.0;7;13.0
1985-07-04;11.0;7;11.0
1985-07-05;12.0;7;12.0
1985-07-06;11.0;7;11.0
1985-07-07;11.0;7;11.0
1985-07-08;14.0;7;14.0
1985-07-09;12.0;7;12.0
1985-07-10;13.0;7;13.0
1985-07-11;13.0;7;13.0
1985-07-12;11.0;7;11.0
1985-07-13;18.0;7;18.0
1985-07-14;13.0;7;13.0
1985-07-15;15.0;7;15.0
1985-07-16;19.0;7;19.0
1985-07-17;14.0;7;14.0
1985-07-18;14.0;7;14.0
1985-07-19;17.0;7;17.0
1985-07-20;17.0;7;17.0
1985-07-21;17.0;7;17.0
1985-07-22;14.0;7;14.0
1985-07-23;14.0;7;14.0
1985-07-24;13.0;7;13.0
1985-07-25;13.0;7;13.0
1985-07-26;21.0;7;21.0
1985-07-27;16.0;7;16.0
1985-07-28;20.0;7;20.0
1985-07-29;35.0;7;35.0
1985-07-30;49.0;7;49.0
1985-07-31;44.0;7;44.0
1985-08-01;41.0;8;41.0
1985-08-02;39.0;8;39.0
1985-08-03;34.0;8;34.0
1985-08-04;34.0;8;34.0
1985-08-05;30.0;8;30.0
1985-08-06;26.0;8;26.0
1985-08-07;47.0;8;47.0
1985-08-08;41.0;8;41.0
1985-08-09;45.0;8;45.0
1985-08-10;47.0;8;47.0
1985-08-11;45.0;8;45.0
1985-08-12;41.0;8;41.0
1985-08-13;40.0;8;40.0
1985-08-14;37.0;8;37.0
1985-08-15;36.0;8;36.0
1985-08-16;34.0;8;34.0
1985-08-17;33.0;8;33.0
1985-08-18;31.0;8;31.0
1985-08-19;44.0;8;44.0
1985-08-20;51.0;8;51.0
1985-08-21;47.0;8;47.0
1985-08-22;44.0;8;44.0
1985-08-23;41.0;8;41.0
1985-08-24;40.0;8;40.0
1985-08-25;37.0;8;37.0
1985-08-26;34.0;8;34.0
1985-08-27;33.0;8;33.0
1985-08-28;31.0;8;31.0
1985-08-29;29.0;8;29.0
1985-08-30;32.0;8;32.0
1985-08-31;-999.000;8;8.0
1985-09-01;34.0;9;34.0
1985-09-02;31.0;9;31.0
1985-09-03;31.0;9;31.0
1985-09-04;28.0;9;28.0
1985-09-05;27.0;9;27.0
1985-09-06;27.0;9;27.0
1985-09-07;26.0;9;26.0
1985-09-08;24.0;9;24.0
1985-09-09;22.0;9;22.0
1985-09-10;22.0;9;22.0
1985-09-11;21.0;9;21.0
1985-09-12;20.0;9;20.0
1985-09-13;18.0;9;18.0
1985-09-14;18.0;9;18.0
1985-09-15;17.0;9;17.0
1985-09-16;16.0;9;16.0
1985-09-17;15.0;9;15.0
1985-09-18;13.0;9;13.0
1985-09-19;13.0;9;13.0
1985-09-20;13.0;9;13.0
1985-09-21;13.0;9;13.0
1985-09-22;12.0;9;12.0
1985-09-23;12.0;9;12.0
1985-09-24;19.0;9;19.0
1985-09-25;17.0;9;17.0
1985-09-26;16.0;9;16.0
1985-09-27;14.0;9;14.0
1985-09-28;13.0;9;13.0
1985-09-29;13.0;9;13.0
1985-09-30;13.0;9;13.0
1985-10-01;16.0;10;16.0
1985-10-02;10.0;10;10.0
1985-10-03;13.0;10;13.0
1985-10-04;11.0;10;11.0
1985-10-05;9.0;10;9.0
1985-10-06;10.0;10;10.0
1985-10-07;11.0;10;11.0
1985-10-08;11.0;10;11.0
1985-10-09;8.0;10;8.0
1985-10-10;8.0;10;8.0
1985-10-11;8.0;10;8.0
1985-10-12;8.0;10;8.0
1985-10-13;8.0;10;8.0
1985-10-14;8.0;10;8.0
1985-10-15;7.0;10;7.0
1985-10-16;7.0;10;7.0
1985-10-17;7.0;10;7.0
1985-10-18;7.0;10;7.0
1985-10-19;7.0;10;7.0
1985-10-20;9.0;10;9.0
1985-10-21;7.0;10;7.0
1985-10-22;7.0;10;7.0
1985-10-23;7.0;10;7.0
1985-10-24;7.0;10;7.0
1985-10-25;7.0;10;7.0
1985-10-26;7.0;10;7.0
1985-10-27;7.0;10;7.0
1985-10-28;7.0;10;7.0
1985-10-29;7.0;10;7.0
1985-10-30;8.0;10;8.0
1985-10-31;10.0;10;10.0
1985-11-01;10.0;11;10.0
1985-11-02;10.0;11;10.0
1985-11-03;9.0;11;9.0
1985-11-04;9.0;11;9.0
1985-11-05;9.0;11;9.0
1985-11-06;9.0;11;9.0
1985-11-07;9.0;11;9.0
1985-11-08;11.0;11;11.0
1985-11-09;10.0;11;10.0
1985-11-10;9.0;11;9.0
1985-11-11;9.0;11;9.0
1985-11-12;9.0;11;9.0
1985-11-13;9.0;11;9.0
1985-11-14;8.0;11;8.0
1985-11-15;8.0;11;8.0
1985-11-16;8.0;11;8.0
1985-11-17;10.0;11;10.0
1985-11-18;9.0;11;9.0
1985-11-19;9.0;11;9.0
1985-11-20;9.0;11;9.0
1985-11-21;9.0;11;9.0
1985-11-22;9.0;11;9.0
1985-11-23;9.0;11;9.0
1985-11-24;9.0;11;9.0
1985-11-25;9.0;11;9.0
1985-11-26;8.0;11;8.0
1985-11-27;8.0;11;8.0
1985-11-28;9.0;11;9.0
1985-11-29;9.0;11;9.0
1985-11-30;9.0;11;9.0
1985-12-01;16.0;12;16.0
1985-12-02;16.0;12;16.0
1985-12-03;20.0;12;20.0
1985-12-04;15.0;12;15.0
1985-12-05;14.0;12;14.0
1985-12-06;13.0;12;13.0
1985-12-07;13.0;12;13.0
1985-12-08;12.0;12;12.0
1985-12-09;12.0;12;12.0
1985-12-10;17.0;12;17.0
1985-12-11;14.0;12;14.0
1985-12-12;12.0;12;12.0
1985-12-13;11.0;12;11.0
1985-12-14;11.0;12;11.0
1985-12-15;12.0;12;12.0
1985-12-16;10.0;12;10.0
1985-12-17;10.0;12;10.0
1985-12-18;10.0;12;10.0
1985-12-19;14.0;12;14.0
1985-12-20;26.0;12;26.0
1985-12-21;16.0;12;16.0
1985-12-22;15.0;12;15.0
1985-12-23;15.0;12;15.0
1985-12-24;18.0;12;18.0
1985-12-25;17.0;12;17.0
1985-12-26;14.0;12;14.0
1985-12-27;16.0;12;16.0
1985-12-28;27.0;12;27.0
1985-12-29;29.0;12;29.0
1985-12-30;36.0;12;36.0
1985-12-31;41.0;12;41.0
1986-01-01;22.0;1;22.0
1986-01-02;19.0;1;19.0
1986-01-03;17.0;1;17.0
1986-01-04;16.0;1;16.0
1986-01-05;17.0;1;17.0
1986-01-06;16.0;1;16.0
1986-01-07;13.0;1;13.0
1986-01-08;12.0;1;12.0
1986-01-09;14.0;1;14.0
1986-01-10;13.0;1;13.0
1986-01-11;11.0;1;11.0
1986-01-12;11.0;1;11.0
1986-01-13;12.0;1;12.0
1986-01-14;15.0;1;15.0
1986-01-15;14.0;1;14.0
1986-01-16;21.0;1;21.0
1986-01-17;19.0;1;19.0
1986-01-18;16.0;1;16.0
1986-01-19;15.0;1;15.0
1986-01-20;14.0;1;14.0
1986-01-21;16.0;1;16.0
1986-01-22;15.0;1;15.0
1986-01-23;19.0;1;19.0
1986-01-24;15.0;1;15.0
1986-01-25;18.0;1;18.0
1986-01-26;15.0;1;15.0
1986-01-27;14.0;1;14.0
1986-01-28;18.0;1;18.0
1986-01-29;14.0;1;14.0
1986-01-30;13.0;1;13.0
1986-01-31;-999.000;1;14.0
1986-02-01;13.0;2;13.0
1986-02-02;14.0;2;14.0
1986-02-03;13.0;2;13.0
1986-02-04;14.0;2;14.0
1986-02-05;14.0;2;14.0
1986-02-06;22.0;2;22.0
1986-02-07;16.0;2;16.0
1986-02-08;15.0;2;15.0
1986-02-09;14.0;2;14.0
1986-02-10;15.0;2;15.0
1986-02-11;14.0;2;14.0
1986-02-12;14.0;2;14.0
1986-02-13;13.0;2;13.0
1986-02-14;12.0;2;12.0
1986-02-15;12.0;2;12.0
1986-02-16;11.0;2;11.0
1986-02-17;10.0;2;10.0
1986-02-18;10.0;2;10.0
1986-02-19;10.0;2;10.0
1986-02-20;9.0;2;9.0
1986-02-21;9.0;2;9.0
1986-02-22;9.0;2;9.0
1986-02-23;9.0;2;9.0
1986-02-24;7.0;2;7.0
1986-02-25;9.0;2;9.0
1986-02-26;6.0;2;6.0
1986-02-27;7.0;2;7.0
1986-02-28;12.0;2;12.0
1986-03-01;19.0;3;19.0
1986-03-02;18.0;3;18.0
1986-03-03;17.0;3;17.0
1986-03-04;17.0;3;17.0
1986-03-05;14.0;3;14.0
1986-03-06;13.0;3;13.0
1986-03-07;13.0;3;13.0
1986-03-08;12.0;3;12.0
1986-03-09;12.0;3;12.0
1986-03-10;11.0;3;11.0
1986-03-11;11.0;3;11.0
1986-03-12;11.0;3;11.0
1986-03-13;11.0;3;11.0
1986-03-14;10.0;3;10.0
1986-03-15;10.0;3;10.0
1986-03-16;10.0;3;10.0
1986-03-17;10.0;3;10.0
1986-03-18;16.0;3;16.0
1986-03-19;13.0;3;13.0
1986-03-20;9.0;3;9.0
1986-03-21;9.0;3;9.0
1986-03-22;9.0;3;9.0
1986-03-23;9.0;3;9.0
1986-03-24;9.0;3;9.0
1986-03-25;13.0;3;13.0
1986-03-26;12.0;3;12.0
1986-03-27;12.0;3;12.0
1986-03-28;11.0;3;11.0
1986-03-29;10.0;3;10.0
1986-03-30;11.0;3;11.0
1986-03-31;16.0;3;16.0
1986-04-01;14.0;4;14.0
1986-04-02;13.0;4;13.0
1986-04-03;12.0;4;12.0
1986-04-04;12.0;4;12.0
1986-04-05;12.0;4;12.0
1986-04-06;16.0;4;16.0
1986-04-07;14.0;4;14.0
1986-04-08;13.0;4;13.0
1986-04-09;13.0;4;13.0
1986-04-10;12.0;4;12.0
1986-04-11;12.0;4;12.0
1986-04-12;11.0;4;11.0
1986-04-13;10.0;4;10.0
1986-04-14;10.0;4;10.0
1986-04-15;11.0;4;11.0
1986-04-16;10.0;4;10.0
1986-04-17;19.0;4;19.0
1986-04-18;12.0;4;12.0
1986-04-19;11.0;4;11.0
1986-04-20;10.0;4;10.0
1986-04-21;10.0;4;10.0
1986-04-22;10.0;4;10.0
1986-04-23;10.0;4;10.0
1986-04-24;10.0;4;10.0
1986-04-25;10.0;4;10.0
1986-04-26;10.0;4;10.0
1986-04-27;9.0;4;9.0
1986-04-28;9.0;4;9.0
1986-04-29;-999.000;4;13.0
1986-04-30;-999.000;4;9.0
1986-05-01;9.0;5;9.0
1986-05-02;9.0;5;9.0
1986-05-03;9.0;5;9.0
1986-05-04;10.0;5;10.0
1986-05-05;10.0;5;10.0
1986-05-06;10.0;5;10.0
1986-05-07;9.0;5;9.0
1986-05-08;9.0;5;9.0
1986-05-09;9.0;5;9.0
1986-05-10;11.0;5;11.0
1986-05-11;13.0;5;13.0
1986-05-12;13.0;5;13.0
1986-05-13;12.0;5;12.0
1986-05-14;12.0;5;12.0
1986-05-15;11.0;5;11.0
1986-05-16;11.0;5;11.0
1986-05-17;10.0;5;10.0
1986-05-18;10.0;5;10.0
1986-05-19;10.0;5;10.0
1986-05-20;13.0;5;13.0
1986-05-21;10.0;5;10.0
1986-05-22;10.0;5;10.0
1986-05-23;10.0;5;10.0
1986-05-24;10.0;5;10.0
1986-05-25;11.0;5;11.0
1986-05-26;11.0;5;11.0
1986-05-27;11.0;5;11.0
1986-05-28;10.0;5;10.0
1986-05-29;11.0;5;11.0
1986-05-30;10.0;5;10.0
1986-05-31;15.0;5;15.0
1986-06-01;13.0;6;13.0
1986-06-02;11.0;6;11.0
1986-06-03;11.0;6;11.0
1986-06-04;16.0;6;16.0
1986-06-05;13.0;6;13.0
1986-06-06;15.0;6;15.0
1986-06-07;16.0;6;16.0
1986-06-08;16.0;6;16.0
1986-06-09;15.0;6;15.0
1986-06-10;14.0;6;14.0
1986-06-11;13.0;6;13.0
1986-06-12;15.0;6;15.0
1986-06-13;14.0;6;14.0
1986-06-14;16.0;6;16.0
1986-06-15;21.0;6;21.0
1986-06-16;18.0;6;18.0
1986-06-17;16.0;6;16.0
1986-06-18;23.0;6;23.0
1986-06-19;20.0;6;20.0
1986-06-20;19.0;6;19.0
1986-06-21;24.0;6;24.0
1986-06-22;22.0;6;22.0
1986-06-23;21.0;6;21.0
1986-06-24;26.0;6;26.0
1986-06-25;24.0;6;24.0
1986-06-26;-999.000;6;19.0
1986-06-27;-999.000;6;9.0
1986-06-28;33.0;6;33.0
1986-06-29;29.0;6;29.0
1986-06-30;28.0;6;28.0
1986-07-01;26.0;7;26.0
1986-07-02;20.0;7;20.0
1986-07-03;18.0;7;18.0
1986-07-04;17.0;7;17.0
1986-07-05;17.0;7;17.0
1986-07-06;18.0;7;18.0
1986-07-07;16.0;7;16.0
1986-07-08;14.0;7;14.0
1986-07-09;13.0;7;13.0
1986-07-10;13.0;7;13.0
1986-07-11;12.0;7;12.0
1986-07-12;11.0;7;11.0
1986-07-13;10.0;7;10.0
1986-07-14;17.0;7;17.0
1986-07-15;16.0;7;16.0
1986-07-16;14.0;7;14.0
1986-07-17;13.0;7;13.0
1986-07-18;13.0;7;13.0
1986-07-19;11.0;7;11.0
1986-07-20;10.0;7;10.0
1986-07-21;10.0;7;10.0
1986-07-22;10.0;7;10.0
1986-07-23;19.0;7;19.0
1986-07-24;22.0;7;22.0
1986-07-25;21.0;7;21.0
1986-07-26;19.0;7;19.0
1986-07-27;18.0;7;18.0
1986-07-28;17.0;7;17.0
1986-07-29;15.0;7;15.0
1986-07-30;14.0;7;14.0
1986-07-31;13.0;7;13.0
1986-08-01;14.0;8;14.0
1986-08-02;13.0;8;13.0
1986-08-03;11.0;8;11.0
1986-08-04;12.0;8;12.0
1986-08-05;18.0;8;18.0
1986-08-06;17.0;8;17.0
1986-08-07;15.0;8;15.0
1986-08-08;14.0;8;14.0
1986-08-09;13.0;8;13.0
1986-08-10;14.0;8;14.0
1986-08-11;14.0;8;14.0
1986-08-12;14.0;8;14.0
1986-08-13;13.0;8;13.0
1986-08-14;13.0;8;13.0
1986-08-15;12.0;8;12.0
1986-08-16;12.0;8;12.0
1986-08-17;13.0;8;13.0
1986-08-18;19.0;8;19.0
1986-08-19;14.0;8;14.0
1986-08-20;11.0;8;11.0
1986-08-21;11.0;8;11.0
1986-08-22;11.0;8;11.0
1986-08-23;12.0;8;12.0
1986-08-24;21.0;8;21.0
1986-08-25;11.0;8;11.0
1986-08-26;11.0;8;11.0
1986-08-27;10.0;8;10.0
1986-08-28;10.0;8;10.0
1986-08-29;11.0;8;11.0
1986-08-30;-999.000;8;9.0
1986-08-31;-999.000;8;9.0
1986-09-01;34.0;9;34.0
1986-09-02;20.0;9;20.0
1986-09-03;17.0;9;17.0
1986-09-04;15.0;9;15.0
1986-09-05;14.0;9;14.0
1986-09-06;16.0;9;16.0
1986-09-07;23.0;9;23.0
1986-09-08;14.0;9;14.0
1986-09-09;11.0;9;11.0
1986-09-10;10.0;9;10.0
1986-09-11;12.0;9;12.0
1986-09-12;10.0;9;10.0
1986-09-13;9.0;9;9.0
1986-09-14;9.0;9;9.0
1986-09-15;9.0;9;9.0
1986-09-16;10.0;9;10.0
1986-09-17;10.0;9;10.0
1986-09-18;10.0;9;10.0
1986-09-19;9.0;9;9.0
1986-09-20;9.0;9;9.0
1986-09-21;9.0;9;9.0
1986-09-22;8.0;9;8.0
1986-09-23;8.0;9;8.0
1986-09-24;8.0;9;8.0
1986-09-25;7.0;9;7.0
1986-09-26;7.0;9;7.0
1986-09-27;7.0;9;7.0
1986-09-28;7.0;9;7.0
1986-09-29;7.0;9;7.0
1986-09-30;7.0;9;7.0
1986-10-01;6.0;10;6.0
1986-10-02;6.0;10;6.0
1986-10-03;6.0;10;6.0
1986-10-04;6.0;10;6.0
1986-10-05;7.0;10;7.0
1986-10-06;6.0;10;6.0
1986-10-07;6.0;10;6.0
1986-10-08;5.0;10;5.0
1986-10-09;5.0;10;5.0
1986-10-10;5.0;10;5.0
1986-10-11;5.0;10;5.0
1986-10-12;6.0;10;6.0
1986-10-13;7.0;10;7.0
1986-10-14;5.0;10;5.0
1986-10-15;5.0;10;5.0
1986-10-16;5.0;10;5.0
1986-10-17;6.0;10;6.0
1986-10-18;7.0;10;7.0
1986-10-19;5.0;10;5.0
1986-10-20;5.0;10;5.0
1986-10-21;5.0;10;5.0
1986-10-22;6.0;10;6.0
1986-10-23;6.0;10;6.0
1986-10-24;5.0;10;5.0
1986-10-25;5.0;10;5.0
1986-10-26;5.0;10;5.0
1986-10-27;5.0;10;5.0
1986-10-28;5.0;10;5.0
1986-10-29;6.0;10;6.0
1986-10-30;6.0;10;6.0
1986-10-31;5.0;10;5.0
1986-11-01;7.0;11;7.0
1986-11-02;7.0;11;7.0
1986-11-03;7.0;11;7.0
1986-11-04;6.0;11;6.0
1986-11-05;5.0;11;5.0
1986-11-06;5.0;11;5.0
1986-11-07;5.0;11;5.0
1986-11-08;5.0;11;5.0
1986-11-09;5.0;11;5.0
1986-11-10;5.0;11;5.0
1986-11-11;6.0;11;6.0
1986-11-12;6.0;11;6.0
1986-11-13;5.0;11;5.0
1986-11-14;6.0;11;6.0
1986-11-15;5.0;11;5.0
1986-11-16;4.0;11;4.0
1986-11-17;4.0;11;4.0
1986-11-18;6.0;11;6.0
1986-11-19;8.0;11;8.0
1986-11-20;7.0;11;7.0
1986-11-21;7.0;11;7.0
1986-11-22;9.0;11;9.0
1986-11-23;7.0;11;7.0
1986-11-24;-999.000;11;5.0
1986-11-25;11.0;11;11.0
1986-11-26;10.0;11;10.0
1986-11-27;7.0;11;7.0
1986-11-28;6.0;11;6.0
1986-11-29;9.0;11;9.0
1986-11-30;7.0;11;7.0
1986-12-01;8.0;12;8.0
1986-12-02;7.0;12;7.0
1986-12-03;6.0;12;6.0
1986-12-04;11.0;12;11.0
1986-12-05;11.0;12;11.0
1986-12-06;9.0;12;9.0
1986-12-07;11.0;12;11.0
1986-12-08;10.0;12;10.0
1986-12-09;9.0;12;9.0
1986-12-10;10.0;12;10.0
1986-12-11;10.0;12;10.0
1986-12-12;9.0;12;9.0
1986-12-13;13.0;12;13.0
1986-12-14;14.0;12;14.0
1986-12-15;13.0;12;13.0
1986-12-16;13.0;12;13.0
1986-12-17;14.0;12;14.0
1986-12-18;10.0;12;10.0
1986-12-19;10.0;12;10.0
1986-12-20;10.0;12;10.0
1986-12-21;9.0;12;9.0
1986-12-22;13.0;12;13.0
1986-12-23;12.0;12;12.0
1986-12-24;14.0;12;14.0
1986-12-25;13.0;12;13.0
1986-12-26;13.0;12;13.0
1986-12-27;13.0;12;13.0
1986-12-28;13.0;12;13.0
1986-12-29;13.0;12;13.0
1986-12-30;12.0;12;12.0
1986-12-31;10.0;12;10.0
1987-01-01;14.0;1;14.0
1987-01-02;10.0;1;10.0
1987-01-03;10.0;1;10.0
1987-01-04;13.0;1;13.0
1987-01-05;14.0;1;14.0
1987-01-06;12.0;1;12.0
1987-01-07;12.0;1;12.0
1987-01-08;17.0;1;17.0
1987-01-09;16.0;1;16.0
1987-01-10;14.0;1;14.0
1987-01-11;14.0;1;14.0
1987-01-12;13.0;1;13.0
1987-01-13;12.0;1;12.0
1987-01-14;13.0;1;13.0
1987-01-15;16.0;1;16.0
1987-01-16;12.0;1;12.0
1987-01-17;12.0;1;12.0
1987-01-18;12.0;1;12.0
1987-01-19;11.0;1;11.0
1987-01-20;12.0;1;12.0
1987-01-21;14.0;1;14.0
1987-01-22;11.0;1;11.0
1987-01-23;11.0;1;11.0
1987-01-24;12.0;1;12.0
1987-01-25;14.0;1;14.0
1987-01-26;12.0;1;12.0
1987-01-27;12.0;1;12.0
1987-01-28;11.0;1;11.0
1987-01-29;10.0;1;10.0
1987-01-30;10.0;1;10.0
1987-01-31;-999.000;1;4.0
1987-02-01;10.0;2;10.0
1987-02-02;10.0;2;10.0
1987-02-03;10.0;2;10.0
1987-02-04;10.0;2;10.0
1987-02-05;9.0;2;9.0
1987-02-06;10.0;2;10.0
1987-02-07;11.0;2;11.0
1987-02-08;11.0;2;11.0
1987-02-09;10.0;2;10.0
1987-02-10;10.0;2;10.0
1987-02-11;9.0;2;9.0
1987-02-12;13.0;2;13.0
1987-02-13;12.0;2;12.0
1987-02-14;12.0;2;12.0
1987-02-15;11.0;2;11.0
1987-02-16;11.0;2;11.0
1987-02-17;11.0;2;11.0
1987-02-18;11.0;2;11.0
1987-02-19;11.0;2;11.0
1987-02-20;10.0;2;10.0
1987-02-21;10.0;2;10.0
1987-02-22;10.0;2;10.0
1987-02-23;10.0;2;10.0
1987-02-24;9.0;2;9.0
1987-02-25;10.0;2;10.0
1987-02-26;10.0;2;10.0
1987-02-27;9.0;2;9.0
1987-02-28;10.0;2;10.0
1987-03-01;7.0;3;7.0
1987-03-02;7.0;3;7.0
1987-03-03;6.0;3;6.0
1987-03-04;6.0;3;6.0
1987-03-05;6.0;3;6.0
1987-03-06;7.0;3;7.0
1987-03-07;6.0;3;6.0
1987-03-08;7.0;3;7.0
1987-03-09;5.0;3;5.0
1987-03-10;5.0;3;5.0
1987-03-11;6.0;3;6.0
1987-03-12;7.0;3;7.0
1987-03-13;6.0;3;6.0
1987-03-14;6.0;3;6.0
1987-03-15;5.0;3;5.0
1987-03-16;5.0;3;5.0
1987-03-17;6.0;3;6.0
1987-03-18;5.0;3;5.0
1987-03-19;7.0;3;7.0
1987-03-20;6.0;3;6.0
1987-03-21;6.0;3;6.0
1987-03-22;7.0;3;7.0
1987-03-23;6.0;3;6.0
1987-03-24;6.0;3;6.0
1987-03-25;5.0;3;5.0
1987-03-26;5.0;3;5.0
1987-03-27;4.0;3;4.0
1987-03-28;4.0;3;4.0
1987-03-29;4.0;3;4.0
1987-03-30;4.0;3;4.0
1987-03-31;4.0;3;4.0
1987-04-01;5.0;4;5.0
1987-04-02;6.0;4;6.0
1987-04-03;6.0;4;6.0
1987-04-04;6.0;4;6.0
1987-04-05;6.0;4;6.0
1987-04-06;5.0;4;5.0
1987-04-07;7.0;4;7.0
1987-04-08;7.0;4;7.0
1987-04-09;6.0;4;6.0
1987-04-10;6.0;4;6.0
1987-04-11;5.0;4;5.0
1987-04-12;8.0;4;8.0
1987-04-13;7.0;4;7.0
1987-04-14;6.0;4;6.0
1987-04-15;5.0;4;5.0
1987-04-16;5.0;4;5.0
1987-04-17;6.0;4;6.0
1987-04-18;6.0;4;6.0
1987-04-19;6.0;4;6.0
1987-04-20;6.0;4;6.0
1987-04-21;6.0;4;6.0
1987-04-22;6.0;4;6.0
1987-04-23;5.0;4;5.0
1987-04-24;5.0;4;5.0
1987-04-25;5.0;4;5.0
1987-04-26;5.0;4;5.0
1987-04-27;5.0;4;5.0
1987-04-28;5.0;4;5.0
1987-04-29;-999.000;4;8.0
1987-04-30;-999.000;4;12.0
1987-05-01;6.0;5;6.0
1987-05-02;7.0;5;7.0
1987-05-03;6.0;5;6.0
1987-05-04;7.0;5;7.0
1987-05-05;7.0;5;7.0
1987-05-06;7.0;5;7.0
1987-05-07;7.0;5;7.0
1987-05-08;6.0;5;6.0
1987-05-09;7.0;5;7.0
1987-05-10;5.0;5;5.0
1987-05-11;5.0;5;5.0
1987-05-12;4.0;5;4.0
1987-05-13;6.0;5;6.0
1987-05-14;6.0;5;6.0
1987-05-15;7.0;5;7.0
1987-05-16;8.0;5;8.0
1987-05-17;8.0;5;8.0
1987-05-18;7.0;5;7.0
1987-05-19;7.0;5;7.0
1987-05-20;7.0;5;7.0
1987-05-21;6.0;5;6.0
1987-05-22;6.0;5;6.0
1987-05-23;7.0;5;7.0
1987-05-24;7.0;5;7.0
1987-05-25;6.0;5;6.0
1987-05-26;6.0;5;6.0
1987-05-27;5.0;5;5.0
1987-05-28;5.0;5;5.0
1987-05-29;5.0;5;5.0
1987-05-30;4.0;5;4.0
1987-05-31;5.0;5;5.0
1987-06-01;7.0;6;7.0
1987-06-02;7.0;6;7.0
1987-06-03;6.0;6;6.0
1987-06-04;6.0;6;6.0
1987-06-05;6.0;6;6.0
1987-06-06;8.0;6;8.0
1987-06-07;7.0;6;7.0
1987-06-08;8.0;6;8.0
1987-06-09;9.0;6;9.0
1987-06-10;7.0;6;7.0
1987-06-11;5.0;6;5.0
1987-06-12;5.0;6;5.0
1987-06-13;5.0;6;5.0
1987-06-14;5.0;6;5.0
1987-06-15;5.0;6;5.0
1987-06-16;4.0;6;4.0
1987-06-17;4.0;6;4.0
1987-06-18;6.0;6;6.0
1987-06-19;6.0;6;6.0
1987-06-20;5.0;6;5.0
1987-06-21;9.0;6;9.0
1987-06-22;6.0;6;6.0
1987-06-23;6.0;6;6.0
1987-06-24;8.0;6;8.0
1987-06-25;9.0;6;9.0
1987-06-26;9.0;6;9.0
1987-06-27;8.0;6;8.0
1987-06-28;8.0;6;8.0
1987-06-29;9.0;6;9.0
1987-06-30;9.0;6;9.0
1987-07-01;9.0;7;9.0
1987-07-02;9.0;7;9.0
1987-07-03;9.0;7;9.0
1987-07-04;11.0;7;11.0
1987-07-05;10.0;7;10.0
1987-07-06;9.0;7;9.0
1987-07-07;9.0;7;9.0
1987-07-08;13.0;7;13.0
1987-07-09;9.0;7;9.0
1987-07-10;11.0;7;11.0
1987-07-11;9.0;7;9.0
1987-07-12;9.0;7;9.0
1987-07-13;9.0;7;9.0
1987-07-14;29.0;7;29.0
1987-07-15;14.0;7;14.0
1987-07-16;13.0;7;13.0
1987-07-17;11.0;7;11.0
1987-07-18;11.0;7;11.0
1987-07-19;12.0;7;12.0
1987-07-20;12.0;7;12.0
1987-07-21;9.0;7;9.0
1987-07-22;13.0;7;13.0
1987-07-23;14.0;7;14.0
1987-07-24;12.0;7;12.0
1987-07-25;13.0;7;13.0
1987-07-26;14.0;7;14.0
1987-07-27;15.0;7;15.0
1987-07-28;13.0;7;13.0
1987-07-29;12.0;7;12.0
1987-07-30;11.0;7;11.0
1987-07-31;11.0;7;11.0
1987-08-01;11.0;8;11.0
1987-08-02;10.0;8;10.0
1987-08-03;13.0;8;13.0
1987-08-04;13.0;8;13.0
1987-08-05;12.0;8;12.0
1987-08-06;11.0;8;11.0
1987-08-07;11.0;8;11.0
1987-08-08;11.0;8;11.0
1987-08-09;10.0;8;10.0
1987-08-10;10.0;8;10.0
1987-08-11;10.0;8;10.0
1987-08-12;10.0;8;10.0
1987-08-13;10.0;8;10.0
1987-08-14;10.0;8;10.0
1987-08-15;9.0;8;9.0
1987-08-16;9.0;8;9.0
1987-08-17;9.0;8;9.0
1987-08-18;8.0;8;8.0
1987-08-19;9.0;8;9.0
1987-08-20;10.0;8;10.0
1987-08-21;9.0;8;9.0
1987-08-22;9.0;8;9.0
1987-08-23;11.0;8;11.0
1987-08-24;13.0;8;13.0
1987-08-25;10.0;8;10.0
1987-08-26;9.0;8;9.0
1987-08-27;9.0;8;9.0
1987-08-28;9.0;8;9.0
1987-08-29;9.0;8;9.0
1987-08-30;12.0;8;12.0
1987-08-31;-999.000;8;13.0
1987-09-01;9.0;9;9.0
1987-09-02;9.0;9;9.0
1987-09-03;9.0;9;9.0
1987-09-04;11.0;9;11.0
1987-09-05;10.0;9;10.0
1987-09-06;9.0;9;9.0
1987-09-07;9.0;9;9.0
1987-09-08;11.0;9;11.0
1987-09-09;10.0;9;10.0
1987-09-10;9.0;9;9.0
1987-09-11;9.0;9;9.0
1987-09-12;9.0;9;9.0
1987-09-13;9.0;9;9.0
1987-09-14;10.0;9;10.0
1987-09-15;9.0;9;9.0
1987-09-16;9.0;9;9.0
1987-09-17;17.0;9;17.0
1987-09-18;12.0;9;12.0
1987-09-19;10.0;9;10.0
1987-09-20;10.0;9;10.0
1987-09-21;12.0;9;12.0
1987-09-22;13.0;9;13.0
1987-09-23;14.0;9;14.0
1987-09-24;16.0;9;16.0
1987-09-25;21.0;9;21.0
1987-09-26;19.0;9;19.0
1987-09-27;18.0;9;18.0
1987-09-28;18.0;9;18.0
1987-09-29;17.0;9;17.0
1987-09-30;18.0;9;18.0
1987-10-01;20.0;10;20.0
1987-10-02;21.0;10;21.0
1987-10-03;21.0;10;21.0
1987-10-04;19.0;10;19.0
1987-10-05;20.0;10;20.0
1987-10-06;18.0;10;18.0
1987-10-07;19.0;10;19.0
1987-10-08;23.0;10;23.0
1987-10-09;19.0;10;19.0
1987-10-10;17.0;10;17.0
1987-10-11;16.0;10;16.0
1987-10-12;18.0;10;18.0
1987-10-13;15.0;10;15.0
1987-10-14;15.0;10;15.0
1987-10-15;14.0;10;14.0
1987-10-16;13.0;10;13.0
1987-10-17;13.0;10;13.0
1987-10-18;13.0;10;13.0
1987-10-19;12.0;10;12.0
1987-10-20;13.0;10;13.0
1987-10-21;12.0;10;12.0
1987-10-22;12.0;10;12.0
1987-10-23;11.0;10;11.0
1987-10-24;11.0;10;11.0
1987-10-25;10.0;10;10.0
1987-10-26;11.0;10;11.0
1987-10-27;13.0;10;13.0
1987-10-28;13.0;10;13.0
1987-10-29;11.0;10;11.0
1987-10-30;15.0;10;15.0
1987-10-31;12.0;10;12.0
1987-11-01;18.0;11;18.0
1987-11-02;13.0;11;13.0
1987-11-03;19.0;11;19.0
1987-11-04;15.0;11;15.0
1987-11-05;20.0;11;20.0
1987-11-06;16.0;11;16.0
1987-11-07;16.0;11;16.0
1987-11-08;15.0;11;15.0
1987-11-09;19.0;11;19.0
1987-11-10;19.0;11;19.0
1987-11-11;14.0;11;14.0
1987-11-12;14.0;11;14.0
1987-11-13;13.0;11;13.0
1987-11-14;13.0;11;13.0
1987-11-15;13.0;11;13.0
1987-11-16;13.0;11;13.0
1987-11-17;14.0;11;14.0
1987-11-18;12.0;11;12.0
1987-11-19;12.0;11;12.0
1987-11-20;12.0;11;12.0
1987-11-21;14.0;11;14.0
1987-11-22;12.0;11;12.0
1987-11-23;12.0;11;12.0
1987-11-24;12.0;11;12.0
1987-11-25;12.0;11;12.0
1987-11-26;11.0;11;11.0
1987-11-27;11.0;11;11.0
1987-11-28;12.0;11;12.0
1987-11-29;12.0;11;12.0
1987-11-30;12.0;11;12.0
1987-12-01;11.0;12;11.0
1987-12-02;12.0;12;12.0
1987-12-03;12.0;12;12.0
1987-12-04;13.0;12;13.0
1987-12-05;15.0;12;15.0
1987-12-06;15.0;12;15.0
1987-12-07;13.0;12;13.0
1987-12-08;15.0;12;15.0
1987-12-09;20.0;12;20.0
1987-12-10;16.0;12;16.0
1987-12-11;15.0;12;15.0
1987-12-12;14.0;12;14.0
1987-12-13;13.0;12;13.0
1987-12-14;12.0;12;12.0
1987-12-15;13.0;12;13.0
1987-12-16;13.0;12;13.0
1987-12-17;14.0;12;14.0
1987-12-18;13.0;12;13.0
1987-12-19;13.0;12;13.0
1987-12-20;15.0;12;15.0
1987-12-21;26.0;12;26.0
1987-12-22;17.0;12;17.0
1987-12-23;15.0;12;15.0
1987-12-24;17.0;12;17.0
1987-12-25;16.0;12;16.0
1987-12-26;15.0;12;15.0
1987-12-27;16.0;12;16.0
1987-12-28;17.0;12;17.0
1987-12-29;16.0;12;16.0
1987-12-30;15.0;12;15.0
1987-12-31;15.0;12;15.0
1988-01-01;14.0;1;14.0
1988-01-02;13.0;1;13.0
1988-01-03;13.0;1;13.0
1988-01-04;13.0;1;13.0
1988-01-05;13.0;1;13.0
1988-01-06;12.0;1;12.0
1988-01-07;15.0;1;15.0
1988-01-08;12.0;1;12.0
1988-01-09;11.0;1;11.0
1988-01-10;11.0;1;11.0
1988-01-11;10.0;1;10.0
1988-01-12;10.0;1;10.0
1988-01-13;16.0;1;16.0
1988-01-14;10.0;1;10.0
1988-01-15;9.0;1;9.0
1988-01-16;11.0;1;11.0
1988-01-17;9.0;1;9.0
1988-01-18;9.0;1;9.0
1988-01-19;10.0;1;10.0
1988-01-20;16.0;1;16.0
1988-01-21;17.0;1;17.0
1988-01-22;14.0;1;14.0
1988-01-23;12.0;1;12.0
1988-01-24;11.0;1;11.0
1988-01-25;12.0;1;12.0
1988-01-26;12.0;1;12.0
1988-01-27;18.0;1;18.0
1988-01-28;12.0;1;12.0
1988-01-29;11.0;1;11.0
1988-01-30;14.0;1;14.0
1988-01-31;-999.000;1;6.0
1988-02-01;13.0;2;13.0
1988-02-02;14.0;2;14.0
1988-02-03;13.0;2;13.0
1988-02-04;12.0;2;12.0
1988-02-05;17.0;2;17.0
1988-02-06;15.0;2;15.0
1988-02-07;15.0;2;15.0
1988-02-08;15.0;2;15.0
1988-02-09;14.0;2;14.0
1988-02-10;13.0;2;13.0
1988-02-11;13.0;2;13.0
1988-02-12;13.0;2;13.0
1988-02-13;12.0;2;12.0
1988-02-14;11.0;2;11.0
1988-02-15;11.0;2;11.0
1988-02-16;11.0;2;11.0
1988-02-17;10.0;2;10.0
1988-02-18;10.0;2;10.0
1988-02-19;10.0;2;10.0
1988-02-20;9.0;2;9.0
1988-02-21;9.0;2;9.0
1988-02-22;9.0;2;9.0
1988-02-23;9.0;2;9.0
1988-02-24;9.0;2;9.0
1988-02-25;9.0;2;9.0
1988-02-26;9.0;2;9.0
1988-02-27;9.0;2;9.0
1988-02-28;9.0;2;9.0
1988-02-29;9.0;2;9.0
1988-03-01;8.0;3;8.0
1988-03-02;8.0;3;8.0
1988-03-03;8.0;3;8.0
1988-03-04;8.0;3;8.0
1988-03-05;8.0;3;8.0
1988-03-06;8.0;3;8.0
1988-03-07;10.0;3;10.0
1988-03-08;9.0;3;9.0
1988-03-09;10.0;3;10.0
1988-03-10;8.0;3;8.0
1988-03-11;8.0;3;8.0
1988-03-12;8.0;3;8.0
1988-03-13;7.0;3;7.0
1988-03-14;7.0;3;7.0
1988-03-15;7.0;3;7.0
1988-03-16;7.0;3;7.0
1988-03-17;7.0;3;7.0
1988-03-18;7.0;3;7.0
1988-03-19;8.0;3;8.0
1988-03-20;7.0;3;7.0
1988-03-21;7.0;3;7.0
1988-03-22;7.0;3;7.0
1988-03-23;6.0;3;6.0
1988-03-24;6.0;3;6.0
1988-03-25;6.0;3;6.0
1988-03-26;6.0;3;6.0
1988-03-27;6.0;3;6.0
1988-03-28;6.0;3;6.0
1988-03-29;6.0;3;6.0
1988-03-30;6.0;3;6.0
1988-03-31;6.0;3;6.0
1988-04-01;12.0;4;12.0
1988-04-02;12.0;4;12.0
1988-04-03;12.0;4;12.0
1988-04-04;11.0;4;11.0
1988-04-05;11.0;4;11.0
1988-04-06;11.0;4;11.0
1988-04-07;11.0;4;11.0
1988-04-08;14.0;4;14.0
1988-04-09;16.0;4;16.0
1988-04-10;12.0;4;12.0
1988-04-11;11.0;4;11.0
1988-04-12;11.0;4;11.0
1988-04-13;11.0;4;11.0
1988-04-14;10.0;4;10.0
1988-04-15;10.0;4;10.0
1988-04-16;9.0;4;9.0
1988-04-17;9.0;4;9.0
1988-04-18;8.0;4;8.0
1988-04-19;8.0;4;8.0
1988-04-20;8.0;4;8.0
1988-04-21;8.0;4;8.0
1988-04-22;9.0;4;9.0
1988-04-23;9.0;4;9.0
1988-04-24;16.0;4;16.0
1988-04-25;11.0;4;11.0
1988-04-26;10.0;4;10.0
1988-04-27;10.0;4;10.0
1988-04-28;10.0;4;10.0
1988-04-29;9.0;4;9.0
1988-04-30;-999.000;4;28.0
1988-05-01;9.0;5;9.0
1988-05-02;9.0;5;9.0
1988-05-03;11.0;5;11.0
1988-05-04;11.0;5;11.0
1988-05-05;12.0;5;12.0
1988-05-06;10.0;5;10.0
1988-05-07;10.0;5;10.0
1988-05-08;11.0;5;11.0
1988-05-09;13.0;5;13.0
1988-05-10;12.0;5;12.0
1988-05-11;12.0;5;12.0
1988-05-12;11.0;5;11.0
1988-05-13;11.0;5;11.0
1988-05-14;10.0;5;10.0
1988-05-15;10.0;5;10.0
1988-05-16;10.0;5;10.0
1988-05-17;9.0;5;9.0
1988-05-18;9.0;5;9.0
1988-05-19;8.0;5;8.0
1988-05-20;8.0;5;8.0
1988-05-21;7.0;5;7.0
1988-05-22;7.0;5;7.0
1988-05-23;9.0;5;9.0
1988-05-24;10.0;5;10.0
1988-05-25;10.0;5;10.0
1988-05-26;9.0;5;9.0
1988-05-27;9.0;5;9.0
1988-05-28;9.0;5;9.0
1988-05-29;9.0;5;9.0
1988-05-30;9.0;5;9.0
1988-05-31;9.0;5;9.0
1988-06-01;9.0;6;9.0
1988-06-02;13.0;6;13.0
1988-06-03;11.0;6;11.0
1988-06-04;10.0;6;10.0
1988-06-05;10.0;6;10.0
1988-06-06;9.0;6;9.0
1988-06-07;9.0;6;9.0
1988-06-08;9.0;6;9.0
1988-06-09;9.0;6;9.0
1988-06-10;10.0;6;10.0
1988-06-11;10.0;6;10.0
1988-06-12;12.0;6;12.0
1988-06-13;10.0;6;10.0
1988-06-14;10.0;6;10.0
1988-06-15;10.0;6;10.0
1988-06-16;10.0;6;10.0
1988-06-17;10.0;6;10.0
1988-06-18;10.0;6;10.0
1988-06-19;10.0;6;10.0
1988-06-20;12.0;6;12.0
1988-06-21;12.0;6;12.0
1988-06-22;12.0;6;12.0
1988-06-23;13.0;6;13.0
1988-06-24;12.0;6;12.0
1988-06-25;11.0;6;11.0
1988-06-26;10.0;6;10.0
1988-06-27;11.0;6;11.0
1988-06-28;12.0;6;12.0
1988-06-29;12.0;6;12.0
1988-06-30;11.0;6;11.0
1988-07-01;11.0;7;11.0
1988-07-02;10.0;7;10.0
1988-07-03;10.0;7;10.0
1988-07-04;12.0;7;12.0
1988-07-05;11.0;7;11.0
1988-07-06;12.0;7;12.0
1988-07-07;11.0;7;11.0
1988-07-08;12.0;7;12.0
1988-07-09;12.0;7;12.0
1988-07-10;12.0;7;12.0
1988-07-11;11.0;7;11.0
1988-07-12;11.0;7;11.0
1988-07-13;12.0;7;12.0
1988-07-14;13.0;7;13.0
1988-07-15;13.0;7;13.0
1988-07-16;13.0;7;13.0
1988-07-17;13.0;7;13.0
1988-07-18;15.0;7;15.0
1988-07-19;14.0;7;14.0
1988-07-20;13.0;7;13.0
1988-07-21;13.0;7;13.0
1988-07-22;12.0;7;12.0
1988-07-23;11.0;7;11.0
1988-07-24;11.0;7;11.0
1988-07-25;10.0;7;10.0
1988-07-26;14.0;7;14.0
1988-07-27;16.0;7;16.0
1988-07-28;19.0;7;19.0
1988-07-29;17.0;7;17.0
1988-07-30;18.0;7;18.0
1988-07-31;13.0;7;13.0
1988-08-01;15.0;8;15.0
1988-08-02;13.0;8;13.0
1988-08-03;13.0;8;13.0
1988-08-04;12.0;8;12.0
1988-08-05;12.0;8;12.0
1988-08-06;11.0;8;11.0
1988-08-07;11.0;8;11.0
1988-08-08;11.0;8;11.0
1988-08-09;10.0;8;10.0
1988-08-10;17.0;8;17.0
1988-08-11;17.0;8;17.0
1988-08-12;15.0;8;15.0
1988-08-13;13.0;8;13.0
1988-08-14;16.0;8;16.0
1988-08-15;17.0;8;17.0
1988-08-16;21.0;8;21.0
1988-08-17;19.0;8;19.0
1988-08-18;19.0;8;19.0
1988-08-19;17.0;8;17.0
1988-08-20;15.0;8;15.0
1988-08-21;17.0;8;17.0
1988-08-22;16.0;8;16.0
1988-08-23;15.0;8;15.0
1988-08-24;17.0;8;17.0
1988-08-25;18.0;8;18.0
1988-08-26;16.0;8;16.0
1988-08-27;16.0;8;16.0
1988-08-28;17.0;8;17.0
1988-08-29;18.0;8;18.0
1988-08-30;17.0;8;17.0
1988-08-31;-999.000;8;11.0
1988-09-01;17.0;9;17.0
1988-09-02;16.0;9;16.0
1988-09-03;15.0;9;15.0
1988-09-04;14.0;9;14.0
1988-09-05;19.0;9;19.0
1988-09-06;17.0;9;17.0
1988-09-07;17.0;9;17.0
1988-09-08;21.0;9;21.0
1988-09-09;19.0;9;19.0
1988-09-10;17.0;9;17.0
1988-09-11;21.0;9;21.0
1988-09-12;23.0;9;23.0
1988-09-13;26.0;9;26.0
1988-09-14;29.0;9;29.0
1988-09-15;26.0;9;26.0
1988-09-16;25.0;9;25.0
1988-09-17;24.0;9;24.0
1988-09-18;22.0;9;22.0
1988-09-19;20.0;9;20.0
1988-09-20;19.0;9;19.0
1988-09-21;18.0;9;18.0
1988-09-22;19.0;9;19.0
1988-09-23;19.0;9;19.0
1988-09-24;18.0;9;18.0
1988-09-25;16.0;9;16.0
1988-09-26;16.0;9;16.0
1988-09-27;15.0;9;15.0
1988-09-28;15.0;9;15.0
1988-09-29;14.0;9;14.0
1988-09-30;16.0;9;16.0
1988-10-01;13.0;10;13.0
1988-10-02;12.0;10;12.0
1988-10-03;12.0;10;12.0
1988-10-04;17.0;10;17.0
1988-10-05;14.0;10;14.0
1988-10-06;13.0;10;13.0
1988-10-07;13.0;10;13.0
1988-10-08;19.0;10;19.0
1988-10-09;15.0;10;15.0
1988-10-10;14.0;10;14.0
1988-10-11;15.0;10;15.0
1988-10-12;14.0;10;14.0
1988-10-13;16.0;10;16.0
1988-10-14;17.0;10;17.0
1988-10-15;14.0;10;14.0
1988-10-16;14.0;10;14.0
1988-10-17;18.0;10;18.0
1988-10-18;15.0;10;15.0
1988-10-19;17.0;10;17.0
1988-10-20;22.0;10;22.0
1988-10-21;22.0;10;22.0
1988-10-22;20.0;10;20.0
1988-10-23;21.0;10;21.0
1988-10-24;36.0;10;36.0
1988-10-25;30.0;10;30.0
1988-10-26;28.0;10;28.0
1988-10-27;28.0;10;28.0
1988-10-28;26.0;10;26.0
1988-10-29;26.0;10;26.0
1988-10-30;27.0;10;27.0
1988-10-31;24.0;10;24.0
1988-11-01;21.0;11;21.0
1988-11-02;20.0;11;20.0
1988-11-03;23.0;11;23.0
1988-11-04;24.0;11;24.0
1988-11-05;22.0;11;22.0
1988-11-06;19.0;11;19.0
1988-11-07;22.0;11;22.0
1988-11-08;18.0;11;18.0
1988-11-09;17.0;11;17.0
1988-11-10;17.0;11;17.0
1988-11-11;18.0;11;18.0
1988-11-12;17.0;11;17.0
1988-11-13;17.0;11;17.0
1988-11-14;18.0;11;18.0
1988-11-15;18.0;11;18.0
1988-11-16;16.0;11;16.0
1988-11-17;17.0;11;17.0
1988-11-18;16.0;11;16.0
1988-11-19;16.0;11;16.0
1988-11-20;17.0;11;17.0
1988-11-21;21.0;11;21.0
1988-11-22;20.0;11;20.0
1988-11-23;22.0;11;22.0
1988-11-24;30.0;11;30.0
1988-11-25;20.0;11;20.0
1988-11-26;19.0;11;19.0
1988-11-27;17.0;11;17.0
1988-11-28;16.0;11;16.0
1988-11-29;15.0;11;15.0
1988-11-30;17.0;11;17.0
1988-12-01;18.0;12;18.0
1988-12-02;19.0;12;19.0
1988-12-03;20.0;12;20.0
1988-12-04;23.0;12;23.0
1988-12-05;19.0;12;19.0
1988-12-06;18.0;12;18.0
1988-12-07;24.0;12;24.0
1988-12-08;44.0;12;44.0
1988-12-09;33.0;12;33.0
1988-12-10;31.0;12;31.0
1988-12-11;26.0;12;26.0
1988-12-12;24.0;12;24.0
1988-12-13;22.0;12;22.0
1988-12-14;45.0;12;45.0
1988-12-15;49.0;12;49.0
1988-12-16;38.0;12;38.0
1988-12-17;36.0;12;36.0
1988-12-18;42.0;12;42.0
1988-12-19;34.0;12;34.0
1988-12-20;29.0;12;29.0
1988-12-21;24.0;12;24.0
1988-12-22;21.0;12;21.0
1988-12-23;20.0;12;20.0
1988-12-24;19.0;12;19.0
1988-12-25;17.0;12;17.0
1988-12-26;17.0;12;17.0
1988-12-27;16.0;12;16.0
1988-12-28;15.0;12;15.0
1988-12-29;15.0;12;15.0
1988-12-30;15.0;12;15.0
1988-12-31;15.0;12;15.0
