# River:                 RIO FUNDACION
# Station:               FUNDACION
# Latitude (DD):       10.5
# Longitude (DD):      -74.13

YYYY-MM-DD;Value;month;Value_imputed
1978-01-01;8.0;1;8.0
1978-01-02;8.0;1;8.0
1978-01-03;7.0;1;7.0
1978-01-04;8.0;1;8.0
1978-01-05;8.0;1;8.0
1978-01-06;7.0;1;7.0
1978-01-07;7.0;1;7.0
1978-01-08;7.0;1;7.0
1978-01-09;7.0;1;7.0
1978-01-10;7.0;1;7.0
1978-01-11;7.0;1;7.0
1978-01-12;7.0;1;7.0
1978-01-13;7.0;1;7.0
1978-01-14;7.0;1;7.0
1978-01-15;7.0;1;7.0
1978-01-16;7.0;1;7.0
1978-01-17;7.0;1;7.0
1978-01-18;6.0;1;6.0
1978-01-19;6.0;1;6.0
1978-01-20;6.0;1;6.0
1978-01-21;7.0;1;7.0
1978-01-22;6.0;1;6.0
1978-01-23;6.0;1;6.0
1978-01-24;8.0;1;8.0
1978-01-25;8.0;1;8.0
1978-01-26;6.0;1;6.0
1978-01-27;8.0;1;8.0
1978-01-28;6.0;1;6.0
1978-01-29;7.0;1;7.0
1978-01-30;6.0;1;6.0
1978-01-31;6.0;1;6.0
1978-02-01;7.0;2;7.0
1978-02-02;8.0;2;8.0
1978-02-03;8.0;2;8.0
1978-02-04;8.0;2;8.0
1978-02-05;8.0;2;8.0
1978-02-06;8.0;2;8.0
1978-02-07;8.0;2;8.0
1978-02-08;9.0;2;9.0
1978-02-09;13.0;2;13.0
1978-02-10;11.0;2;11.0
1978-02-11;10.0;2;10.0
1978-02-12;12.0;2;12.0
1978-02-13;8.0;2;8.0
1978-02-14;8.0;2;8.0
1978-02-15;8.0;2;8.0
1978-02-16;7.0;2;7.0
1978-02-17;7.0;2;7.0
1978-02-18;6.0;2;6.0
1978-02-19;6.0;2;6.0
1978-02-20;6.0;2;6.0
1978-02-21;6.0;2;6.0
1978-02-22;6.0;2;6.0
1978-02-23;6.0;2;6.0
1978-02-24;6.0;2;6.0
1978-02-25;7.0;2;7.0
1978-02-26;6.0;2;6.0
1978-02-27;6.0;2;6.0
1978-02-28;6.0;2;6.0
1978-03-01;6.0;3;6.0
1978-03-02;7.0;3;7.0
1978-03-03;13.0;3;13.0
1978-03-04;14.0;3;14.0
1978-03-05;8.0;3;8.0
1978-03-06;10.0;3;10.0
1978-03-07;9.0;3;9.0
1978-03-08;6.0;3;6.0
1978-03-09;7.0;3;7.0
1978-03-10;6.0;3;6.0
1978-03-11;6.0;3;6.0
1978-03-12;6.0;3;6.0
1978-03-13;6.0;3;6.0
1978-03-14;6.0;3;6.0
1978-03-15;6.0;3;6.0
1978-03-16;6.0;3;6.0
1978-03-17;6.0;3;6.0
1978-03-18;5.0;3;5.0
1978-03-19;6.0;3;6.0
1978-03-20;5.0;3;5.0
1978-03-21;5.0;3;5.0
1978-03-22;6.0;3;6.0
1978-03-23;6.0;3;6.0
1978-03-24;7.0;3;7.0
1978-03-25;7.0;3;7.0
1978-03-26;8.0;3;8.0
1978-03-27;8.0;3;8.0
1978-03-28;22.0;3;22.0
1978-03-29;14.0;3;14.0
1978-03-30;11.0;3;11.0
1978-03-31;8.0;3;8.0
1978-04-01;8.0;4;8.0
1978-04-02;7.0;4;7.0
1978-04-03;6.0;4;6.0
1978-04-04;14.0;4;14.0
1978-04-05;27.0;4;27.0
1978-04-06;14.0;4;14.0
1978-04-07;9.0;4;9.0
1978-04-08;23.0;4;23.0
1978-04-09;19.0;4;19.0
1978-04-10;17.0;4;17.0
1978-04-11;14.0;4;14.0
1978-04-12;21.0;4;21.0
1978-04-13;34.0;4;34.0
1978-04-14;12.0;4;12.0
1978-04-15;28.0;4;28.0
1978-04-16;21.0;4;21.0
1978-04-17;19.0;4;19.0
1978-04-18;23.0;4;23.0
1978-04-19;28.0;4;28.0
1978-04-20;99.0;4;99.0
1978-04-21;42.0;4;42.0
1978-04-22;37.0;4;37.0
1978-04-23;40.0;4;40.0
1978-04-24;49.0;4;49.0
1978-04-25;55.0;4;55.0
1978-04-26;45.0;4;45.0
1978-04-27;35.0;4;35.0
1978-04-28;29.0;4;29.0
1978-04-29;33.0;4;33.0
1978-04-30;21.0;4;21.0
1978-05-01;35.0;5;35.0
1978-05-02;19.0;5;19.0
1978-05-03;31.0;5;31.0
1978-05-04;48.0;5;48.0
1978-05-05;27.0;5;27.0
1978-05-06;27.0;5;27.0
1978-05-07;17.0;5;17.0
1978-05-08;16.0;5;16.0
1978-05-09;21.0;5;21.0
1978-05-10;27.0;5;27.0
1978-05-11;16.0;5;16.0
1978-05-12;12.0;5;12.0
1978-05-13;14.0;5;14.0
1978-05-14;20.0;5;20.0
1978-05-15;22.0;5;22.0
1978-05-16;41.0;5;41.0
1978-05-17;29.0;5;29.0
1978-05-18;22.0;5;22.0
1978-05-19;24.0;5;24.0
1978-05-20;30.0;5;30.0
1978-05-21;24.0;5;24.0
1978-05-22;33.0;5;33.0
1978-05-23;33.0;5;33.0
1978-05-24;23.0;5;23.0
1978-05-25;25.0;5;25.0
1978-05-26;70.0;5;70.0
1978-05-27;54.0;5;54.0
1978-05-28;92.0;5;92.0
1978-05-29;56.0;5;56.0
1978-05-30;58.0;5;58.0
1978-05-31;42.0;5;42.0
1978-06-01;21.0;6;21.0
1978-06-02;39.0;6;39.0
1978-06-03;38.0;6;38.0
1978-06-04;26.0;6;26.0
1978-06-05;34.0;6;34.0
1978-06-06;30.0;6;30.0
1978-06-07;29.0;6;29.0
1978-06-08;23.0;6;23.0
1978-06-09;17.0;6;17.0
1978-06-10;27.0;6;27.0
1978-06-11;19.0;6;19.0
1978-06-12;52.0;6;52.0
1978-06-13;52.0;6;52.0
1978-06-14;29.0;6;29.0
1978-06-15;31.0;6;31.0
1978-06-16;20.0;6;20.0
1978-06-17;19.0;6;19.0
1978-06-18;17.0;6;17.0
1978-06-19;20.0;6;20.0
1978-06-20;21.0;6;21.0
1978-06-21;24.0;6;24.0
1978-06-22;18.0;6;18.0
1978-06-23;15.0;6;15.0
1978-06-24;20.0;6;20.0
1978-06-25;23.0;6;23.0
1978-06-26;21.0;6;21.0
1978-06-27;16.0;6;16.0
1978-06-28;25.0;6;25.0
1978-06-29;27.0;6;27.0
1978-06-30;19.0;6;19.0
1978-07-01;13.0;7;13.0
1978-07-02;8.0;7;8.0
1978-07-03;13.0;7;13.0
1978-07-04;15.0;7;15.0
1978-07-05;15.0;7;15.0
1978-07-06;15.0;7;15.0
1978-07-07;27.0;7;27.0
1978-07-08;17.0;7;17.0
1978-07-09;36.0;7;36.0
1978-07-10;19.0;7;19.0
1978-07-11;16.0;7;16.0
1978-07-12;15.0;7;15.0
1978-07-13;12.0;7;12.0
1978-07-14;8.0;7;8.0
1978-07-15;13.0;7;13.0
1978-07-16;6.0;7;6.0
1978-07-17;5.0;7;5.0
1978-07-18;21.0;7;21.0
1978-07-19;19.0;7;19.0
1978-07-20;35.0;7;35.0
1978-07-21;27.0;7;27.0
1978-07-22;21.0;7;21.0
1978-07-23;16.0;7;16.0
1978-07-24;17.0;7;17.0
1978-07-25;15.0;7;15.0
1978-07-26;12.0;7;12.0
1978-07-27;19.0;7;19.0
1978-07-28;8.0;7;8.0
1978-07-29;13.0;7;13.0
1978-07-30;12.0;7;12.0
1978-07-31;12.0;7;12.0
1978-08-01;19.0;8;19.0
1978-08-02;23.0;8;23.0
1978-08-03;28.0;8;28.0
1978-08-04;18.0;8;18.0
1978-08-05;16.0;8;16.0
1978-08-06;30.0;8;30.0
1978-08-07;28.0;8;28.0
1978-08-08;26.0;8;26.0
1978-08-09;16.0;8;16.0
1978-08-10;22.0;8;22.0
1978-08-11;18.0;8;18.0
1978-08-12;21.0;8;21.0
1978-08-13;45.0;8;45.0
1978-08-14;21.0;8;21.0
1978-08-15;18.0;8;18.0
1978-08-16;21.0;8;21.0
1978-08-17;20.0;8;20.0
1978-08-18;17.0;8;17.0
1978-08-19;16.0;8;16.0
1978-08-20;13.0;8;13.0
1978-08-21;17.0;8;17.0
1978-08-22;13.0;8;13.0
1978-08-23;18.0;8;18.0
1978-08-24;19.0;8;19.0
1978-08-25;35.0;8;35.0
1978-08-26;22.0;8;22.0
1978-08-27;18.0;8;18.0
1978-08-28;18.0;8;18.0
1978-08-29;19.0;8;19.0
1978-08-30;23.0;8;23.0
1978-08-31;13.0;8;13.0
1978-09-01;28.0;9;28.0
1978-09-02;21.0;9;21.0
1978-09-03;33.0;9;33.0
1978-09-04;25.0;9;25.0
1978-09-05;19.0;9;19.0
1978-09-06;27.0;9;27.0
1978-09-07;19.0;9;19.0
1978-09-08;18.0;9;18.0
1978-09-09;18.0;9;18.0
1978-09-10;18.0;9;18.0
1978-09-11;28.0;9;28.0
1978-09-12;26.0;9;26.0
1978-09-13;17.0;9;17.0
1978-09-14;21.0;9;21.0
1978-09-15;17.0;9;17.0
1978-09-16;19.0;9;19.0
1978-09-17;17.0;9;17.0
1978-09-18;18.0;9;18.0
1978-09-19;16.0;9;16.0
1978-09-20;15.0;9;15.0
1978-09-21;15.0;9;15.0
1978-09-22;21.0;9;21.0
1978-09-23;21.0;9;21.0
1978-09-24;26.0;9;26.0
1978-09-25;30.0;9;30.0
1978-09-26;27.0;9;27.0
1978-09-27;39.0;9;39.0
1978-09-28;19.0;9;19.0
1978-09-29;25.0;9;25.0
1978-09-30;18.0;9;18.0
1978-10-01;15.0;10;15.0
1978-10-02;51.0;10;51.0
1978-10-03;26.0;10;26.0
1978-10-04;21.0;10;21.0
1978-10-05;20.0;10;20.0
1978-10-06;21.0;10;21.0
1978-10-07;19.0;10;19.0
1978-10-08;27.0;10;27.0
1978-10-09;43.0;10;43.0
1978-10-10;47.0;10;47.0
1978-10-11;35.0;10;35.0
1978-10-12;22.0;10;22.0
1978-10-13;27.0;10;27.0
1978-10-14;30.0;10;30.0
1978-10-15;52.0;10;52.0
1978-10-16;53.0;10;53.0
1978-10-17;42.0;10;42.0
1978-10-18;30.0;10;30.0
1978-10-19;37.0;10;37.0
1978-10-20;44.0;10;44.0
1978-10-21;37.0;10;37.0
1978-10-22;47.0;10;47.0
1978-10-23;128.0;10;128.0
1978-10-24;60.0;10;60.0
1978-10-25;89.0;10;89.0
1978-10-26;117.0;10;117.0
1978-10-27;65.0;10;65.0
1978-10-28;61.0;10;61.0
1978-10-29;66.0;10;66.0
1978-10-30;74.0;10;74.0
1978-10-31;41.0;10;41.0
1978-11-01;37.0;11;37.0
1978-11-02;35.0;11;35.0
1978-11-03;30.0;11;30.0
1978-11-04;32.0;11;32.0
1978-11-05;27.0;11;27.0
1978-11-06;35.0;11;35.0
1978-11-07;27.0;11;27.0
1978-11-08;40.0;11;40.0
1978-11-09;43.0;11;43.0
1978-11-10;32.0;11;32.0
1978-11-11;43.0;11;43.0
1978-11-12;120.0;11;120.0
1978-11-13;172.0;11;172.0
1978-11-14;56.0;11;56.0
1978-11-15;49.0;11;49.0
1978-11-16;43.0;11;43.0
1978-11-17;47.0;11;47.0
1978-11-18;52.0;11;52.0
1978-11-19;38.0;11;38.0
1978-11-20;37.0;11;37.0
1978-11-21;162.0;11;162.0
1978-11-22;35.0;11;35.0
1978-11-23;41.0;11;41.0
1978-11-24;35.0;11;35.0
1978-11-25;29.0;11;29.0
1978-11-26;30.0;11;30.0
1978-11-27;25.0;11;25.0
1978-11-28;22.0;11;22.0
1978-11-29;22.0;11;22.0
1978-11-30;19.0;11;19.0
1978-12-01;24.0;12;24.0
1978-12-02;21.0;12;21.0
1978-12-03;25.0;12;25.0
1978-12-04;36.0;12;36.0
1978-12-05;35.0;12;35.0
1978-12-06;38.0;12;38.0
1978-12-07;35.0;12;35.0
1978-12-08;27.0;12;27.0
1978-12-09;28.0;12;28.0
1978-12-10;35.0;12;35.0
1978-12-11;27.0;12;27.0
1978-12-12;27.0;12;27.0
1978-12-13;31.0;12;31.0
1978-12-14;19.0;12;19.0
1978-12-15;21.0;12;21.0
1978-12-16;21.0;12;21.0
1978-12-17;19.0;12;19.0
1978-12-18;17.0;12;17.0
1978-12-19;18.0;12;18.0
1978-12-20;18.0;12;18.0
1978-12-21;15.0;12;15.0
1978-12-22;16.0;12;16.0
1978-12-23;17.0;12;17.0
1978-12-24;14.0;12;14.0
1978-12-25;16.0;12;16.0
1978-12-26;14.0;12;14.0
1978-12-27;17.0;12;17.0
1978-12-28;17.0;12;17.0
1978-12-29;13.0;12;13.0
1978-12-30;18.0;12;18.0
1978-12-31;12.0;12;12.0
1979-01-01;17.0;1;17.0
1979-01-02;13.0;1;13.0
1979-01-03;11.0;1;11.0
1979-01-04;15.0;1;15.0
1979-01-05;12.0;1;12.0
1979-01-06;11.0;1;11.0
1979-01-07;11.0;1;11.0
1979-01-08;10.0;1;10.0
1979-01-09;11.0;1;11.0
1979-01-10;9.0;1;9.0
1979-01-11;11.0;1;11.0
1979-01-12;10.0;1;10.0
1979-01-13;11.0;1;11.0
1979-01-14;10.0;1;10.0
1979-01-15;10.0;1;10.0
1979-01-16;10.0;1;10.0
1979-01-17;12.0;1;12.0
1979-01-18;10.0;1;10.0
1979-01-19;10.0;1;10.0
1979-01-20;10.0;1;10.0
1979-01-21;10.0;1;10.0
1979-01-22;10.0;1;10.0
1979-01-23;11.0;1;11.0
1979-01-24;12.0;1;12.0
1979-01-25;10.0;1;10.0
1979-01-26;9.0;1;9.0
1979-01-27;10.0;1;10.0
1979-01-28;13.0;1;13.0
1979-01-29;13.0;1;13.0
1979-01-30;10.0;1;10.0
1979-01-31;10.0;1;10.0
1979-02-01;10.0;2;10.0
1979-02-02;9.0;2;9.0
1979-02-03;10.0;2;10.0
1979-02-04;9.0;2;9.0
1979-02-05;9.0;2;9.0
1979-02-06;10.0;2;10.0
1979-02-07;10.0;2;10.0
1979-02-08;10.0;2;10.0
1979-02-09;9.0;2;9.0
1979-02-10;10.0;2;10.0
1979-02-11;11.0;2;11.0
1979-02-12;12.0;2;12.0
1979-02-13;12.0;2;12.0
1979-02-14;15.0;2;15.0
1979-02-15;18.0;2;18.0
1979-02-16;13.0;2;13.0
1979-02-17;12.0;2;12.0
1979-02-18;10.0;2;10.0
1979-02-19;10.0;2;10.0
1979-02-20;9.0;2;9.0
1979-02-21;9.0;2;9.0
1979-02-22;9.0;2;9.0
1979-02-23;9.0;2;9.0
1979-02-24;10.0;2;10.0
1979-02-25;9.0;2;9.0
1979-02-26;13.0;2;13.0
1979-02-27;18.0;2;18.0
1979-02-28;11.0;2;11.0
1979-03-01;10.0;3;10.0
1979-03-02;9.0;3;9.0
1979-03-03;9.0;3;9.0
1979-03-04;11.0;3;11.0
1979-03-05;11.0;3;11.0
1979-03-06;12.0;3;12.0
1979-03-07;15.0;3;15.0
1979-03-08;28.0;3;28.0
1979-03-09;24.0;3;24.0
1979-03-10;10.0;3;10.0
1979-03-11;9.0;3;9.0
1979-03-12;8.0;3;8.0
1979-03-13;7.0;3;7.0
1979-03-14;7.0;3;7.0
1979-03-15;8.0;3;8.0
1979-03-16;6.0;3;6.0
1979-03-17;7.0;3;7.0
1979-03-18;6.0;3;6.0
1979-03-19;8.0;3;8.0
1979-03-20;6.0;3;6.0
1979-03-21;7.0;3;7.0
1979-03-22;7.0;3;7.0
1979-03-23;7.0;3;7.0
1979-03-24;6.0;3;6.0
1979-03-25;6.0;3;6.0
1979-03-26;7.0;3;7.0
1979-03-27;7.0;3;7.0
1979-03-28;7.0;3;7.0
1979-03-29;18.0;3;18.0
1979-03-30;16.0;3;16.0
1979-03-31;17.0;3;17.0
1979-04-01;20.0;4;20.0
1979-04-02;29.0;4;29.0
1979-04-03;28.0;4;28.0
1979-04-04;34.0;4;34.0
1979-04-05;23.0;4;23.0
1979-04-06;20.0;4;20.0
1979-04-07;35.0;4;35.0
1979-04-08;27.0;4;27.0
1979-04-09;22.0;4;22.0
1979-04-10;24.0;4;24.0
1979-04-11;28.0;4;28.0
1979-04-12;19.0;4;19.0
1979-04-13;35.0;4;35.0
1979-04-14;21.0;4;21.0
1979-04-15;28.0;4;28.0
1979-04-16;24.0;4;24.0
1979-04-17;22.0;4;22.0
1979-04-18;25.0;4;25.0
1979-04-19;27.0;4;27.0
1979-04-20;20.0;4;20.0
1979-04-21;35.0;4;35.0
1979-04-22;36.0;4;36.0
1979-04-23;35.0;4;35.0
1979-04-24;26.0;4;26.0
1979-04-25;27.0;4;27.0
1979-04-26;45.0;4;45.0
1979-04-27;55.0;4;55.0
1979-04-28;35.0;4;35.0
1979-04-29;24.0;4;24.0
1979-04-30;43.0;4;43.0
1979-05-01;43.0;5;43.0
1979-05-02;28.0;5;28.0
1979-05-03;24.0;5;24.0
1979-05-04;30.0;5;30.0
1979-05-05;43.0;5;43.0
1979-05-06;22.0;5;22.0
1979-05-07;19.0;5;19.0
1979-05-08;21.0;5;21.0
1979-05-09;25.0;5;25.0
1979-05-10;23.0;5;23.0
1979-05-11;28.0;5;28.0
1979-05-12;40.0;5;40.0
1979-05-13;21.0;5;21.0
1979-05-14;33.0;5;33.0
1979-05-15;58.0;5;58.0
1979-05-16;49.0;5;49.0
1979-05-17;39.0;5;39.0
1979-05-18;33.0;5;33.0
1979-05-19;27.0;5;27.0
1979-05-20;24.0;5;24.0
1979-05-21;29.0;5;29.0
1979-05-22;28.0;5;28.0
1979-05-23;26.0;5;26.0
1979-05-24;27.0;5;27.0
1979-05-25;28.0;5;28.0
1979-05-26;27.0;5;27.0
1979-05-27;27.0;5;27.0
1979-05-28;24.0;5;24.0
1979-05-29;40.0;5;40.0
1979-05-30;78.0;5;78.0
1979-05-31;69.0;5;69.0
1979-06-01;38.0;6;38.0
1979-06-02;42.0;6;42.0
1979-06-03;50.0;6;50.0
1979-06-04;61.0;6;61.0
1979-06-05;166.0;6;166.0
1979-06-06;50.0;6;50.0
1979-06-07;122.0;6;122.0
1979-06-08;36.0;6;36.0
1979-06-09;39.0;6;39.0
1979-06-10;29.0;6;29.0
1979-06-11;19.0;6;19.0
1979-06-12;25.0;6;25.0
1979-06-13;21.0;6;21.0
1979-06-14;20.0;6;20.0
1979-06-15;24.0;6;24.0
1979-06-16;22.0;6;22.0
1979-06-17;20.0;6;20.0
1979-06-18;21.0;6;21.0
1979-06-19;19.0;6;19.0
1979-06-20;28.0;6;28.0
1979-06-21;34.0;6;34.0
1979-06-22;28.0;6;28.0
1979-06-23;24.0;6;24.0
1979-06-24;19.0;6;19.0
1979-06-25;15.0;6;15.0
1979-06-26;20.0;6;20.0
1979-06-27;18.0;6;18.0
1979-06-28;15.0;6;15.0
1979-06-29;19.0;6;19.0
1979-06-30;15.0;6;15.0
1979-07-01;15.0;7;15.0
1979-07-02;15.0;7;15.0
1979-07-03;14.0;7;14.0
1979-07-04;15.0;7;15.0
1979-07-05;14.0;7;14.0
1979-07-06;16.0;7;16.0
1979-07-07;15.0;7;15.0
1979-07-08;14.0;7;14.0
1979-07-09;14.0;7;14.0
1979-07-10;14.0;7;14.0
1979-07-11;19.0;7;19.0
1979-07-12;15.0;7;15.0
1979-07-13;14.0;7;14.0
1979-07-14;22.0;7;22.0
1979-07-15;17.0;7;17.0
1979-07-16;34.0;7;34.0
1979-07-17;23.0;7;23.0
1979-07-18;15.0;7;15.0
1979-07-19;16.0;7;16.0
1979-07-20;24.0;7;24.0
1979-07-21;20.0;7;20.0
1979-07-22;17.0;7;17.0
1979-07-23;14.0;7;14.0
1979-07-24;14.0;7;14.0
1979-07-25;18.0;7;18.0
1979-07-26;28.0;7;28.0
1979-07-27;22.0;7;22.0
1979-07-28;13.0;7;13.0
1979-07-29;13.0;7;13.0
1979-07-30;13.0;7;13.0
1979-07-31;15.0;7;15.0
1979-08-01;22.0;8;22.0
1979-08-02;19.0;8;19.0
1979-08-03;19.0;8;19.0
1979-08-04;14.0;8;14.0
1979-08-05;17.0;8;17.0
1979-08-06;13.0;8;13.0
1979-08-07;17.0;8;17.0
1979-08-08;12.0;8;12.0
1979-08-09;12.0;8;12.0
1979-08-10;15.0;8;15.0
1979-08-11;14.0;8;14.0
1979-08-12;16.0;8;16.0
1979-08-13;22.0;8;22.0
1979-08-14;20.0;8;20.0
1979-08-15;24.0;8;24.0
1979-08-16;20.0;8;20.0
1979-08-17;22.0;8;22.0
1979-08-18;26.0;8;26.0
1979-08-19;31.0;8;31.0
1979-08-20;23.0;8;23.0
1979-08-21;27.0;8;27.0
1979-08-22;22.0;8;22.0
1979-08-23;22.0;8;22.0
1979-08-24;22.0;8;22.0
1979-08-25;117.0;8;117.0
1979-08-26;27.0;8;27.0
1979-08-27;19.0;8;19.0
1979-08-28;22.0;8;22.0
1979-08-29;22.0;8;22.0
1979-08-30;59.0;8;59.0
1979-08-31;138.0;8;138.0
1979-09-01;49.0;9;49.0
1979-09-02;42.0;9;42.0
1979-09-03;34.0;9;34.0
1979-09-04;39.0;9;39.0
1979-09-05;42.0;9;42.0
1979-09-06;31.0;9;31.0
1979-09-07;42.0;9;42.0
1979-09-08;71.0;9;71.0
1979-09-09;48.0;9;48.0
1979-09-10;40.0;9;40.0
1979-09-11;35.0;9;35.0
1979-09-12;38.0;9;38.0
1979-09-13;44.0;9;44.0
1979-09-14;46.0;9;46.0
1979-09-15;58.0;9;58.0
1979-09-16;71.0;9;71.0
1979-09-17;83.0;9;83.0
1979-09-18;105.0;9;105.0
1979-09-19;174.0;9;174.0
1979-09-20;123.0;9;123.0
1979-09-21;38.0;9;38.0
1979-09-22;32.0;9;32.0
1979-09-23;29.0;9;29.0
1979-09-24;29.0;9;29.0
1979-09-25;55.0;9;55.0
1979-09-26;34.0;9;34.0
1979-09-27;38.0;9;38.0
1979-09-28;23.0;9;23.0
1979-09-29;22.0;9;22.0
1979-09-30;25.0;9;25.0
1979-10-01;29.0;10;29.0
1979-10-02;50.0;10;50.0
1979-10-03;22.0;10;22.0
1979-10-04;22.0;10;22.0
1979-10-05;25.0;10;25.0
1979-10-06;22.0;10;22.0
1979-10-07;33.0;10;33.0
1979-10-08;52.0;10;52.0
1979-10-09;31.0;10;31.0
1979-10-10;27.0;10;27.0
1979-10-11;44.0;10;44.0
1979-10-12;42.0;10;42.0
1979-10-13;46.0;10;46.0
1979-10-14;50.0;10;50.0
1979-10-15;101.0;10;101.0
1979-10-16;82.0;10;82.0
1979-10-17;114.0;10;114.0
1979-10-18;86.0;10;86.0
1979-10-19;91.0;10;91.0
1979-10-20;174.0;10;174.0
1979-10-21;77.0;10;77.0
1979-10-22;91.0;10;91.0
1979-10-23;86.0;10;86.0
1979-10-24;68.0;10;68.0
1979-10-25;64.0;10;64.0
1979-10-26;77.0;10;77.0
1979-10-27;59.0;10;59.0
1979-10-28;82.0;10;82.0
1979-10-29;82.0;10;82.0
1979-10-30;68.0;10;68.0
1979-10-31;86.0;10;86.0
1979-11-01;73.0;11;73.0
1979-11-02;59.0;11;59.0
1979-11-03;71.0;11;71.0
1979-11-04;96.0;11;96.0
1979-11-05;122.0;11;122.0
1979-11-06;55.0;11;55.0
1979-11-07;80.0;11;80.0
1979-11-08;101.0;11;101.0
1979-11-09;112.0;11;112.0
1979-11-10;71.0;11;71.0
1979-11-11;98.0;11;98.0
1979-11-12;101.0;11;101.0
1979-11-13;68.0;11;68.0
1979-11-14;147.0;11;147.0
1979-11-15;82.0;11;82.0
1979-11-16;82.0;11;82.0
1979-11-17;66.0;11;66.0
1979-11-18;68.0;11;68.0
1979-11-19;68.0;11;68.0
1979-11-20;59.0;11;59.0
1979-11-21;46.0;11;46.0
1979-11-22;59.0;11;59.0
1979-11-23;60.0;11;60.0
1979-11-24;45.0;11;45.0
1979-11-25;49.0;11;49.0
1979-11-26;45.0;11;45.0
1979-11-27;38.0;11;38.0
1979-11-28;34.0;11;34.0
1979-11-29;43.0;11;43.0
1979-11-30;40.0;11;40.0
1979-12-01;43.0;12;43.0
1979-12-02;40.0;12;40.0
1979-12-03;32.0;12;32.0
1979-12-04;31.0;12;31.0
1979-12-05;38.0;12;38.0
1979-12-06;27.0;12;27.0
1979-12-07;30.0;12;30.0
1979-12-08;31.0;12;31.0
1979-12-09;29.0;12;29.0
1979-12-10;28.0;12;28.0
1979-12-11;24.0;12;24.0
1979-12-12;24.0;12;24.0
1979-12-13;24.0;12;24.0
1979-12-14;24.0;12;24.0
1979-12-15;30.0;12;30.0
1979-12-16;29.0;12;29.0
1979-12-17;30.0;12;30.0
1979-12-18;31.0;12;31.0
1979-12-19;27.0;12;27.0
1979-12-20;41.0;12;41.0
1979-12-21;29.0;12;29.0
1979-12-22;30.0;12;30.0
1979-12-23;26.0;12;26.0
1979-12-24;25.0;12;25.0
1979-12-25;25.0;12;25.0
1979-12-26;28.0;12;28.0
1979-12-27;26.0;12;26.0
1979-12-28;25.0;12;25.0
1979-12-29;24.0;12;24.0
1979-12-30;26.0;12;26.0
1979-12-31;30.0;12;30.0
1980-01-01;32.0;1;32.0
1980-01-02;31.0;1;31.0
1980-01-03;24.0;1;24.0
1980-01-04;27.0;1;27.0
1980-01-05;24.0;1;24.0
1980-01-06;30.0;1;30.0
1980-01-07;31.0;1;31.0
1980-01-08;24.0;1;24.0
1980-01-09;22.0;1;22.0
1980-01-10;19.0;1;19.0
1980-01-11;22.0;1;22.0
1980-01-12;20.0;1;20.0
1980-01-13;20.0;1;20.0
1980-01-14;20.0;1;20.0
1980-01-15;19.0;1;19.0
1980-01-16;34.0;1;34.0
1980-01-17;22.0;1;22.0
1980-01-18;19.0;1;19.0
1980-01-19;19.0;1;19.0
1980-01-20;24.0;1;24.0
1980-01-21;21.0;1;21.0
1980-01-22;15.0;1;15.0
1980-01-23;15.0;1;15.0
1980-01-24;15.0;1;15.0
1980-01-25;15.0;1;15.0
1980-01-26;16.0;1;16.0
1980-01-27;15.0;1;15.0
1980-01-28;15.0;1;15.0
1980-01-29;15.0;1;15.0
1980-01-30;15.0;1;15.0
1980-01-31;16.0;1;16.0
1980-02-01;19.0;2;19.0
1980-02-02;17.0;2;17.0
1980-02-03;15.0;2;15.0
1980-02-04;16.0;2;16.0
1980-02-05;15.0;2;15.0
1980-02-06;19.0;2;19.0
1980-02-07;17.0;2;17.0
1980-02-08;15.0;2;15.0
1980-02-09;15.0;2;15.0
1980-02-10;15.0;2;15.0
1980-02-11;15.0;2;15.0
1980-02-12;14.0;2;14.0
1980-02-13;14.0;2;14.0
1980-02-14;14.0;2;14.0
1980-02-15;14.0;2;14.0
1980-02-16;14.0;2;14.0
1980-02-17;13.0;2;13.0
1980-02-18;14.0;2;14.0
1980-02-19;14.0;2;14.0
1980-02-20;14.0;2;14.0
1980-02-21;15.0;2;15.0
1980-02-22;15.0;2;15.0
1980-02-23;15.0;2;15.0
1980-02-24;14.0;2;14.0
1980-02-25;15.0;2;15.0
1980-02-26;11.0;2;11.0
1980-02-27;11.0;2;11.0
1980-02-28;11.0;2;11.0
1980-02-29;11.0;2;11.0
1980-03-01;11.0;3;11.0
1980-03-02;10.0;3;10.0
1980-03-03;10.0;3;10.0
1980-03-04;12.0;3;12.0
1980-03-05;14.0;3;14.0
1980-03-06;11.0;3;11.0
1980-03-07;13.0;3;13.0
1980-03-08;14.0;3;14.0
1980-03-09;13.0;3;13.0
1980-03-10;12.0;3;12.0
1980-03-11;12.0;3;12.0
1980-03-12;12.0;3;12.0
1980-03-13;11.0;3;11.0
1980-03-14;13.0;3;13.0
1980-03-15;11.0;3;11.0
1980-03-16;12.0;3;12.0
1980-03-17;12.0;3;12.0
1980-03-18;10.0;3;10.0
1980-03-19;8.0;3;8.0
1980-03-20;8.0;3;8.0
1980-03-21;9.0;3;9.0
1980-03-22;8.0;3;8.0
1980-03-23;8.0;3;8.0
1980-03-24;8.0;3;8.0
1980-03-25;9.0;3;9.0
1980-03-26;14.0;3;14.0
1980-03-27;14.0;3;14.0
1980-03-28;12.0;3;12.0
1980-03-29;10.0;3;10.0
1980-03-30;10.0;3;10.0
1980-03-31;10.0;3;10.0
1980-04-01;10.0;4;10.0
1980-04-02;10.0;4;10.0
1980-04-03;10.0;4;10.0
1980-04-04;8.0;4;8.0
1980-04-05;8.0;4;8.0
1980-04-06;8.0;4;8.0
1980-04-07;12.0;4;12.0
1980-04-08;15.0;4;15.0
1980-04-09;14.0;4;14.0
1980-04-10;11.0;4;11.0
1980-04-11;9.0;4;9.0
1980-04-12;11.0;4;11.0
1980-04-13;9.0;4;9.0
1980-04-14;10.0;4;10.0
1980-04-15;13.0;4;13.0
1980-04-16;10.0;4;10.0
1980-04-17;15.0;4;15.0
1980-04-18;17.0;4;17.0
1980-04-19;20.0;4;20.0
1980-04-20;13.0;4;13.0
1980-04-21;14.0;4;14.0
1980-04-22;31.0;4;31.0
1980-04-23;33.0;4;33.0
1980-04-24;14.0;4;14.0
1980-04-25;14.0;4;14.0
1980-04-26;17.0;4;17.0
1980-04-27;15.0;4;15.0
1980-04-28;16.0;4;16.0
1980-04-29;18.0;4;18.0
1980-04-30;17.0;4;17.0
1980-05-01;16.0;5;16.0
1980-05-02;15.0;5;15.0
1980-05-03;17.0;5;17.0
1980-05-04;17.0;5;17.0
1980-05-05;19.0;5;19.0
1980-05-06;17.0;5;17.0
1980-05-07;19.0;5;19.0
1980-05-08;22.0;5;22.0
1980-05-09;43.0;5;43.0
1980-05-10;38.0;5;38.0
1980-05-11;35.0;5;35.0
1980-05-12;25.0;5;25.0
1980-05-13;35.0;5;35.0
1980-05-14;25.0;5;25.0
1980-05-15;19.0;5;19.0
1980-05-16;25.0;5;25.0
1980-05-17;30.0;5;30.0
1980-05-18;22.0;5;22.0
1980-05-19;22.0;5;22.0
1980-05-20;25.0;5;25.0
1980-05-21;30.0;5;30.0
1980-05-22;35.0;5;35.0
1980-05-23;38.0;5;38.0
1980-05-24;64.0;5;64.0
1980-05-25;39.0;5;39.0
1980-05-26;17.0;5;17.0
1980-05-27;16.0;5;16.0
1980-05-28;15.0;5;15.0
1980-05-29;35.0;5;35.0
1980-05-30;25.0;5;25.0
1980-05-31;23.0;5;23.0
1980-06-01;43.0;6;43.0
1980-06-02;35.0;6;35.0
1980-06-03;37.0;6;37.0
1980-06-04;29.0;6;29.0
1980-06-05;22.0;6;22.0
1980-06-06;38.0;6;38.0
1980-06-07;69.0;6;69.0
1980-06-08;39.0;6;39.0
1980-06-09;33.0;6;33.0
1980-06-10;22.0;6;22.0
1980-06-11;22.0;6;22.0
1980-06-12;55.0;6;55.0
1980-06-13;27.0;6;27.0
1980-06-14;27.0;6;27.0
1980-06-15;35.0;6;35.0
1980-06-16;15.0;6;15.0
1980-06-17;17.0;6;17.0
1980-06-18;19.0;6;19.0
1980-06-19;22.0;6;22.0
1980-06-20;27.0;6;27.0
1980-06-21;22.0;6;22.0
1980-06-22;15.0;6;15.0
1980-06-23;17.0;6;17.0
1980-06-24;17.0;6;17.0
1980-06-25;15.0;6;15.0
1980-06-26;15.0;6;15.0
1980-06-27;15.0;6;15.0
1980-06-28;14.0;6;14.0
1980-06-29;14.0;6;14.0
1980-06-30;15.0;6;15.0
1980-07-01;14.0;7;14.0
1980-07-02;14.0;7;14.0
1980-07-03;15.0;7;15.0
1980-07-04;15.0;7;15.0
1980-07-05;15.0;7;15.0
1980-07-06;15.0;7;15.0
1980-07-07;15.0;7;15.0
1980-07-08;14.0;7;14.0
1980-07-09;14.0;7;14.0
1980-07-10;14.0;7;14.0
1980-07-11;15.0;7;15.0
1980-07-12;15.0;7;15.0
1980-07-13;15.0;7;15.0
1980-07-14;15.0;7;15.0
1980-07-15;15.0;7;15.0
1980-07-16;17.0;7;17.0
1980-07-17;16.0;7;16.0
1980-07-18;17.0;7;17.0
1980-07-19;19.0;7;19.0
1980-07-20;22.0;7;22.0
1980-07-21;24.0;7;24.0
1980-07-22;25.0;7;25.0
1980-07-23;15.0;7;15.0
1980-07-24;15.0;7;15.0
1980-07-25;17.0;7;17.0
1980-07-26;27.0;7;27.0
1980-07-27;35.0;7;35.0
1980-07-28;34.0;7;34.0
1980-07-29;38.0;7;38.0
1980-07-30;22.0;7;22.0
1980-07-31;27.0;7;27.0
1980-08-01;34.0;8;34.0
1980-08-02;22.0;8;22.0
1980-08-03;19.0;8;19.0
1980-08-04;19.0;8;19.0
1980-08-05;26.0;8;26.0
1980-08-06;27.0;8;27.0
1980-08-07;19.0;8;19.0
1980-08-08;46.0;8;46.0
1980-08-09;22.0;8;22.0
1980-08-10;22.0;8;22.0
1980-08-11;38.0;8;38.0
1980-08-12;27.0;8;27.0
1980-08-13;23.0;8;23.0
1980-08-14;17.0;8;17.0
1980-08-15;55.0;8;55.0
1980-08-16;35.0;8;35.0
1980-08-17;22.0;8;22.0
1980-08-18;27.0;8;27.0
1980-08-19;38.0;8;38.0
1980-08-20;39.0;8;39.0
1980-08-21;30.0;8;30.0
1980-08-22;26.0;8;26.0
1980-08-23;27.0;8;27.0
1980-08-24;22.0;8;22.0
1980-08-25;24.0;8;24.0
1980-08-26;19.0;8;19.0
1980-08-27;19.0;8;19.0
1980-08-28;27.0;8;27.0
1980-08-29;27.0;8;27.0
1980-08-30;27.0;8;27.0
1980-08-31;35.0;8;35.0
1980-09-01;19.0;9;19.0
1980-09-02;22.0;9;22.0
1980-09-03;24.0;9;24.0
1980-09-04;27.0;9;27.0
1980-09-05;30.0;9;30.0
1980-09-06;37.0;9;37.0
1980-09-07;38.0;9;38.0
1980-09-08;39.0;9;39.0
1980-09-09;27.0;9;27.0
1980-09-10;19.0;9;19.0
1980-09-11;24.0;9;24.0
1980-09-12;22.0;9;22.0
1980-09-13;17.0;9;17.0
1980-09-14;17.0;9;17.0
1980-09-15;17.0;9;17.0
1980-09-16;34.0;9;34.0
1980-09-17;24.0;9;24.0
1980-09-18;15.0;9;15.0
1980-09-19;17.0;9;17.0
1980-09-20;17.0;9;17.0
1980-09-21;15.0;9;15.0
1980-09-22;22.0;9;22.0
1980-09-23;17.0;9;17.0
1980-09-24;25.0;9;25.0
1980-09-25;29.0;9;29.0
1980-09-26;22.0;9;22.0
1980-09-27;17.0;9;17.0
1980-09-28;17.0;9;17.0
1980-09-29;22.0;9;22.0
1980-09-30;15.0;9;15.0
1980-10-01;17.0;10;17.0
1980-10-02;17.0;10;17.0
1980-10-03;19.0;10;19.0
1980-10-04;87.0;10;87.0
1980-10-05;129.0;10;129.0
1980-10-06;147.0;10;147.0
1980-10-07;104.0;10;104.0
1980-10-08;50.0;10;50.0
1980-10-09;64.0;10;64.0
1980-10-10;38.0;10;38.0
1980-10-11;27.0;10;27.0
1980-10-12;27.0;10;27.0
1980-10-13;27.0;10;27.0
1980-10-14;15.0;10;15.0
1980-10-15;19.0;10;19.0
1980-10-16;17.0;10;17.0
1980-10-17;22.0;10;22.0
1980-10-18;17.0;10;17.0
1980-10-19;15.0;10;15.0
1980-10-20;25.0;10;25.0
1980-10-21;31.0;10;31.0
1980-10-22;17.0;10;17.0
1980-10-23;22.0;10;22.0
1980-10-24;23.0;10;23.0
1980-10-25;22.0;10;22.0
1980-10-26;24.0;10;24.0
1980-10-27;17.0;10;17.0
1980-10-28;20.0;10;20.0
1980-10-29;27.0;10;27.0
1980-10-30;27.0;10;27.0
1980-10-31;19.0;10;19.0
1980-11-01;17.0;11;17.0
1980-11-02;17.0;11;17.0
1980-11-03;19.0;11;19.0
1980-11-04;87.0;11;87.0
1980-11-05;129.0;11;129.0
1980-11-06;147.0;11;147.0
1980-11-07;109.0;11;109.0
1980-11-08;42.0;11;42.0
1980-11-09;44.0;11;44.0
1980-11-10;43.0;11;43.0
1980-11-11;47.0;11;47.0
1980-11-12;46.0;11;46.0
1980-11-13;27.0;11;27.0
1980-11-14;19.0;11;19.0
1980-11-15;19.0;11;19.0
1980-11-16;17.0;11;17.0
1980-11-17;20.0;11;20.0
1980-11-18;20.0;11;20.0
1980-11-19;17.0;11;17.0
1980-11-20;17.0;11;17.0
1980-11-21;15.0;11;15.0
1980-11-22;17.0;11;17.0
1980-11-23;17.0;11;17.0
1980-11-24;15.0;11;15.0
1980-11-25;15.0;11;15.0
1980-11-26;15.0;11;15.0
1980-11-27;17.0;11;17.0
1980-11-28;15.0;11;15.0
1980-11-29;15.0;11;15.0
1980-11-30;15.0;11;15.0
1980-12-01;15.0;12;15.0
1980-12-02;18.0;12;18.0
1980-12-03;17.0;12;17.0
1980-12-04;15.0;12;15.0
1980-12-05;17.0;12;17.0
1980-12-06;17.0;12;17.0
1980-12-07;15.0;12;15.0
1980-12-08;19.0;12;19.0
1980-12-09;24.0;12;24.0
1980-12-10;34.0;12;34.0
1980-12-11;35.0;12;35.0
1980-12-12;19.0;12;19.0
1980-12-13;38.0;12;38.0
1980-12-14;31.0;12;31.0
1980-12-15;22.0;12;22.0
1980-12-16;27.0;12;27.0
1980-12-17;28.0;12;28.0
1980-12-18;27.0;12;27.0
1980-12-19;15.0;12;15.0
1980-12-20;15.0;12;15.0
1980-12-21;15.0;12;15.0
1980-12-22;15.0;12;15.0
1980-12-23;15.0;12;15.0
1980-12-24;19.0;12;19.0
1980-12-25;22.0;12;22.0
1980-12-26;22.0;12;22.0
1980-12-27;17.0;12;17.0
1980-12-28;38.0;12;38.0
1980-12-29;34.0;12;34.0
1980-12-30;35.0;12;35.0
1980-12-31;34.0;12;34.0
1981-01-01;38.0;1;38.0
1981-01-02;22.0;1;22.0
1981-01-03;17.0;1;17.0
1981-01-04;17.0;1;17.0
1981-01-05;15.0;1;15.0
1981-01-06;15.0;1;15.0
1981-01-07;15.0;1;15.0
1981-01-08;15.0;1;15.0
1981-01-09;13.0;1;13.0
1981-01-10;13.0;1;13.0
1981-01-11;13.0;1;13.0
1981-01-12;13.0;1;13.0
1981-01-13;13.0;1;13.0
1981-01-14;11.0;1;11.0
1981-01-15;8.0;1;8.0
1981-01-16;11.0;1;11.0
1981-01-17;11.0;1;11.0
1981-01-18;11.0;1;11.0
1981-01-19;11.0;1;11.0
1981-01-20;11.0;1;11.0
1981-01-21;11.0;1;11.0
1981-01-22;11.0;1;11.0
1981-01-23;11.0;1;11.0
1981-01-24;11.0;1;11.0
1981-01-25;11.0;1;11.0
1981-01-26;11.0;1;11.0
1981-01-27;15.0;1;15.0
1981-01-28;11.0;1;11.0
1981-01-29;11.0;1;11.0
1981-01-30;15.0;1;15.0
1981-01-31;15.0;1;15.0
1981-02-01;11.0;2;11.0
1981-02-02;11.0;2;11.0
1981-02-03;11.0;2;11.0
1981-02-04;11.0;2;11.0
1981-02-05;11.0;2;11.0
1981-02-06;11.0;2;11.0
1981-02-07;11.0;2;11.0
1981-02-08;10.0;2;10.0
1981-02-09;10.0;2;10.0
1981-02-10;10.0;2;10.0
1981-02-11;11.0;2;11.0
1981-02-12;11.0;2;11.0
1981-02-13;11.0;2;11.0
1981-02-14;11.0;2;11.0
1981-02-15;11.0;2;11.0
1981-02-16;11.0;2;11.0
1981-02-17;12.0;2;12.0
1981-02-18;12.0;2;12.0
1981-02-19;17.0;2;17.0
1981-02-20;15.0;2;15.0
1981-02-21;23.0;2;23.0
1981-02-22;17.0;2;17.0
1981-02-23;27.0;2;27.0
1981-02-24;19.0;2;19.0
1981-02-25;15.0;2;15.0
1981-02-26;17.0;2;17.0
1981-02-27;17.0;2;17.0
1981-02-28;15.0;2;15.0
1981-03-01;17.0;3;17.0
1981-03-02;17.0;3;17.0
1981-03-03;22.0;3;22.0
1981-03-04;22.0;3;22.0
1981-03-05;24.0;3;24.0
1981-03-06;22.0;3;22.0
1981-03-07;15.0;3;15.0
1981-03-08;24.0;3;24.0
1981-03-09;15.0;3;15.0
1981-03-10;22.0;3;22.0
1981-03-11;24.0;3;24.0
1981-03-12;15.0;3;15.0
1981-03-13;15.0;3;15.0
1981-03-14;14.0;3;14.0
1981-03-15;14.0;3;14.0
1981-03-16;17.0;3;17.0
1981-03-17;14.0;3;14.0
1981-03-18;13.0;3;13.0
1981-03-19;14.0;3;14.0
1981-03-20;14.0;3;14.0
1981-03-21;13.0;3;13.0
1981-03-22;14.0;3;14.0
1981-03-23;14.0;3;14.0
1981-03-24;14.0;3;14.0
1981-03-25;17.0;3;17.0
1981-03-26;15.0;3;15.0
1981-03-27;14.0;3;14.0
1981-03-28;14.0;3;14.0
1981-03-29;14.0;3;14.0
1981-03-30;14.0;3;14.0
1981-03-31;14.0;3;14.0
1981-04-01;14.0;4;14.0
1981-04-02;13.0;4;13.0
1981-04-03;14.0;4;14.0
1981-04-04;35.0;4;35.0
1981-04-05;23.0;4;23.0
1981-04-06;15.0;4;15.0
1981-04-07;15.0;4;15.0
1981-04-08;15.0;4;15.0
1981-04-09;19.0;4;19.0
1981-04-10;14.0;4;14.0
1981-04-11;13.0;4;13.0
1981-04-12;13.0;4;13.0
1981-04-13;14.0;4;14.0
1981-04-14;48.0;4;48.0
1981-04-15;19.0;4;19.0
1981-04-16;22.0;4;22.0
1981-04-17;24.0;4;24.0
1981-04-18;61.0;4;61.0
1981-04-19;38.0;4;38.0
1981-04-20;108.0;4;108.0
1981-04-21;38.0;4;38.0
1981-04-22;55.0;4;55.0
1981-04-23;31.0;4;31.0
1981-04-24;34.0;4;34.0
1981-04-25;24.0;4;24.0
1981-04-26;61.0;4;61.0
1981-04-27;42.0;4;42.0
1981-04-28;22.0;4;22.0
1981-04-29;33.0;4;33.0
1981-04-30;42.0;4;42.0
1981-05-01;82.0;5;82.0
1981-05-02;61.0;5;61.0
1981-05-03;24.0;5;24.0
1981-05-04;34.0;5;34.0
1981-05-05;42.0;5;42.0
1981-05-06;38.0;5;38.0
1981-05-07;31.0;5;31.0
1981-05-08;83.0;5;83.0
1981-05-09;147.0;5;147.0
1981-05-10;101.0;5;101.0
1981-05-11;82.0;5;82.0
1981-05-12;128.0;5;128.0
1981-05-13;93.0;5;93.0
1981-05-14;40.0;5;40.0
1981-05-15;55.0;5;55.0
1981-05-16;34.0;5;34.0
1981-05-17;34.0;5;34.0
1981-05-18;27.0;5;27.0
1981-05-19;129.0;5;129.0
1981-05-20;109.0;5;109.0
1981-05-21;93.0;5;93.0
1981-05-22;24.0;5;24.0
1981-05-23;34.0;5;34.0
1981-05-24;42.0;5;42.0
1981-05-25;152.0;5;152.0
1981-05-26;46.0;5;46.0
1981-05-27;55.0;5;55.0
1981-05-28;77.0;5;77.0
1981-05-29;82.0;5;82.0
1981-05-30;64.0;5;64.0
1981-05-31;35.0;5;35.0
1981-06-01;22.0;6;22.0
1981-06-02;27.0;6;27.0
1981-06-03;44.0;6;44.0
1981-06-04;33.0;6;33.0
1981-06-05;31.0;6;31.0
1981-06-06;25.0;6;25.0
1981-06-07;41.0;6;41.0
1981-06-08;24.0;6;24.0
1981-06-09;25.0;6;25.0
1981-06-10;22.0;6;22.0
1981-06-11;22.0;6;22.0
1981-06-12;51.0;6;51.0
1981-06-13;28.0;6;28.0
1981-06-14;22.0;6;22.0
1981-06-15;17.0;6;17.0
1981-06-16;17.0;6;17.0
1981-06-17;19.0;6;19.0
1981-06-18;15.0;6;15.0
1981-06-19;22.0;6;22.0
1981-06-20;17.0;6;17.0
1981-06-21;17.0;6;17.0
1981-06-22;22.0;6;22.0
1981-06-23;27.0;6;27.0
1981-06-24;37.0;6;37.0
1981-06-25;22.0;6;22.0
1981-06-26;43.0;6;43.0
1981-06-27;17.0;6;17.0
1981-06-28;19.0;6;19.0
1981-06-29;38.0;6;38.0
1981-06-30;64.0;6;64.0
1981-07-01;52.0;7;52.0
1981-07-02;22.0;7;22.0
1981-07-03;24.0;7;24.0
1981-07-04;25.0;7;25.0
1981-07-05;22.0;7;22.0
1981-07-06;22.0;7;22.0
1981-07-07;27.0;7;27.0
1981-07-08;25.0;7;25.0
1981-07-09;24.0;7;24.0
1981-07-10;25.0;7;25.0
1981-07-11;15.0;7;15.0
1981-07-12;17.0;7;17.0
1981-07-13;17.0;7;17.0
1981-07-14;19.0;7;19.0
1981-07-15;19.0;7;19.0
1981-07-16;19.0;7;19.0
1981-07-17;22.0;7;22.0
1981-07-18;82.0;7;82.0
1981-07-19;51.0;7;51.0
1981-07-20;25.0;7;25.0
1981-07-21;24.0;7;24.0
1981-07-22;60.0;7;60.0
1981-07-23;18.0;7;18.0
1981-07-24;19.0;7;19.0
1981-07-25;24.0;7;24.0
1981-07-26;25.0;7;25.0
1981-07-27;23.0;7;23.0
1981-07-28;26.0;7;26.0
1981-07-29;41.0;7;41.0
1981-07-30;26.0;7;26.0
1981-07-31;31.0;7;31.0
1981-08-01;41.0;8;41.0
1981-08-02;45.0;8;45.0
1981-08-03;29.0;8;29.0
1981-08-04;28.0;8;28.0
1981-08-05;26.0;8;26.0
1981-08-06;51.0;8;51.0
1981-08-07;41.0;8;41.0
1981-08-08;44.0;8;44.0
1981-08-09;24.0;8;24.0
1981-08-10;28.0;8;28.0
1981-08-11;25.0;8;25.0
1981-08-12;46.0;8;46.0
1981-08-13;80.0;8;80.0
1981-08-14;43.0;8;43.0
1981-08-15;47.0;8;47.0
1981-08-16;29.0;8;29.0
1981-08-17;54.0;8;54.0
1981-08-18;32.0;8;32.0
1981-08-19;32.0;8;32.0
1981-08-20;32.0;8;32.0
1981-08-21;34.0;8;34.0
1981-08-22;41.0;8;41.0
1981-08-23;61.0;8;61.0
1981-08-24;43.0;8;43.0
1981-08-25;61.0;8;61.0
1981-08-26;36.0;8;36.0
1981-08-27;30.0;8;30.0
1981-08-28;29.0;8;29.0
1981-08-29;31.0;8;31.0
1981-08-30;34.0;8;34.0
1981-08-31;51.0;8;51.0
1981-09-01;121.0;9;121.0
1981-09-02;185.0;9;185.0
1981-09-03;176.0;9;176.0
1981-09-04;165.0;9;165.0
1981-09-05;166.0;9;166.0
1981-09-06;140.0;9;140.0
1981-09-07;43.0;9;43.0
1981-09-08;37.0;9;37.0
1981-09-09;43.0;9;43.0
1981-09-10;45.0;9;45.0
1981-09-11;44.0;9;44.0
1981-09-12;39.0;9;39.0
1981-09-13;40.0;9;40.0
1981-09-14;37.0;9;37.0
1981-09-15;36.0;9;36.0
1981-09-16;32.0;9;32.0
1981-09-17;37.0;9;37.0
1981-09-18;36.0;9;36.0
1981-09-19;40.0;9;40.0
1981-09-20;38.0;9;38.0
1981-09-21;41.0;9;41.0
1981-09-22;36.0;9;36.0
1981-09-23;36.0;9;36.0
1981-09-24;70.0;9;70.0
1981-09-25;80.0;9;80.0
1981-09-26;36.0;9;36.0
1981-09-27;36.0;9;36.0
1981-09-28;34.0;9;34.0
1981-09-29;31.0;9;31.0
1981-09-30;49.0;9;49.0
1981-10-01;45.0;10;45.0
1981-10-02;42.0;10;42.0
1981-10-03;35.0;10;35.0
1981-10-04;33.0;10;33.0
1981-10-05;31.0;10;31.0
1981-10-06;30.0;10;30.0
1981-10-07;30.0;10;30.0
1981-10-08;42.0;10;42.0
1981-10-09;61.0;10;61.0
1981-10-10;36.0;10;36.0
1981-10-11;38.0;10;38.0
1981-10-12;60.0;10;60.0
1981-10-13;168.0;10;168.0
1981-10-14;47.0;10;47.0
1981-10-15;80.0;10;80.0
1981-10-16;45.0;10;45.0
1981-10-17;47.0;10;47.0
1981-10-18;45.0;10;45.0
1981-10-19;37.0;10;37.0
1981-10-20;39.0;10;39.0
1981-10-21;38.0;10;38.0
1981-10-22;37.0;10;37.0
1981-10-23;69.0;10;69.0
1981-10-24;130.0;10;130.0
1981-10-25;196.0;10;196.0
1981-10-26;195.0;10;195.0
1981-10-27;77.0;10;77.0
1981-10-28;70.0;10;70.0
1981-10-29;70.0;10;70.0
1981-10-30;73.0;10;73.0
1981-10-31;196.0;10;196.0
1981-11-01;80.0;11;80.0
1981-11-02;77.0;11;77.0
1981-11-03;52.0;11;52.0
1981-11-04;63.0;11;63.0
1981-11-05;61.0;11;61.0
1981-11-06;53.0;11;53.0
1981-11-07;63.0;11;63.0
1981-11-08;79.0;11;79.0
1981-11-09;43.0;11;43.0
1981-11-10;60.0;11;60.0
1981-11-11;158.0;11;158.0
1981-11-12;148.0;11;148.0
1981-11-13;75.0;11;75.0
1981-11-14;111.0;11;111.0
1981-11-15;68.0;11;68.0
1981-11-16;81.0;11;81.0
1981-11-17;54.0;11;54.0
1981-11-18;50.0;11;50.0
1981-11-19;44.0;11;44.0
1981-11-20;45.0;11;45.0
1981-11-21;44.0;11;44.0
1981-11-22;65.0;11;65.0
1981-11-23;80.0;11;80.0
1981-11-24;60.0;11;60.0
1981-11-25;43.0;11;43.0
1981-11-26;40.0;11;40.0
1981-11-27;40.0;11;40.0
1981-11-28;36.0;11;36.0
1981-11-29;35.0;11;35.0
1981-11-30;35.0;11;35.0
1981-12-01;35.0;12;35.0
1981-12-02;34.0;12;34.0
1981-12-03;35.0;12;35.0
1981-12-04;30.0;12;30.0
1981-12-05;29.0;12;29.0
1981-12-06;29.0;12;29.0
1981-12-07;31.0;12;31.0
1981-12-08;30.0;12;30.0
1981-12-09;31.0;12;31.0
1981-12-10;30.0;12;30.0
1981-12-11;30.0;12;30.0
1981-12-12;31.0;12;31.0
1981-12-13;31.0;12;31.0
1981-12-14;38.0;12;38.0
1981-12-15;38.0;12;38.0
1981-12-16;41.0;12;41.0
1981-12-17;28.0;12;28.0
1981-12-18;28.0;12;28.0
1981-12-19;28.0;12;28.0
1981-12-20;25.0;12;25.0
1981-12-21;24.0;12;24.0
1981-12-22;25.0;12;25.0
1981-12-23;24.0;12;24.0
1981-12-24;24.0;12;24.0
1981-12-25;24.0;12;24.0
1981-12-26;24.0;12;24.0
1981-12-27;24.0;12;24.0
1981-12-28;25.0;12;25.0
1981-12-29;27.0;12;27.0
1981-12-30;29.0;12;29.0
1981-12-31;31.0;12;31.0
1982-01-01;24.0;1;24.0
1982-01-02;30.0;1;30.0
1982-01-03;30.0;1;30.0
1982-01-04;20.0;1;20.0
1982-01-05;19.0;1;19.0
1982-01-06;23.0;1;23.0
1982-01-07;21.0;1;21.0
1982-01-08;20.0;1;20.0
1982-01-09;19.0;1;19.0
1982-01-10;19.0;1;19.0
1982-01-11;18.0;1;18.0
1982-01-12;18.0;1;18.0
1982-01-13;18.0;1;18.0
1982-01-14;18.0;1;18.0
1982-01-15;17.0;1;17.0
1982-01-16;13.0;1;13.0
1982-01-17;13.0;1;13.0
1982-01-18;15.0;1;15.0
1982-01-19;15.0;1;15.0
1982-01-20;10.0;1;10.0
1982-01-21;10.0;1;10.0
1982-01-22;10.0;1;10.0
1982-01-23;10.0;1;10.0
1982-01-24;10.0;1;10.0
1982-01-25;10.0;1;10.0
1982-01-26;10.0;1;10.0
1982-01-27;10.0;1;10.0
1982-01-28;10.0;1;10.0
1982-01-29;10.0;1;10.0
1982-01-30;10.0;1;10.0
1982-01-31;10.0;1;10.0
1982-02-01;14.0;2;14.0
1982-02-02;13.0;2;13.0
1982-02-03;13.0;2;13.0
1982-02-04;15.0;2;15.0
1982-02-05;14.0;2;14.0
1982-02-06;16.0;2;16.0
1982-02-07;25.0;2;25.0
1982-02-08;24.0;2;24.0
1982-02-09;23.0;2;23.0
1982-02-10;24.0;2;24.0
1982-02-11;25.0;2;25.0
1982-02-12;29.0;2;29.0
1982-02-13;25.0;2;25.0
1982-02-14;32.0;2;32.0
1982-02-15;20.0;2;20.0
1982-02-16;21.0;2;21.0
1982-02-17;25.0;2;25.0
1982-02-18;27.0;2;27.0
1982-02-19;26.0;2;26.0
1982-02-20;26.0;2;26.0
1982-02-21;25.0;2;25.0
1982-02-22;24.0;2;24.0
1982-02-23;24.0;2;24.0
1982-02-24;22.0;2;22.0
1982-02-25;20.0;2;20.0
1982-02-26;18.0;2;18.0
1982-02-27;15.0;2;15.0
1982-02-28;14.0;2;14.0
1982-03-01;9.0;3;9.0
1982-03-02;8.0;3;8.0
1982-03-03;9.0;3;9.0
1982-03-04;8.0;3;8.0
1982-03-05;9.0;3;9.0
1982-03-06;9.0;3;9.0
1982-03-07;9.0;3;9.0
1982-03-08;9.0;3;9.0
1982-03-09;9.0;3;9.0
1982-03-10;10.0;3;10.0
1982-03-11;12.0;3;12.0
1982-03-12;10.0;3;10.0
1982-03-13;10.0;3;10.0
1982-03-14;14.0;3;14.0
1982-03-15;8.0;3;8.0
1982-03-16;9.0;3;9.0
1982-03-17;10.0;3;10.0
1982-03-18;10.0;3;10.0
1982-03-19;9.0;3;9.0
1982-03-20;9.0;3;9.0
1982-03-21;9.0;3;9.0
1982-03-22;9.0;3;9.0
1982-03-23;9.0;3;9.0
1982-03-24;9.0;3;9.0
1982-03-25;9.0;3;9.0
1982-03-26;9.0;3;9.0
1982-03-27;9.0;3;9.0
1982-03-28;9.0;3;9.0
1982-03-29;9.0;3;9.0
1982-03-30;7.0;3;7.0
1982-03-31;9.0;3;9.0
1982-04-01;10.0;4;10.0
1982-04-02;15.0;4;15.0
1982-04-03;12.0;4;12.0
1982-04-04;10.0;4;10.0
1982-04-05;17.0;4;17.0
1982-04-06;15.0;4;15.0
1982-04-07;15.0;4;15.0
1982-04-08;14.0;4;14.0
1982-04-09;13.0;4;13.0
1982-04-10;10.0;4;10.0
1982-04-11;10.0;4;10.0
1982-04-12;11.0;4;11.0
1982-04-13;21.0;4;21.0
1982-04-14;22.0;4;22.0
1982-04-15;19.0;4;19.0
1982-04-16;19.0;4;19.0
1982-04-17;20.0;4;20.0
1982-04-18;30.0;4;30.0
1982-04-19;23.0;4;23.0
1982-04-20;19.0;4;19.0
1982-04-21;20.0;4;20.0
1982-04-22;44.0;4;44.0
1982-04-23;44.0;4;44.0
1982-04-24;55.0;4;55.0
1982-04-25;14.0;4;14.0
1982-04-26;23.0;4;23.0
1982-04-27;24.0;4;24.0
1982-04-28;26.0;4;26.0
1982-04-29;26.0;4;26.0
1982-04-30;25.0;4;25.0
1982-05-01;39.0;5;39.0
1982-05-02;55.0;5;55.0
1982-05-03;51.0;5;51.0
1982-05-04;39.0;5;39.0
1982-05-05;40.0;5;40.0
1982-05-06;67.0;5;67.0
1982-05-07;46.0;5;46.0
1982-05-08;45.0;5;45.0
1982-05-09;44.0;5;44.0
1982-05-10;35.0;5;35.0
1982-05-11;31.0;5;31.0
1982-05-12;30.0;5;30.0
1982-05-13;29.0;5;29.0
1982-05-14;30.0;5;30.0
1982-05-15;31.0;5;31.0
1982-05-16;32.0;5;32.0
1982-05-17;32.0;5;32.0
1982-05-18;31.0;5;31.0
1982-05-19;194.0;5;194.0
1982-05-20;83.0;5;83.0
1982-05-21;57.0;5;57.0
1982-05-22;62.0;5;62.0
1982-05-23;32.0;5;32.0
1982-05-24;30.0;5;30.0
1982-05-25;38.0;5;38.0
1982-05-26;29.0;5;29.0
1982-05-27;37.0;5;37.0
1982-05-28;32.0;5;32.0
1982-05-29;32.0;5;32.0
1982-05-30;37.0;5;37.0
1982-05-31;30.0;5;30.0
1982-06-01;20.0;6;20.0
1982-06-02;20.0;6;20.0
1982-06-03;24.0;6;24.0
1982-06-04;25.0;6;25.0
1982-06-05;43.0;6;43.0
1982-06-06;88.0;6;88.0
1982-06-07;85.0;6;85.0
1982-06-08;36.0;6;36.0
1982-06-09;36.0;6;36.0
1982-06-10;79.0;6;79.0
1982-06-11;70.0;6;70.0
1982-06-12;61.0;6;61.0
1982-06-13;64.0;6;64.0
1982-06-14;66.0;6;66.0
1982-06-15;60.0;6;60.0
1982-06-16;42.0;6;42.0
1982-06-17;65.0;6;65.0
1982-06-18;91.0;6;91.0
1982-06-19;54.0;6;54.0
1982-06-20;110.0;6;110.0
1982-06-21;62.0;6;62.0
1982-06-22;43.0;6;43.0
1982-06-23;45.0;6;45.0
1982-06-24;45.0;6;45.0
1982-06-25;30.0;6;30.0
1982-06-26;30.0;6;30.0
1982-06-27;31.0;6;31.0
1982-06-28;30.0;6;30.0
1982-06-29;29.0;6;29.0
1982-06-30;29.0;6;29.0
1982-07-01;29.0;7;29.0
1982-07-02;28.0;7;28.0
1982-07-03;28.0;7;28.0
1982-07-04;29.0;7;29.0
1982-07-05;27.0;7;27.0
1982-07-06;26.0;7;26.0
1982-07-07;26.0;7;26.0
1982-07-08;26.0;7;26.0
1982-07-09;25.0;7;25.0
1982-07-10;25.0;7;25.0
1982-07-11;25.0;7;25.0
1982-07-12;30.0;7;30.0
1982-07-13;27.0;7;27.0
1982-07-14;22.0;7;22.0
1982-07-15;22.0;7;22.0
1982-07-16;21.0;7;21.0
1982-07-17;23.0;7;23.0
1982-07-18;18.0;7;18.0
1982-07-19;18.0;7;18.0
1982-07-20;16.0;7;16.0
1982-07-21;20.0;7;20.0
1982-07-22;24.0;7;24.0
1982-07-23;54.0;7;54.0
1982-07-24;53.0;7;53.0
1982-07-25;19.0;7;19.0
1982-07-26;20.0;7;20.0
1982-07-27;29.0;7;29.0
1982-07-28;29.0;7;29.0
1982-07-29;30.0;7;30.0
1982-07-30;33.0;7;33.0
1982-07-31;33.0;7;33.0
1982-08-01;19.0;8;19.0
1982-08-02;18.0;8;18.0
1982-08-03;24.0;8;24.0
1982-08-04;18.0;8;18.0
1982-08-05;17.0;8;17.0
1982-08-06;21.0;8;21.0
1982-08-07;21.0;8;21.0
1982-08-08;21.0;8;21.0
1982-08-09;25.0;8;25.0
1982-08-10;20.0;8;20.0
1982-08-11;18.0;8;18.0
1982-08-12;18.0;8;18.0
1982-08-13;17.0;8;17.0
1982-08-14;19.0;8;19.0
1982-08-15;18.0;8;18.0
1982-08-16;19.0;8;19.0
1982-08-17;41.0;8;41.0
1982-08-18;45.0;8;45.0
1982-08-19;25.0;8;25.0
1982-08-20;19.0;8;19.0
1982-08-21;19.0;8;19.0
1982-08-22;20.0;8;20.0
1982-08-23;20.0;8;20.0
1982-08-24;24.0;8;24.0
1982-08-25;25.0;8;25.0
1982-08-26;28.0;8;28.0
1982-08-27;23.0;8;23.0
1982-08-28;23.0;8;23.0
1982-08-29;19.0;8;19.0
1982-08-30;26.0;8;26.0
1982-08-31;18.0;8;18.0
1982-09-01;17.0;9;17.0
1982-09-02;21.0;9;21.0
1982-09-03;25.0;9;25.0
1982-09-04;24.0;9;24.0
1982-09-05;25.0;9;25.0
1982-09-06;26.0;9;26.0
1982-09-07;26.0;9;26.0
1982-09-08;25.0;9;25.0
1982-09-09;24.0;9;24.0
1982-09-10;25.0;9;25.0
1982-09-11;21.0;9;21.0
1982-09-12;22.0;9;22.0
1982-09-13;17.0;9;17.0
1982-09-14;20.0;9;20.0
1982-09-15;22.0;9;22.0
1982-09-16;54.0;9;54.0
1982-09-17;89.0;9;89.0
1982-09-18;87.0;9;87.0
1982-09-19;36.0;9;36.0
1982-09-20;30.0;9;30.0
1982-09-21;29.0;9;29.0
1982-09-22;30.0;9;30.0
1982-09-23;27.0;9;27.0
1982-09-24;28.0;9;28.0
1982-09-25;29.0;9;29.0
1982-09-26;32.0;9;32.0
1982-09-27;36.0;9;36.0
1982-09-28;107.0;9;107.0
1982-09-29;58.0;9;58.0
1982-09-30;42.0;9;42.0
1982-10-01;43.0;10;43.0
1982-10-02;100.0;10;100.0
1982-10-03;32.0;10;32.0
1982-10-04;31.0;10;31.0
1982-10-05;23.0;10;23.0
1982-10-06;23.0;10;23.0
1982-10-07;24.0;10;24.0
1982-10-08;25.0;10;25.0
1982-10-09;25.0;10;25.0
1982-10-10;42.0;10;42.0
1982-10-11;68.0;10;68.0
1982-10-12;68.0;10;68.0
1982-10-13;42.0;10;42.0
1982-10-14;29.0;10;29.0
1982-10-15;30.0;10;30.0
1982-10-16;31.0;10;31.0
1982-10-17;48.0;10;48.0
1982-10-18;30.0;10;30.0
1982-10-19;30.0;10;30.0
1982-10-20;30.0;10;30.0
1982-10-21;30.0;10;30.0
1982-10-22;29.0;10;29.0
1982-10-23;56.0;10;56.0
1982-10-24;54.0;10;54.0
1982-10-25;42.0;10;42.0
1982-10-26;42.0;10;42.0
1982-10-27;42.0;10;42.0
1982-10-28;43.0;10;43.0
1982-10-29;31.0;10;31.0
1982-10-30;29.0;10;29.0
1982-10-31;27.0;10;27.0
1982-11-01;26.0;11;26.0
1982-11-02;27.0;11;27.0
1982-11-03;27.0;11;27.0
1982-11-04;24.0;11;24.0
1982-11-05;26.0;11;26.0
1982-11-06;23.0;11;23.0
1982-11-07;26.0;11;26.0
1982-11-08;23.0;11;23.0
1982-11-09;23.0;11;23.0
1982-11-10;24.0;11;24.0
1982-11-11;23.0;11;23.0
1982-11-12;22.0;11;22.0
1982-11-13;21.0;11;21.0
1982-11-14;20.0;11;20.0
1982-11-15;16.0;11;16.0
1982-11-16;17.0;11;17.0
1982-11-17;19.0;11;19.0
1982-11-18;21.0;11;21.0
1982-11-19;22.0;11;22.0
1982-11-20;30.0;11;30.0
1982-11-21;29.0;11;29.0
1982-11-22;19.0;11;19.0
1982-11-23;18.0;11;18.0
1982-11-24;18.0;11;18.0
1982-11-25;18.0;11;18.0
1982-11-26;18.0;11;18.0
1982-11-27;19.0;11;19.0
1982-11-28;20.0;11;20.0
1982-11-29;20.0;11;20.0
1982-11-30;19.0;11;19.0
1982-12-01;21.0;12;21.0
1982-12-02;20.0;12;20.0
1982-12-03;19.0;12;19.0
1982-12-04;18.0;12;18.0
1982-12-05;17.0;12;17.0
1982-12-06;16.0;12;16.0
1982-12-07;17.0;12;17.0
1982-12-08;18.0;12;18.0
1982-12-09;17.0;12;17.0
1982-12-10;12.0;12;12.0
1982-12-11;10.0;12;10.0
1982-12-12;14.0;12;14.0
1982-12-13;14.0;12;14.0
1982-12-14;10.0;12;10.0
1982-12-15;10.0;12;10.0
1982-12-16;10.0;12;10.0
1982-12-17;14.0;12;14.0
1982-12-18;15.0;12;15.0
1982-12-19;15.0;12;15.0
1982-12-20;15.0;12;15.0
1982-12-21;16.0;12;16.0
1982-12-22;14.0;12;14.0
1982-12-23;15.0;12;15.0
1982-12-24;16.0;12;16.0
1982-12-25;16.0;12;16.0
1982-12-26;29.0;12;29.0
1982-12-27;18.0;12;18.0
1982-12-28;10.0;12;10.0
1982-12-29;10.0;12;10.0
1982-12-30;11.0;12;11.0
1982-12-31;11.0;12;11.0
1983-01-01;10.0;1;10.0
1983-01-02;10.0;1;10.0
1983-01-03;10.0;1;10.0
1983-01-04;12.0;1;12.0
1983-01-05;13.0;1;13.0
1983-01-06;10.0;1;10.0
1983-01-07;10.0;1;10.0
1983-01-08;10.0;1;10.0
1983-01-09;10.0;1;10.0
1983-01-10;10.0;1;10.0
1983-01-11;10.0;1;10.0
1983-01-12;10.0;1;10.0
1983-01-13;11.0;1;11.0
1983-01-14;10.0;1;10.0
1983-01-15;12.0;1;12.0
1983-01-16;12.0;1;12.0
1983-01-17;11.0;1;11.0
1983-01-18;12.0;1;12.0
1983-01-19;10.0;1;10.0
1983-01-20;10.0;1;10.0
1983-01-21;10.0;1;10.0
1983-01-22;10.0;1;10.0
1983-01-23;10.0;1;10.0
1983-01-24;10.0;1;10.0
1983-01-25;10.0;1;10.0
1983-01-26;10.0;1;10.0
1983-01-27;9.0;1;9.0
1983-01-28;9.0;1;9.0
1983-01-29;10.0;1;10.0
1983-01-30;10.0;1;10.0
1983-01-31;10.0;1;10.0
1983-02-01;10.0;2;10.0
1983-02-02;10.0;2;10.0
1983-02-03;10.0;2;10.0
1983-02-04;10.0;2;10.0
1983-02-05;12.0;2;12.0
1983-02-06;12.0;2;12.0
1983-02-07;12.0;2;12.0
1983-02-08;10.0;2;10.0
1983-02-09;10.0;2;10.0
1983-02-10;10.0;2;10.0
1983-02-11;8.0;2;8.0
1983-02-12;8.0;2;8.0
1983-02-13;8.0;2;8.0
1983-02-14;8.0;2;8.0
1983-02-15;8.0;2;8.0
1983-02-16;8.0;2;8.0
1983-02-17;8.0;2;8.0
1983-02-18;8.0;2;8.0
1983-02-19;8.0;2;8.0
1983-02-20;8.0;2;8.0
1983-02-21;8.0;2;8.0
1983-02-22;8.0;2;8.0
1983-02-23;8.0;2;8.0
1983-02-24;10.0;2;10.0
1983-02-25;14.0;2;14.0
1983-02-26;14.0;2;14.0
1983-02-27;13.0;2;13.0
1983-02-28;14.0;2;14.0
1983-03-01;10.0;3;10.0
1983-03-02;10.0;3;10.0
1983-03-03;11.0;3;11.0
1983-03-04;12.0;3;12.0
1983-03-05;9.0;3;9.0
1983-03-06;10.0;3;10.0
1983-03-07;12.0;3;12.0
1983-03-08;12.0;3;12.0
1983-03-09;12.0;3;12.0
1983-03-10;10.0;3;10.0
1983-03-11;14.0;3;14.0
1983-03-12;14.0;3;14.0
1983-03-13;15.0;3;15.0
1983-03-14;15.0;3;15.0
1983-03-15;15.0;3;15.0
1983-03-16;15.0;3;15.0
1983-03-17;16.0;3;16.0
1983-03-18;16.0;3;16.0
1983-03-19;17.0;3;17.0
1983-03-20;17.0;3;17.0
1983-03-21;18.0;3;18.0
1983-03-22;18.0;3;18.0
1983-03-23;18.0;3;18.0
1983-03-24;17.0;3;17.0
1983-03-25;17.0;3;17.0
1983-03-26;17.0;3;17.0
1983-03-27;17.0;3;17.0
1983-03-28;17.0;3;17.0
1983-03-29;17.0;3;17.0
1983-03-30;17.0;3;17.0
1983-03-31;16.0;3;16.0
1983-04-01;17.0;4;17.0
1983-04-02;20.0;4;20.0
1983-04-03;20.0;4;20.0
1983-04-04;19.0;4;19.0
1983-04-05;19.0;4;19.0
1983-04-06;20.0;4;20.0
1983-04-07;21.0;4;21.0
1983-04-08;21.0;4;21.0
1983-04-09;21.0;4;21.0
1983-04-10;21.0;4;21.0
1983-04-11;20.0;4;20.0
1983-04-12;19.0;4;19.0
1983-04-13;19.0;4;19.0
1983-04-14;19.0;4;19.0
1983-04-15;17.0;4;17.0
1983-04-16;16.0;4;16.0
1983-04-17;17.0;4;17.0
1983-04-18;16.0;4;16.0
1983-04-19;16.0;4;16.0
1983-04-20;15.0;4;15.0
1983-04-21;15.0;4;15.0
1983-04-22;16.0;4;16.0
1983-04-23;15.0;4;15.0
1983-04-24;15.0;4;15.0
1983-04-25;15.0;4;15.0
1983-04-26;14.0;4;14.0
1983-04-27;30.0;4;30.0
1983-04-28;67.0;4;67.0
1983-04-29;71.0;4;71.0
1983-04-30;20.0;4;20.0
1983-05-01;43.0;5;43.0
1983-05-02;43.0;5;43.0
1983-05-03;42.0;5;42.0
1983-05-04;44.0;5;44.0
1983-05-05;86.0;5;86.0
1983-05-06;78.0;5;78.0
1983-05-07;78.0;5;78.0
1983-05-08;77.0;5;77.0
1983-05-09;78.0;5;78.0
1983-05-10;63.0;5;63.0
1983-05-11;65.0;5;65.0
1983-05-12;68.0;5;68.0
1983-05-13;69.0;5;69.0
1983-05-14;69.0;5;69.0
1983-05-15;71.0;5;71.0
1983-05-16;74.0;5;74.0
1983-05-17;77.0;5;77.0
1983-05-18;66.0;5;66.0
1983-05-19;44.0;5;44.0
1983-05-20;48.0;5;48.0
1983-05-21;31.0;5;31.0
1983-05-22;29.0;5;29.0
1983-05-23;30.0;5;30.0
1983-05-24;29.0;5;29.0
1983-05-25;27.0;5;27.0
1983-05-26;28.0;5;28.0
1983-05-27;27.0;5;27.0
1983-05-28;26.0;5;26.0
1983-05-29;25.0;5;25.0
1983-05-30;25.0;5;25.0
1983-05-31;24.0;5;24.0
1983-06-01;23.0;6;23.0
1983-06-02;24.0;6;24.0
1983-06-03;23.0;6;23.0
1983-06-04;23.0;6;23.0
1983-06-05;24.0;6;24.0
1983-06-06;23.0;6;23.0
1983-06-07;26.0;6;26.0
1983-06-08;43.0;6;43.0
1983-06-09;29.0;6;29.0
1983-06-10;29.0;6;29.0
1983-06-11;30.0;6;30.0
1983-06-12;31.0;6;31.0
1983-06-13;32.0;6;32.0
1983-06-14;58.0;6;58.0
1983-06-15;87.0;6;87.0
1983-06-16;27.0;6;27.0
1983-06-17;35.0;6;35.0
1983-06-18;30.0;6;30.0
1983-06-19;20.0;6;20.0
1983-06-20;19.0;6;19.0
1983-06-21;21.0;6;21.0
1983-06-22;29.0;6;29.0
1983-06-23;29.0;6;29.0
1983-06-24;28.0;6;28.0
1983-06-25;23.0;6;23.0
1983-06-26;19.0;6;19.0
1983-06-27;18.0;6;18.0
1983-06-28;18.0;6;18.0
1983-06-29;16.0;6;16.0
1983-06-30;16.0;6;16.0
1983-07-01;15.0;7;15.0
1983-07-02;15.0;7;15.0
1983-07-03;14.0;7;14.0
1983-07-04;11.0;7;11.0
1983-07-05;10.0;7;10.0
1983-07-06;12.0;7;12.0
1983-07-07;13.0;7;13.0
1983-07-08;14.0;7;14.0
1983-07-09;42.0;7;42.0
1983-07-10;30.0;7;30.0
1983-07-11;29.0;7;29.0
1983-07-12;29.0;7;29.0
1983-07-13;25.0;7;25.0
1983-07-14;14.0;7;14.0
1983-07-15;22.0;7;22.0
1983-07-16;19.0;7;19.0
1983-07-17;20.0;7;20.0
1983-07-18;19.0;7;19.0
1983-07-19;18.0;7;18.0
1983-07-20;18.0;7;18.0
1983-07-21;10.0;7;10.0
1983-07-22;12.0;7;12.0
1983-07-23;13.0;7;13.0
1983-07-24;45.0;7;45.0
1983-07-25;11.0;7;11.0
1983-07-26;10.0;7;10.0
1983-07-27;14.0;7;14.0
1983-07-28;15.0;7;15.0
1983-07-29;16.0;7;16.0
1983-07-30;14.0;7;14.0
1983-07-31;13.0;7;13.0
1983-08-01;70.0;8;70.0
1983-08-02;68.0;8;68.0
1983-08-03;39.0;8;39.0
1983-08-04;39.0;8;39.0
1983-08-05;18.0;8;18.0
1983-08-06;21.0;8;21.0
1983-08-07;35.0;8;35.0
1983-08-08;36.0;8;36.0
1983-08-09;34.0;8;34.0
1983-08-10;18.0;8;18.0
1983-08-11;20.0;8;20.0
1983-08-12;23.0;8;23.0
1983-08-13;25.0;8;25.0
1983-08-14;27.0;8;27.0
1983-08-15;57.0;8;57.0
1983-08-16;57.0;8;57.0
1983-08-17;64.0;8;64.0
1983-08-18;70.0;8;70.0
1983-08-19;64.0;8;64.0
1983-08-20;58.0;8;58.0
1983-08-21;59.0;8;59.0
1983-08-22;50.0;8;50.0
1983-08-23;48.0;8;48.0
1983-08-24;19.0;8;19.0
1983-08-25;20.0;8;20.0
1983-08-26;20.0;8;20.0
1983-08-27;21.0;8;21.0
1983-08-28;24.0;8;24.0
1983-08-29;24.0;8;24.0
1983-08-30;24.0;8;24.0
1983-08-31;21.0;8;21.0
1983-09-01;21.0;9;21.0
1983-09-02;19.0;9;19.0
1983-09-03;20.0;9;20.0
1983-09-04;22.0;9;22.0
1983-09-05;24.0;9;24.0
1983-09-06;26.0;9;26.0
1983-09-07;28.0;9;28.0
1983-09-08;19.0;9;19.0
1983-09-09;20.0;9;20.0
1983-09-10;19.0;9;19.0
1983-09-11;21.0;9;21.0
1983-09-12;20.0;9;20.0
1983-09-13;21.0;9;21.0
1983-09-14;30.0;9;30.0
1983-09-15;31.0;9;31.0
1983-09-16;34.0;9;34.0
1983-09-17;32.0;9;32.0
1983-09-18;35.0;9;35.0
1983-09-19;36.0;9;36.0
1983-09-20;36.0;9;36.0
1983-09-21;19.0;9;19.0
1983-09-22;19.0;9;19.0
1983-09-23;23.0;9;23.0
1983-09-24;23.0;9;23.0
1983-09-25;22.0;9;22.0
1983-09-26;21.0;9;21.0
1983-09-27;29.0;9;29.0
1983-09-28;30.0;9;30.0
1983-09-29;32.0;9;32.0
1983-09-30;33.0;9;33.0
1983-10-01;34.0;10;34.0
1983-10-02;35.0;10;35.0
1983-10-03;39.0;10;39.0
1983-10-04;41.0;10;41.0
1983-10-05;68.0;10;68.0
1983-10-06;82.0;10;82.0
1983-10-07;38.0;10;38.0
1983-10-08;42.0;10;42.0
1983-10-09;44.0;10;44.0
1983-10-10;46.0;10;46.0
1983-10-11;32.0;10;32.0
1983-10-12;33.0;10;33.0
1983-10-13;27.0;10;27.0
1983-10-14;96.0;10;96.0
1983-10-15;38.0;10;38.0
1983-10-16;39.0;10;39.0
1983-10-17;40.0;10;40.0
1983-10-18;47.0;10;47.0
1983-10-19;50.0;10;50.0
1983-10-20;68.0;10;68.0
1983-10-21;67.0;10;67.0
1983-10-22;66.0;10;66.0
1983-10-23;45.0;10;45.0
1983-10-24;43.0;10;43.0
1983-10-25;31.0;10;31.0
1983-10-26;32.0;10;32.0
1983-10-27;32.0;10;32.0
1983-10-28;29.0;10;29.0
1983-10-29;66.0;10;66.0
1983-10-30;68.0;10;68.0
1983-10-31;164.0;10;164.0
1983-11-01;66.0;11;66.0
1983-11-02;63.0;11;63.0
1983-11-03;36.0;11;36.0
1983-11-04;40.0;11;40.0
1983-11-05;40.0;11;40.0
1983-11-06;41.0;11;41.0
1983-11-07;43.0;11;43.0
1983-11-08;46.0;11;46.0
1983-11-09;56.0;11;56.0
1983-11-10;62.0;11;62.0
1983-11-11;85.0;11;85.0
1983-11-12;77.0;11;77.0
1983-11-13;75.0;11;75.0
1983-11-14;25.0;11;25.0
1983-11-15;26.0;11;26.0
1983-11-16;28.0;11;28.0
1983-11-17;27.0;11;27.0
1983-11-18;27.0;11;27.0
1983-11-19;26.0;11;26.0
1983-11-20;25.0;11;25.0
1983-11-21;24.0;11;24.0
1983-11-22;23.0;11;23.0
1983-11-23;24.0;11;24.0
1983-11-24;24.0;11;24.0
1983-11-25;25.0;11;25.0
1983-11-26;24.0;11;24.0
1983-11-27;22.0;11;22.0
1983-11-28;21.0;11;21.0
1983-11-29;18.0;11;18.0
1983-11-30;18.0;11;18.0
1983-12-01;17.0;12;17.0
1983-12-02;17.0;12;17.0
1983-12-03;17.0;12;17.0
1983-12-04;17.0;12;17.0
1983-12-05;15.0;12;15.0
1983-12-06;15.0;12;15.0
1983-12-07;15.0;12;15.0
1983-12-08;14.0;12;14.0
1983-12-09;17.0;12;17.0
1983-12-10;17.0;12;17.0
1983-12-11;18.0;12;18.0
1983-12-12;20.0;12;20.0
1983-12-13;20.0;12;20.0
1983-12-14;19.0;12;19.0
1983-12-15;16.0;12;16.0
1983-12-16;15.0;12;15.0
1983-12-17;19.0;12;19.0
1983-12-18;20.0;12;20.0
1983-12-19;23.0;12;23.0
1983-12-20;24.0;12;24.0
1983-12-21;23.0;12;23.0
1983-12-22;22.0;12;22.0
1983-12-23;21.0;12;21.0
1983-12-24;20.0;12;20.0
1983-12-25;20.0;12;20.0
1983-12-26;14.0;12;14.0
1983-12-27;13.0;12;13.0
1983-12-28;13.0;12;13.0
1983-12-29;10.0;12;10.0
1983-12-30;11.0;12;11.0
1983-12-31;10.0;12;10.0
1984-01-01;9.0;1;9.0
1984-01-02;13.0;1;13.0
1984-01-03;12.0;1;12.0
1984-01-04;12.0;1;12.0
1984-01-05;9.0;1;9.0
1984-01-06;9.0;1;9.0
1984-01-07;11.0;1;11.0
1984-01-08;10.0;1;10.0
1984-01-09;9.0;1;9.0
1984-01-10;10.0;1;10.0
1984-01-11;9.0;1;9.0
1984-01-12;11.0;1;11.0
1984-01-13;10.0;1;10.0
1984-01-14;9.0;1;9.0
1984-01-15;9.0;1;9.0
1984-01-16;11.0;1;11.0
1984-01-17;15.0;1;15.0
1984-01-18;16.0;1;16.0
1984-01-19;15.0;1;15.0
1984-01-20;16.0;1;16.0
1984-01-21;17.0;1;17.0
1984-01-22;14.0;1;14.0
1984-01-23;14.0;1;14.0
1984-01-24;11.0;1;11.0
1984-01-25;9.0;1;9.0
1984-01-26;9.0;1;9.0
1984-01-27;9.0;1;9.0
1984-01-28;9.0;1;9.0
1984-01-29;9.0;1;9.0
1984-01-30;9.0;1;9.0
1984-01-31;9.0;1;9.0
1984-02-01;9.0;2;9.0
1984-02-02;9.0;2;9.0
1984-02-03;9.0;2;9.0
1984-02-04;11.0;2;11.0
1984-02-05;11.0;2;11.0
1984-02-06;12.0;2;12.0
1984-02-07;17.0;2;17.0
1984-02-08;18.0;2;18.0
1984-02-09;17.0;2;17.0
1984-02-10;16.0;2;16.0
1984-02-11;19.0;2;19.0
1984-02-12;20.0;2;20.0
1984-02-13;22.0;2;22.0
1984-02-14;23.0;2;23.0
1984-02-15;24.0;2;24.0
1984-02-16;22.0;2;22.0
1984-02-17;27.0;2;27.0
1984-02-18;27.0;2;27.0
1984-02-19;25.0;2;25.0
1984-02-20;23.0;2;23.0
1984-02-21;17.0;2;17.0
1984-02-22;13.0;2;13.0
1984-02-23;12.0;2;12.0
1984-02-24;12.0;2;12.0
1984-02-25;14.0;2;14.0
1984-02-26;17.0;2;17.0
1984-02-27;13.0;2;13.0
1984-02-28;9.0;2;9.0
1984-02-29;10.0;2;10.0
1984-03-01;9.0;3;9.0
1984-03-02;9.0;3;9.0
1984-03-03;9.0;3;9.0
1984-03-04;9.0;3;9.0
1984-03-05;8.0;3;8.0
1984-03-06;8.0;3;8.0
1984-03-07;8.0;3;8.0
1984-03-08;8.0;3;8.0
1984-03-09;8.0;3;8.0
1984-03-10;8.0;3;8.0
1984-03-11;8.0;3;8.0
1984-03-12;8.0;3;8.0
1984-03-13;8.0;3;8.0
1984-03-14;8.0;3;8.0
1984-03-15;8.0;3;8.0
1984-03-16;8.0;3;8.0
1984-03-17;8.0;3;8.0
1984-03-18;7.0;3;7.0
1984-03-19;7.0;3;7.0
1984-03-20;8.0;3;8.0
1984-03-21;10.0;3;10.0
1984-03-22;10.0;3;10.0
1984-03-23;8.0;3;8.0
1984-03-24;8.0;3;8.0
1984-03-25;7.0;3;7.0
1984-03-26;6.0;3;6.0
1984-03-27;6.0;3;6.0
1984-03-28;6.0;3;6.0
1984-03-29;7.0;3;7.0
1984-03-30;8.0;3;8.0
1984-03-31;7.0;3;7.0
1984-04-01;6.0;4;6.0
1984-04-02;6.0;4;6.0
1984-04-03;6.0;4;6.0
1984-04-04;6.0;4;6.0
1984-04-05;6.0;4;6.0
1984-04-06;6.0;4;6.0
1984-04-07;5.0;4;5.0
1984-04-08;5.0;4;5.0
1984-04-09;5.0;4;5.0
1984-04-10;5.0;4;5.0
1984-04-11;5.0;4;5.0
1984-04-12;6.0;4;6.0
1984-04-13;6.0;4;6.0
1984-04-14;6.0;4;6.0
1984-04-15;8.0;4;8.0
1984-04-16;8.0;4;8.0
1984-04-17;11.0;4;11.0
1984-04-18;10.0;4;10.0
1984-04-19;10.0;4;10.0
1984-04-20;9.0;4;9.0
1984-04-21;8.0;4;8.0
1984-04-22;8.0;4;8.0
1984-04-23;8.0;4;8.0
1984-04-24;6.0;4;6.0
1984-04-25;9.0;4;9.0
1984-04-26;11.0;4;11.0
1984-04-27;11.0;4;11.0
1984-04-28;21.0;4;21.0
1984-04-29;32.0;4;32.0
1984-04-30;9.0;4;9.0
1984-05-01;34.0;5;34.0
1984-05-02;32.0;5;32.0
1984-05-03;31.0;5;31.0
1984-05-04;26.0;5;26.0
1984-05-05;24.0;5;24.0
1984-05-06;7.0;5;7.0
1984-05-07;8.0;5;8.0
1984-05-08;8.0;5;8.0
1984-05-09;8.0;5;8.0
1984-05-10;8.0;5;8.0
1984-05-11;11.0;5;11.0
1984-05-12;12.0;5;12.0
1984-05-13;15.0;5;15.0
1984-05-14;15.0;5;15.0
1984-05-15;16.0;5;16.0
1984-05-16;24.0;5;24.0
1984-05-17;29.0;5;29.0
1984-05-18;32.0;5;32.0
1984-05-19;32.0;5;32.0
1984-05-20;33.0;5;33.0
1984-05-21;35.0;5;35.0
1984-05-22;35.0;5;35.0
1984-05-23;39.0;5;39.0
1984-05-24;43.0;5;43.0
1984-05-25;49.0;5;49.0
1984-05-26;39.0;5;39.0
1984-05-27;50.0;5;50.0
1984-05-28;47.0;5;47.0
1984-05-29;53.0;5;53.0
1984-05-30;52.0;5;52.0
1984-05-31;50.0;5;50.0
1984-06-01;26.0;6;26.0
1984-06-02;25.0;6;25.0
1984-06-03;25.0;6;25.0
1984-06-04;11.0;6;11.0
1984-06-05;9.0;6;9.0
1984-06-06;10.0;6;10.0
1984-06-07;9.0;6;9.0
1984-06-08;9.0;6;9.0
1984-06-09;9.0;6;9.0
1984-06-10;10.0;6;10.0
1984-06-11;10.0;6;10.0
1984-06-12;9.0;6;9.0
1984-06-13;11.0;6;11.0
1984-06-14;10.0;6;10.0
1984-06-15;9.0;6;9.0
1984-06-16;9.0;6;9.0
1984-06-17;10.0;6;10.0
1984-06-18;12.0;6;12.0
1984-06-19;10.0;6;10.0
1984-06-20;10.0;6;10.0
1984-06-21;10.0;6;10.0
1984-06-22;10.0;6;10.0
1984-06-23;10.0;6;10.0
1984-06-24;9.0;6;9.0
1984-06-25;9.0;6;9.0
1984-06-26;9.0;6;9.0
1984-06-27;9.0;6;9.0
1984-06-28;9.0;6;9.0
1984-06-29;9.0;6;9.0
1984-06-30;11.0;6;11.0
1984-07-01;10.0;7;10.0
1984-07-02;10.0;7;10.0
1984-07-03;11.0;7;11.0
1984-07-04;11.0;7;11.0
1984-07-05;30.0;7;30.0
1984-07-06;43.0;7;43.0
1984-07-07;47.0;7;47.0
1984-07-08;9.0;7;9.0
1984-07-09;10.0;7;10.0
1984-07-10;9.0;7;9.0
1984-07-11;9.0;7;9.0
1984-07-12;9.0;7;9.0
1984-07-13;8.0;7;8.0
1984-07-14;8.0;7;8.0
1984-07-15;9.0;7;9.0
1984-07-16;9.0;7;9.0
1984-07-17;8.0;7;8.0
1984-07-18;9.0;7;9.0
1984-07-19;10.0;7;10.0
1984-07-20;54.0;7;54.0
1984-07-21;49.0;7;49.0
1984-07-22;49.0;7;49.0
1984-07-23;44.0;7;44.0
1984-07-24;39.0;7;39.0
1984-07-25;27.0;7;27.0
1984-07-26;25.0;7;25.0
1984-07-27;22.0;7;22.0
1984-07-28;22.0;7;22.0
1984-07-29;23.0;7;23.0
1984-07-30;38.0;7;38.0
1984-07-31;31.0;7;31.0
1984-08-01;30.0;8;30.0
1984-08-02;29.0;8;29.0
1984-08-03;25.0;8;25.0
1984-08-04;24.0;8;24.0
1984-08-05;23.0;8;23.0
1984-08-06;19.0;8;19.0
1984-08-07;20.0;8;20.0
1984-08-08;24.0;8;24.0
1984-08-09;27.0;8;27.0
1984-08-10;20.0;8;20.0
1984-08-11;18.0;8;18.0
1984-08-12;18.0;8;18.0
1984-08-13;18.0;8;18.0
1984-08-14;20.0;8;20.0
1984-08-15;23.0;8;23.0
1984-08-16;49.0;8;49.0
1984-08-17;51.0;8;51.0
1984-08-18;14.0;8;14.0
1984-08-19;15.0;8;15.0
1984-08-20;16.0;8;16.0
1984-08-21;15.0;8;15.0
1984-08-22;13.0;8;13.0
1984-08-23;15.0;8;15.0
1984-08-24;15.0;8;15.0
1984-08-25;18.0;8;18.0
1984-08-26;21.0;8;21.0
1984-08-27;23.0;8;23.0
1984-08-28;44.0;8;44.0
1984-08-29;54.0;8;54.0
1984-08-30;46.0;8;46.0
1984-08-31;51.0;8;51.0
1984-09-01;72.0;9;72.0
1984-09-02;61.0;9;61.0
1984-09-03;44.0;9;44.0
1984-09-04;41.0;9;41.0
1984-09-05;44.0;9;44.0
1984-09-06;49.0;9;49.0
1984-09-07;57.0;9;57.0
1984-09-08;56.0;9;56.0
1984-09-09;11.0;9;11.0
1984-09-10;53.0;9;53.0
1984-09-11;45.0;9;45.0
1984-09-12;9.0;9;9.0
1984-09-13;23.0;9;23.0
1984-09-14;54.0;9;54.0
1984-09-15;63.0;9;63.0
1984-09-16;64.0;9;64.0
1984-09-17;79.0;9;79.0
1984-09-18;137.0;9;137.0
1984-09-19;131.0;9;131.0
1984-09-20;192.0;9;192.0
1984-09-21;49.0;9;49.0
1984-09-22;43.0;9;43.0
1984-09-23;43.0;9;43.0
1984-09-24;30.0;9;30.0
1984-09-25;71.0;9;71.0
1984-09-26;38.0;9;38.0
1984-09-27;42.0;9;42.0
1984-09-28;35.0;9;35.0
1984-09-29;33.0;9;33.0
1984-09-30;31.0;9;31.0
1984-10-01;13.0;10;13.0
1984-10-02;14.0;10;14.0
1984-10-03;14.0;10;14.0
1984-10-04;20.0;10;20.0
1984-10-05;20.0;10;20.0
1984-10-06;25.0;10;25.0
1984-10-07;25.0;10;25.0
1984-10-08;26.0;10;26.0
1984-10-09;27.0;10;27.0
1984-10-10;42.0;10;42.0
1984-10-11;68.0;10;68.0
1984-10-12;50.0;10;50.0
1984-10-13;37.0;10;37.0
1984-10-14;31.0;10;31.0
1984-10-15;29.0;10;29.0
1984-10-16;29.0;10;29.0
1984-10-17;67.0;10;67.0
1984-10-18;32.0;10;32.0
1984-10-19;36.0;10;36.0
1984-10-20;37.0;10;37.0
1984-10-21;38.0;10;38.0
1984-10-22;39.0;10;39.0
1984-10-23;63.0;10;63.0
1984-10-24;66.0;10;66.0
1984-10-25;62.0;10;62.0
1984-10-26;60.0;10;60.0
1984-10-27;47.0;10;47.0
1984-10-28;81.0;10;81.0
1984-10-29;138.0;10;138.0
1984-10-30;94.0;10;94.0
1984-10-31;118.0;10;118.0
1984-11-01;86.0;11;86.0
1984-11-02;72.0;11;72.0
1984-11-03;71.0;11;71.0
1984-11-04;73.0;11;73.0
1984-11-05;73.0;11;73.0
1984-11-06;78.0;11;78.0
1984-11-07;64.0;11;64.0
1984-11-08;64.0;11;64.0
1984-11-09;222.0;11;222.0
1984-11-10;36.0;11;36.0
1984-11-11;37.0;11;37.0
1984-11-12;35.0;11;35.0
1984-11-13;34.0;11;34.0
1984-11-14;32.0;11;32.0
1984-11-15;32.0;11;32.0
1984-11-16;32.0;11;32.0
1984-11-17;35.0;11;35.0
1984-11-18;35.0;11;35.0
1984-11-19;33.0;11;33.0
1984-11-20;25.0;11;25.0
1984-11-21;25.0;11;25.0
1984-11-22;25.0;11;25.0
1984-11-23;29.0;11;29.0
1984-11-24;28.0;11;28.0
1984-11-25;27.0;11;27.0
1984-11-26;26.0;11;26.0
1984-11-27;25.0;11;25.0
1984-11-28;24.0;11;24.0
1984-11-29;23.0;11;23.0
1984-11-30;21.0;11;21.0
1984-12-01;18.0;12;18.0
1984-12-02;17.0;12;17.0
1984-12-03;16.0;12;16.0
1984-12-04;16.0;12;16.0
1984-12-05;15.0;12;15.0
1984-12-06;14.0;12;14.0
1984-12-07;14.0;12;14.0
1984-12-08;14.0;12;14.0
1984-12-09;14.0;12;14.0
1984-12-10;14.0;12;14.0
1984-12-11;15.0;12;15.0
1984-12-12;14.0;12;14.0
1984-12-13;14.0;12;14.0
1984-12-14;14.0;12;14.0
1984-12-15;15.0;12;15.0
1984-12-16;15.0;12;15.0
1984-12-17;16.0;12;16.0
1984-12-18;15.0;12;15.0
1984-12-19;16.0;12;16.0
1984-12-20;14.0;12;14.0
1984-12-21;15.0;12;15.0
1984-12-22;16.0;12;16.0
1984-12-23;14.0;12;14.0
1984-12-24;14.0;12;14.0
1984-12-25;14.0;12;14.0
1984-12-26;14.0;12;14.0
1984-12-27;13.0;12;13.0
1984-12-28;13.0;12;13.0
1984-12-29;13.0;12;13.0
1984-12-30;13.0;12;13.0
1984-12-31;13.0;12;13.0
1985-01-01;10.0;1;10.0
1985-01-02;10.0;1;10.0
1985-01-03;10.0;1;10.0
1985-01-04;10.0;1;10.0
1985-01-05;10.0;1;10.0
1985-01-06;10.0;1;10.0
1985-01-07;9.0;1;9.0
1985-01-08;9.0;1;9.0
1985-01-09;9.0;1;9.0
1985-01-10;9.0;1;9.0
1985-01-11;9.0;1;9.0
1985-01-12;9.0;1;9.0
1985-01-13;8.0;1;8.0
1985-01-14;7.0;1;7.0
1985-01-15;10.0;1;10.0
1985-01-16;7.0;1;7.0
1985-01-17;7.0;1;7.0
1985-01-18;7.0;1;7.0
1985-01-19;7.0;1;7.0
1985-01-20;7.0;1;7.0
1985-01-21;7.0;1;7.0
1985-01-22;7.0;1;7.0
1985-01-23;7.0;1;7.0
1985-01-24;7.0;1;7.0
1985-01-25;8.0;1;8.0
1985-01-26;7.0;1;7.0
1985-01-27;7.0;1;7.0
1985-01-28;7.0;1;7.0
1985-01-29;7.0;1;7.0
1985-01-30;7.0;1;7.0
1985-01-31;7.0;1;7.0
1985-02-01;7.0;2;7.0
1985-02-02;7.0;2;7.0
1985-02-03;7.0;2;7.0
1985-02-04;7.0;2;7.0
1985-02-05;9.0;2;9.0
1985-02-06;9.0;2;9.0
1985-02-07;8.0;2;8.0
1985-02-08;10.0;2;10.0
1985-02-09;9.0;2;9.0
1985-02-10;10.0;2;10.0
1985-02-11;8.0;2;8.0
1985-02-12;7.0;2;7.0
1985-02-13;7.0;2;7.0
1985-02-14;7.0;2;7.0
1985-02-15;8.0;2;8.0
1985-02-16;7.0;2;7.0
1985-02-17;7.0;2;7.0
1985-02-18;7.0;2;7.0
1985-02-19;7.0;2;7.0
1985-02-20;7.0;2;7.0
1985-02-21;7.0;2;7.0
1985-02-22;7.0;2;7.0
1985-02-23;7.0;2;7.0
1985-02-24;6.0;2;6.0
1985-02-25;6.0;2;6.0
1985-02-26;6.0;2;6.0
1985-02-27;6.0;2;6.0
1985-02-28;6.0;2;6.0
1985-03-01;11.0;3;11.0
1985-03-02;11.0;3;11.0
1985-03-03;9.0;3;9.0
1985-03-04;9.0;3;9.0
1985-03-05;7.0;3;7.0
1985-03-06;7.0;3;7.0
1985-03-07;7.0;3;7.0
1985-03-08;6.0;3;6.0
1985-03-09;7.0;3;7.0
1985-03-10;8.0;3;8.0
1985-03-11;9.0;3;9.0
1985-03-12;7.0;3;7.0
1985-03-13;7.0;3;7.0
1985-03-14;8.0;3;8.0
1985-03-15;8.0;3;8.0
1985-03-16;7.0;3;7.0
1985-03-17;7.0;3;7.0
1985-03-18;7.0;3;7.0
1985-03-19;7.0;3;7.0
1985-03-20;7.0;3;7.0
1985-03-21;7.0;3;7.0
1985-03-22;8.0;3;8.0
1985-03-23;9.0;3;9.0
1985-03-24;9.0;3;9.0
1985-03-25;8.0;3;8.0
1985-03-26;11.0;3;11.0
1985-03-27;13.0;3;13.0
1985-03-28;21.0;3;21.0
1985-03-29;22.0;3;22.0
1985-03-30;24.0;3;24.0
1985-03-31;28.0;3;28.0
1985-04-01;30.0;4;30.0
1985-04-02;31.0;4;31.0
1985-04-03;32.0;4;32.0
1985-04-04;31.0;4;31.0
1985-04-05;28.0;4;28.0
1985-04-06;28.0;4;28.0
1985-04-07;29.0;4;29.0
1985-04-08;31.0;4;31.0
1985-04-09;31.0;4;31.0
1985-04-10;26.0;4;26.0
1985-04-11;25.0;4;25.0
1985-04-12;37.0;4;37.0
1985-04-13;19.0;4;19.0
1985-04-14;24.0;4;24.0
1985-04-15;21.0;4;21.0
1985-04-16;16.0;4;16.0
1985-04-17;13.0;4;13.0
1985-04-18;9.0;4;9.0
1985-04-19;11.0;4;11.0
1985-04-20;12.0;4;12.0
1985-04-21;8.0;4;8.0
1985-04-22;9.0;4;9.0
1985-04-23;10.0;4;10.0
1985-04-24;9.0;4;9.0
1985-04-25;7.0;4;7.0
1985-04-26;7.0;4;7.0
1985-04-27;8.0;4;8.0
1985-04-28;10.0;4;10.0
1985-04-29;11.0;4;11.0
1985-04-30;11.0;4;11.0
1985-05-01;9.0;5;9.0
1985-05-02;13.0;5;13.0
1985-05-03;11.0;5;11.0
1985-05-04;11.0;5;11.0
1985-05-05;12.0;5;12.0
1985-05-06;11.0;5;11.0
1985-05-07;11.0;5;11.0
1985-05-08;11.0;5;11.0
1985-05-09;8.0;5;8.0
1985-05-10;7.0;5;7.0
1985-05-11;11.0;5;11.0
1985-05-12;12.0;5;12.0
1985-05-13;20.0;5;20.0
1985-05-14;11.0;5;11.0
1985-05-15;17.0;5;17.0
1985-05-16;33.0;5;33.0
1985-05-17;20.0;5;20.0
1985-05-18;24.0;5;24.0
1985-05-19;15.0;5;15.0
1985-05-20;15.0;5;15.0
1985-05-21;16.0;5;16.0
1985-05-22;18.0;5;18.0
1985-05-23;26.0;5;26.0
1985-05-24;28.0;5;28.0
1985-05-25;28.0;5;28.0
1985-05-26;32.0;5;32.0
1985-05-27;35.0;5;35.0
1985-05-28;31.0;5;31.0
1985-05-29;16.0;5;16.0
1985-05-30;15.0;5;15.0
1985-05-31;16.0;5;16.0
1985-06-01;29.0;6;29.0
1985-06-02;84.0;6;84.0
1985-06-03;75.0;6;75.0
1985-06-04;43.0;6;43.0
1985-06-05;34.0;6;34.0
1985-06-06;26.0;6;26.0
1985-06-07;28.0;6;28.0
1985-06-08;30.0;6;30.0
1985-06-09;31.0;6;31.0
1985-06-10;35.0;6;35.0
1985-06-11;31.0;6;31.0
1985-06-12;32.0;6;32.0
1985-06-13;31.0;6;31.0
1985-06-14;29.0;6;29.0
1985-06-15;16.0;6;16.0
1985-06-16;14.0;6;14.0
1985-06-17;12.0;6;12.0
1985-06-18;12.0;6;12.0
1985-06-19;19.0;6;19.0
1985-06-20;21.0;6;21.0
1985-06-21;24.0;6;24.0
1985-06-22;26.0;6;26.0
1985-06-23;27.0;6;27.0
1985-06-24;21.0;6;21.0
1985-06-25;13.0;6;13.0
1985-06-26;11.0;6;11.0
1985-06-27;12.0;6;12.0
1985-06-28;11.0;6;11.0
1985-06-29;11.0;6;11.0
1985-06-30;11.0;6;11.0
1985-07-01;11.0;7;11.0
1985-07-02;10.0;7;10.0
1985-07-03;9.0;7;9.0
1985-07-04;8.0;7;8.0
1985-07-05;8.0;7;8.0
1985-07-06;7.0;7;7.0
1985-07-07;10.0;7;10.0
1985-07-08;11.0;7;11.0
1985-07-09;13.0;7;13.0
1985-07-10;11.0;7;11.0
1985-07-11;12.0;7;12.0
1985-07-12;14.0;7;14.0
1985-07-13;15.0;7;15.0
1985-07-14;12.0;7;12.0
1985-07-15;11.0;7;11.0
1985-07-16;11.0;7;11.0
1985-07-17;11.0;7;11.0
1985-07-18;10.0;7;10.0
1985-07-19;11.0;7;11.0
1985-07-20;11.0;7;11.0
1985-07-21;12.0;7;12.0
1985-07-22;13.0;7;13.0
1985-07-23;18.0;7;18.0
1985-07-24;20.0;7;20.0
1985-07-25;41.0;7;41.0
1985-07-26;33.0;7;33.0
1985-07-27;22.0;7;22.0
1985-07-28;14.0;7;14.0
1985-07-29;15.0;7;15.0
1985-07-30;18.0;7;18.0
1985-07-31;17.0;7;17.0
1985-08-01;24.0;8;24.0
1985-08-02;19.0;8;19.0
1985-08-03;20.0;8;20.0
1985-08-04;19.0;8;19.0
1985-08-05;18.0;8;18.0
1985-08-06;15.0;8;15.0
1985-08-07;14.0;8;14.0
1985-08-08;11.0;8;11.0
1985-08-09;31.0;8;31.0
1985-08-10;48.0;8;48.0
1985-08-11;49.0;8;49.0
1985-08-12;42.0;8;42.0
1985-08-13;40.0;8;40.0
1985-08-14;39.0;8;39.0
1985-08-15;29.0;8;29.0
1985-08-16;27.0;8;27.0
1985-08-17;30.0;8;30.0
1985-08-18;60.0;8;60.0
1985-08-19;62.0;8;62.0
1985-08-20;21.0;8;21.0
1985-08-21;20.0;8;20.0
1985-08-22;19.0;8;19.0
1985-08-23;20.0;8;20.0
1985-08-24;19.0;8;19.0
1985-08-25;18.0;8;18.0
1985-08-26;16.0;8;16.0
1985-08-27;15.0;8;15.0
1985-08-28;14.0;8;14.0
1985-08-29;16.0;8;16.0
1985-08-30;20.0;8;20.0
1985-08-31;20.0;8;20.0
1985-09-01;22.0;9;22.0
1985-09-02;24.0;9;24.0
1985-09-03;27.0;9;27.0
1985-09-04;26.0;9;26.0
1985-09-05;29.0;9;29.0
1985-09-06;34.0;9;34.0
1985-09-07;43.0;9;43.0
1985-09-08;62.0;9;62.0
1985-09-09;45.0;9;45.0
1985-09-10;37.0;9;37.0
1985-09-11;32.0;9;32.0
1985-09-12;30.0;9;30.0
1985-09-13;24.0;9;24.0
1985-09-14;10.0;9;10.0
1985-09-15;12.0;9;12.0
1985-09-16;16.0;9;16.0
1985-09-17;23.0;9;23.0
1985-09-18;26.0;9;26.0
1985-09-19;21.0;9;21.0
1985-09-20;91.0;9;91.0
1985-09-21;69.0;9;69.0
1985-09-22;48.0;9;48.0
1985-09-23;26.0;9;26.0
1985-09-24;19.0;9;19.0
1985-09-25;20.0;9;20.0
1985-09-26;207.0;9;207.0
1985-09-27;82.0;9;82.0
1985-09-28;76.0;9;76.0
1985-09-29;42.0;9;42.0
1985-09-30;37.0;9;37.0
1985-10-01;35.0;10;35.0
1985-10-02;39.0;10;39.0
1985-10-03;36.0;10;36.0
1985-10-04;32.0;10;32.0
1985-10-05;30.0;10;30.0
1985-10-06;87.0;10;87.0
1985-10-07;36.0;10;36.0
1985-10-08;52.0;10;52.0
1985-10-09;48.0;10;48.0
1985-10-10;47.0;10;47.0
1985-10-11;41.0;10;41.0
1985-10-12;28.0;10;28.0
1985-10-13;29.0;10;29.0
1985-10-14;42.0;10;42.0
1985-10-15;44.0;10;44.0
1985-10-16;38.0;10;38.0
1985-10-17;38.0;10;38.0
1985-10-18;50.0;10;50.0
1985-10-19;62.0;10;62.0
1985-10-20;149.0;10;149.0
1985-10-21;151.0;10;151.0
1985-10-22;53.0;10;53.0
1985-10-23;59.0;10;59.0
1985-10-24;61.0;10;61.0
1985-10-25;142.0;10;142.0
1985-10-26;100.0;10;100.0
1985-10-27;110.0;10;110.0
1985-10-28;114.0;10;114.0
1985-10-29;104.0;10;104.0
1985-10-30;152.0;10;152.0
1985-10-31;162.0;10;162.0
1985-11-01;51.0;11;51.0
1985-11-02;51.0;11;51.0
1985-11-03;54.0;11;54.0
1985-11-04;53.0;11;53.0
1985-11-05;52.0;11;52.0
1985-11-06;49.0;11;49.0
1985-11-07;42.0;11;42.0
1985-11-08;43.0;11;43.0
1985-11-09;27.0;11;27.0
1985-11-10;31.0;11;31.0
1985-11-11;40.0;11;40.0
1985-11-12;40.0;11;40.0
1985-11-13;37.0;11;37.0
1985-11-14;33.0;11;33.0
1985-11-15;64.0;11;64.0
1985-11-16;34.0;11;34.0
1985-11-17;35.0;11;35.0
1985-11-18;32.0;11;32.0
1985-11-19;29.0;11;29.0
1985-11-20;29.0;11;29.0
1985-11-21;32.0;11;32.0
1985-11-22;28.0;11;28.0
1985-11-23;29.0;11;29.0
1985-11-24;31.0;11;31.0
1985-11-25;34.0;11;34.0
1985-11-26;33.0;11;33.0
1985-11-27;31.0;11;31.0
1985-11-28;29.0;11;29.0
1985-11-29;26.0;11;26.0
1985-11-30;23.0;11;23.0
1985-12-01;32.0;12;32.0
1985-12-02;40.0;12;40.0
1985-12-03;34.0;12;34.0
1985-12-04;27.0;12;27.0
1985-12-05;49.0;12;49.0
1985-12-06;60.0;12;60.0
1985-12-07;33.0;12;33.0
1985-12-08;36.0;12;36.0
1985-12-09;33.0;12;33.0
1985-12-10;26.0;12;26.0
1985-12-11;25.0;12;25.0
1985-12-12;25.0;12;25.0
1985-12-13;22.0;12;22.0
1985-12-14;20.0;12;20.0
1985-12-15;19.0;12;19.0
1985-12-16;19.0;12;19.0
1985-12-17;20.0;12;20.0
1985-12-18;20.0;12;20.0
1985-12-19;20.0;12;20.0
1985-12-20;19.0;12;19.0
1985-12-21;19.0;12;19.0
1985-12-22;19.0;12;19.0
1985-12-23;17.0;12;17.0
1985-12-24;15.0;12;15.0
1985-12-25;15.0;12;15.0
1985-12-26;14.0;12;14.0
1985-12-27;15.0;12;15.0
1985-12-28;14.0;12;14.0
1985-12-29;13.0;12;13.0
1985-12-30;14.0;12;14.0
1985-12-31;14.0;12;14.0
1986-01-01;10.0;1;10.0
1986-01-02;10.0;1;10.0
1986-01-03;10.0;1;10.0
1986-01-04;10.0;1;10.0
1986-01-05;10.0;1;10.0
1986-01-06;10.0;1;10.0
1986-01-07;10.0;1;10.0
1986-01-08;10.0;1;10.0
1986-01-09;10.0;1;10.0
1986-01-10;10.0;1;10.0
1986-01-11;10.0;1;10.0
1986-01-12;10.0;1;10.0
1986-01-13;10.0;1;10.0
1986-01-14;10.0;1;10.0
1986-01-15;10.0;1;10.0
1986-01-16;10.0;1;10.0
1986-01-17;10.0;1;10.0
1986-01-18;10.0;1;10.0
1986-01-19;10.0;1;10.0
1986-01-20;10.0;1;10.0
1986-01-21;10.0;1;10.0
1986-01-22;11.0;1;11.0
1986-01-23;12.0;1;12.0
1986-01-24;13.0;1;13.0
1986-01-25;13.0;1;13.0
1986-01-26;12.0;1;12.0
1986-01-27;10.0;1;10.0
1986-01-28;9.0;1;9.0
1986-01-29;9.0;1;9.0
1986-01-30;10.0;1;10.0
1986-01-31;10.0;1;10.0
1986-02-01;9.0;2;9.0
1986-02-02;9.0;2;9.0
1986-02-03;9.0;2;9.0
1986-02-04;9.0;2;9.0
1986-02-05;9.0;2;9.0
1986-02-06;9.0;2;9.0
1986-02-07;9.0;2;9.0
1986-02-08;9.0;2;9.0
1986-02-09;9.0;2;9.0
1986-02-10;9.0;2;9.0
1986-02-11;9.0;2;9.0
1986-02-12;9.0;2;9.0
1986-02-13;9.0;2;9.0
1986-02-14;9.0;2;9.0
1986-02-15;9.0;2;9.0
1986-02-16;9.0;2;9.0
1986-02-17;10.0;2;10.0
1986-02-18;9.0;2;9.0
1986-02-19;9.0;2;9.0
1986-02-20;9.0;2;9.0
1986-02-21;9.0;2;9.0
1986-02-22;9.0;2;9.0
1986-02-23;9.0;2;9.0
1986-02-24;9.0;2;9.0
1986-02-25;9.0;2;9.0
1986-02-26;9.0;2;9.0
1986-02-27;9.0;2;9.0
1986-02-28;9.0;2;9.0
1986-03-01;16.0;3;16.0
1986-03-02;13.0;3;13.0
1986-03-03;11.0;3;11.0
1986-03-04;10.0;3;10.0
1986-03-05;9.0;3;9.0
1986-03-06;9.0;3;9.0
1986-03-07;9.0;3;9.0
1986-03-08;9.0;3;9.0
1986-03-09;9.0;3;9.0
1986-03-10;9.0;3;9.0
1986-03-11;9.0;3;9.0
1986-03-12;9.0;3;9.0
1986-03-13;9.0;3;9.0
1986-03-14;9.0;3;9.0
1986-03-15;9.0;3;9.0
1986-03-16;9.0;3;9.0
1986-03-17;9.0;3;9.0
1986-03-18;9.0;3;9.0
1986-03-19;9.0;3;9.0
1986-03-20;9.0;3;9.0
1986-03-21;9.0;3;9.0
1986-03-22;9.0;3;9.0
1986-03-23;9.0;3;9.0
1986-03-24;9.0;3;9.0
1986-03-25;13.0;3;13.0
1986-03-26;18.0;3;18.0
1986-03-27;18.0;3;18.0
1986-03-28;13.0;3;13.0
1986-03-29;9.0;3;9.0
1986-03-30;10.0;3;10.0
1986-03-31;10.0;3;10.0
1986-04-01;13.0;4;13.0
1986-04-02;10.0;4;10.0
1986-04-03;10.0;4;10.0
1986-04-04;10.0;4;10.0
1986-04-05;10.0;4;10.0
1986-04-06;9.0;4;9.0
1986-04-07;9.0;4;9.0
1986-04-08;9.0;4;9.0
1986-04-09;9.0;4;9.0
1986-04-10;9.0;4;9.0
1986-04-11;11.0;4;11.0
1986-04-12;13.0;4;13.0
1986-04-13;15.0;4;15.0
1986-04-14;23.0;4;23.0
1986-04-15;73.0;4;73.0
1986-04-16;67.0;4;67.0
1986-04-17;62.0;4;62.0
1986-04-18;102.0;4;102.0
1986-04-19;78.0;4;78.0
1986-04-20;80.0;4;80.0
1986-04-21;78.0;4;78.0
1986-04-22;85.0;4;85.0
1986-04-23;64.0;4;64.0
1986-04-24;35.0;4;35.0
1986-04-25;32.0;4;32.0
1986-04-26;31.0;4;31.0
1986-04-27;19.0;4;19.0
1986-04-28;18.0;4;18.0
1986-04-29;16.0;4;16.0
1986-04-30;17.0;4;17.0
1986-05-01;15.0;5;15.0
1986-05-02;13.0;5;13.0
1986-05-03;12.0;5;12.0
1986-05-04;17.0;5;17.0
1986-05-05;16.0;5;16.0
1986-05-06;14.0;5;14.0
1986-05-07;12.0;5;12.0
1986-05-08;11.0;5;11.0
1986-05-09;11.0;5;11.0
1986-05-10;14.0;5;14.0
1986-05-11;14.0;5;14.0
1986-05-12;12.0;5;12.0
1986-05-13;12.0;5;12.0
1986-05-14;10.0;5;10.0
1986-05-15;10.0;5;10.0
1986-05-16;10.0;5;10.0
1986-05-17;11.0;5;11.0
1986-05-18;23.0;5;23.0
1986-05-19;33.0;5;33.0
1986-05-20;27.0;5;27.0
1986-05-21;23.0;5;23.0
1986-05-22;21.0;5;21.0
1986-05-23;24.0;5;24.0
1986-05-24;23.0;5;23.0
1986-05-25;25.0;5;25.0
1986-05-26;39.0;5;39.0
1986-05-27;146.0;5;146.0
1986-05-28;53.0;5;53.0
1986-05-29;52.0;5;52.0
1986-05-30;69.0;5;69.0
1986-05-31;71.0;5;71.0
1986-06-01;99.0;6;99.0
1986-06-02;92.0;6;92.0
1986-06-03;97.0;6;97.0
1986-06-04;96.0;6;96.0
1986-06-05;65.0;6;65.0
1986-06-06;58.0;6;58.0
1986-06-07;41.0;6;41.0
1986-06-08;29.0;6;29.0
1986-06-09;29.0;6;29.0
1986-06-10;16.0;6;16.0
1986-06-11;16.0;6;16.0
1986-06-12;19.0;6;19.0
1986-06-13;20.0;6;20.0
1986-06-14;17.0;6;17.0
1986-06-15;18.0;6;18.0
1986-06-16;24.0;6;24.0
1986-06-17;25.0;6;25.0
1986-06-18;22.0;6;22.0
1986-06-19;23.0;6;23.0
1986-06-20;23.0;6;23.0
1986-06-21;19.0;6;19.0
1986-06-22;18.0;6;18.0
1986-06-23;17.0;6;17.0
1986-06-24;14.0;6;14.0
1986-06-25;15.0;6;15.0
1986-06-26;14.0;6;14.0
1986-06-27;14.0;6;14.0
1986-06-28;13.0;6;13.0
1986-06-29;15.0;6;15.0
1986-06-30;16.0;6;16.0
1986-07-01;14.0;7;14.0
1986-07-02;13.0;7;13.0
1986-07-03;18.0;7;18.0
1986-07-04;19.0;7;19.0
1986-07-05;11.0;7;11.0
1986-07-06;12.0;7;12.0
1986-07-07;14.0;7;14.0
1986-07-08;11.0;7;11.0
1986-07-09;10.0;7;10.0
1986-07-10;10.0;7;10.0
1986-07-11;10.0;7;10.0
1986-07-12;10.0;7;10.0
1986-07-13;10.0;7;10.0
1986-07-14;11.0;7;11.0
1986-07-15;13.0;7;13.0
1986-07-16;10.0;7;10.0
1986-07-17;10.0;7;10.0
1986-07-18;13.0;7;13.0
1986-07-19;10.0;7;10.0
1986-07-20;11.0;7;11.0
1986-07-21;10.0;7;10.0
1986-07-22;12.0;7;12.0
1986-07-23;10.0;7;10.0
1986-07-24;10.0;7;10.0
1986-07-25;11.0;7;11.0
1986-07-26;13.0;7;13.0
1986-07-27;12.0;7;12.0
1986-07-28;13.0;7;13.0
1986-07-29;13.0;7;13.0
1986-07-30;11.0;7;11.0
1986-07-31;10.0;7;10.0
1986-08-01;10.0;8;10.0
1986-08-02;10.0;8;10.0
1986-08-03;10.0;8;10.0
1986-08-04;11.0;8;11.0
1986-08-05;12.0;8;12.0
1986-08-06;12.0;8;12.0
1986-08-07;15.0;8;15.0
1986-08-08;17.0;8;17.0
1986-08-09;19.0;8;19.0
1986-08-10;17.0;8;17.0
1986-08-11;12.0;8;12.0
1986-08-12;13.0;8;13.0
1986-08-13;12.0;8;12.0
1986-08-14;11.0;8;11.0
1986-08-15;13.0;8;13.0
1986-08-16;13.0;8;13.0
1986-08-17;12.0;8;12.0
1986-08-18;10.0;8;10.0
1986-08-19;11.0;8;11.0
1986-08-20;10.0;8;10.0
1986-08-21;12.0;8;12.0
1986-08-22;12.0;8;12.0
1986-08-23;17.0;8;17.0
1986-08-24;24.0;8;24.0
1986-08-25;22.0;8;22.0
1986-08-26;19.0;8;19.0
1986-08-27;18.0;8;18.0
1986-08-28;37.0;8;37.0
1986-08-29;32.0;8;32.0
1986-08-30;88.0;8;88.0
1986-08-31;35.0;8;35.0
1986-09-01;37.0;9;37.0
1986-09-02;38.0;9;38.0
1986-09-03;37.0;9;37.0
1986-09-04;38.0;9;38.0
1986-09-05;35.0;9;35.0
1986-09-06;33.0;9;33.0
1986-09-07;43.0;9;43.0
1986-09-08;36.0;9;36.0
1986-09-09;46.0;9;46.0
1986-09-10;55.0;9;55.0
1986-09-11;60.0;9;60.0
1986-09-12;59.0;9;59.0
1986-09-13;62.0;9;62.0
1986-09-14;49.0;9;49.0
1986-09-15;30.0;9;30.0
1986-09-16;26.0;9;26.0
1986-09-17;27.0;9;27.0
1986-09-18;50.0;9;50.0
1986-09-19;84.0;9;84.0
1986-09-20;59.0;9;59.0
1986-09-21;63.0;9;63.0
1986-09-22;65.0;9;65.0
1986-09-23;63.0;9;63.0
1986-09-24;58.0;9;58.0
1986-09-25;51.0;9;51.0
1986-09-26;56.0;9;56.0
1986-09-27;55.0;9;55.0
1986-09-28;30.0;9;30.0
1986-09-29;24.0;9;24.0
1986-09-30;20.0;9;20.0
1986-10-01;20.0;10;20.0
1986-10-02;18.0;10;18.0
1986-10-03;19.0;10;19.0
1986-10-04;17.0;10;17.0
1986-10-05;17.0;10;17.0
1986-10-06;21.0;10;21.0
1986-10-07;29.0;10;29.0
1986-10-08;26.0;10;26.0
1986-10-09;28.0;10;28.0
1986-10-10;48.0;10;48.0
1986-10-11;79.0;10;79.0
1986-10-12;69.0;10;69.0
1986-10-13;60.0;10;60.0
1986-10-14;333.0;10;333.0
1986-10-15;331.0;10;331.0
1986-10-16;123.0;10;123.0
1986-10-17;66.0;10;66.0
1986-10-18;51.0;10;51.0
1986-10-19;48.0;10;48.0
1986-10-20;55.0;10;55.0
1986-10-21;49.0;10;49.0
1986-10-22;38.0;10;38.0
1986-10-23;24.0;10;24.0
1986-10-24;51.0;10;51.0
1986-10-25;138.0;10;138.0
1986-10-26;58.0;10;58.0
1986-10-27;34.0;10;34.0
1986-10-28;25.0;10;25.0
1986-10-29;24.0;10;24.0
1986-10-30;21.0;10;21.0
1986-10-31;22.0;10;22.0
1986-11-01;18.0;11;18.0
1986-11-02;19.0;11;19.0
1986-11-03;21.0;11;21.0
1986-11-04;17.0;11;17.0
1986-11-05;18.0;11;18.0
1986-11-06;27.0;11;27.0
1986-11-07;18.0;11;18.0
1986-11-08;14.0;11;14.0
1986-11-09;21.0;11;21.0
1986-11-10;51.0;11;51.0
1986-11-11;39.0;11;39.0
1986-11-12;64.0;11;64.0
1986-11-13;58.0;11;58.0
1986-11-14;58.0;11;58.0
1986-11-15;28.0;11;28.0
1986-11-16;26.0;11;26.0
1986-11-17;24.0;11;24.0
1986-11-18;24.0;11;24.0
1986-11-19;24.0;11;24.0
1986-11-20;25.0;11;25.0
1986-11-21;20.0;11;20.0
1986-11-22;21.0;11;21.0
1986-11-23;25.0;11;25.0
1986-11-24;24.0;11;24.0
1986-11-25;24.0;11;24.0
1986-11-26;22.0;11;22.0
1986-11-27;18.0;11;18.0
1986-11-28;17.0;11;17.0
1986-11-29;17.0;11;17.0
1986-11-30;17.0;11;17.0
1986-12-01;18.0;12;18.0
1986-12-02;18.0;12;18.0
1986-12-03;17.0;12;17.0
1986-12-04;16.0;12;16.0
1986-12-05;17.0;12;17.0
1986-12-06;14.0;12;14.0
1986-12-07;14.0;12;14.0
1986-12-08;13.0;12;13.0
1986-12-09;13.0;12;13.0
1986-12-10;13.0;12;13.0
1986-12-11;13.0;12;13.0
1986-12-12;12.0;12;12.0
1986-12-13;10.0;12;10.0
1986-12-14;10.0;12;10.0
1986-12-15;10.0;12;10.0
1986-12-16;10.0;12;10.0
1986-12-17;10.0;12;10.0
1986-12-18;10.0;12;10.0
1986-12-19;10.0;12;10.0
1986-12-20;10.0;12;10.0
1986-12-21;10.0;12;10.0
1986-12-22;10.0;12;10.0
1986-12-23;10.0;12;10.0
1986-12-24;10.0;12;10.0
1986-12-25;10.0;12;10.0
1986-12-26;10.0;12;10.0
1986-12-27;10.0;12;10.0
1986-12-28;10.0;12;10.0
1986-12-29;10.0;12;10.0
1986-12-30;9.0;12;9.0
1986-12-31;9.0;12;9.0
1987-01-01;7.0;1;7.0
1987-01-02;7.0;1;7.0
1987-01-03;7.0;1;7.0
1987-01-04;8.0;1;8.0
1987-01-05;7.0;1;7.0
1987-01-06;7.0;1;7.0
1987-01-07;7.0;1;7.0
1987-01-08;7.0;1;7.0
1987-01-09;7.0;1;7.0
1987-01-10;8.0;1;8.0
1987-01-11;7.0;1;7.0
1987-01-12;7.0;1;7.0
1987-01-13;7.0;1;7.0
1987-01-14;7.0;1;7.0
1987-01-15;8.0;1;8.0
1987-01-16;7.0;1;7.0
1987-01-17;8.0;1;8.0
1987-01-18;8.0;1;8.0
1987-01-19;9.0;1;9.0
1987-01-20;8.0;1;8.0
1987-01-21;13.0;1;13.0
1987-01-22;12.0;1;12.0
1987-01-23;12.0;1;12.0
1987-01-24;11.0;1;11.0
1987-01-25;10.0;1;10.0
1987-01-26;9.0;1;9.0
1987-01-27;9.0;1;9.0
1987-01-28;9.0;1;9.0
1987-01-29;9.0;1;9.0
1987-01-30;9.0;1;9.0
1987-01-31;9.0;1;9.0
1987-02-01;6.0;2;6.0
1987-02-02;6.0;2;6.0
1987-02-03;6.0;2;6.0
1987-02-04;6.0;2;6.0
1987-02-05;7.0;2;7.0
1987-02-06;9.0;2;9.0
1987-02-07;10.0;2;10.0
1987-02-08;11.0;2;11.0
1987-02-09;12.0;2;12.0
1987-02-10;14.0;2;14.0
1987-02-11;11.0;2;11.0
1987-02-12;11.0;2;11.0
1987-02-13;10.0;2;10.0
1987-02-14;11.0;2;11.0
1987-02-15;9.0;2;9.0
1987-02-16;6.0;2;6.0
1987-02-17;6.0;2;6.0
1987-02-18;6.0;2;6.0
1987-02-19;6.0;2;6.0
1987-02-20;6.0;2;6.0
1987-02-21;6.0;2;6.0
1987-02-22;6.0;2;6.0
1987-02-23;6.0;2;6.0
1987-02-24;6.0;2;6.0
1987-02-25;6.0;2;6.0
1987-02-26;6.0;2;6.0
1987-02-27;6.0;2;6.0
1987-02-28;6.0;2;6.0
1987-03-01;6.0;3;6.0
1987-03-02;6.0;3;6.0
1987-03-03;8.0;3;8.0
1987-03-04;12.0;3;12.0
1987-03-05;12.0;3;12.0
1987-03-06;16.0;3;16.0
1987-03-07;12.0;3;12.0
1987-03-08;9.0;3;9.0
1987-03-09;8.0;3;8.0
1987-03-10;7.0;3;7.0
1987-03-11;7.0;3;7.0
1987-03-12;7.0;3;7.0
1987-03-13;9.0;3;9.0
1987-03-14;8.0;3;8.0
1987-03-15;12.0;3;12.0
1987-03-16;10.0;3;10.0
1987-03-17;11.0;3;11.0
1987-03-18;9.0;3;9.0
1987-03-19;9.0;3;9.0
1987-03-20;16.0;3;16.0
1987-03-21;14.0;3;14.0
1987-03-22;12.0;3;12.0
1987-03-23;12.0;3;12.0
1987-03-24;9.0;3;9.0
1987-03-25;10.0;3;10.0
1987-03-26;9.0;3;9.0
1987-03-27;9.0;3;9.0
1987-03-28;9.0;3;9.0
1987-03-29;8.0;3;8.0
1987-03-30;9.0;3;9.0
1987-03-31;9.0;3;9.0
1987-04-01;12.0;4;12.0
1987-04-02;15.0;4;15.0
1987-04-03;30.0;4;30.0
1987-04-04;50.0;4;50.0
1987-04-05;54.0;4;54.0
1987-04-06;49.0;4;49.0
1987-04-07;10.0;4;10.0
1987-04-08;10.0;4;10.0
1987-04-09;19.0;4;19.0
1987-04-10;26.0;4;26.0
1987-04-11;35.0;4;35.0
1987-04-12;12.0;4;12.0
1987-04-13;12.0;4;12.0
1987-04-14;15.0;4;15.0
1987-04-15;16.0;4;16.0
1987-04-16;15.0;4;15.0
1987-04-17;15.0;4;15.0
1987-04-18;14.0;4;14.0
1987-04-19;12.0;4;12.0
1987-04-20;13.0;4;13.0
1987-04-21;12.0;4;12.0
1987-04-22;12.0;4;12.0
1987-04-23;15.0;4;15.0
1987-04-24;19.0;4;19.0
1987-04-25;17.0;4;17.0
1987-04-26;18.0;4;18.0
1987-04-27;20.0;4;20.0
1987-04-28;17.0;4;17.0
1987-04-29;19.0;4;19.0
1987-04-30;40.0;4;40.0
1987-05-01;23.0;5;23.0
1987-05-02;55.0;5;55.0
1987-05-03;38.0;5;38.0
1987-05-04;62.0;5;62.0
1987-05-05;84.0;5;84.0
1987-05-06;72.0;5;72.0
1987-05-07;41.0;5;41.0
1987-05-08;44.0;5;44.0
1987-05-09;52.0;5;52.0
1987-05-10;55.0;5;55.0
1987-05-11;52.0;5;52.0
1987-05-12;53.0;5;53.0
1987-05-13;41.0;5;41.0
1987-05-14;29.0;5;29.0
1987-05-15;28.0;5;28.0
1987-05-16;52.0;5;52.0
1987-05-17;43.0;5;43.0
1987-05-18;19.0;5;19.0
1987-05-19;25.0;5;25.0
1987-05-20;38.0;5;38.0
1987-05-21;47.0;5;47.0
1987-05-22;112.0;5;112.0
1987-05-23;149.0;5;149.0
1987-05-24;133.0;5;133.0
1987-05-25;181.0;5;181.0
1987-05-26;178.0;5;178.0
1987-05-27;146.0;5;146.0
1987-05-28;48.0;5;48.0
1987-05-29;52.0;5;52.0
1987-05-30;51.0;5;51.0
1987-05-31;33.0;5;33.0
1987-06-01;22.0;6;22.0
1987-06-02;22.0;6;22.0
1987-06-03;26.0;6;26.0
1987-06-04;35.0;6;35.0
1987-06-05;48.0;6;48.0
1987-06-06;50.0;6;50.0
1987-06-07;55.0;6;55.0
1987-06-08;53.0;6;53.0
1987-06-09;50.0;6;50.0
1987-06-10;56.0;6;56.0
1987-06-11;57.0;6;57.0
1987-06-12;65.0;6;65.0
1987-06-13;64.0;6;64.0
1987-06-14;56.0;6;56.0
1987-06-15;63.0;6;63.0
1987-06-16;71.0;6;71.0
1987-06-17;65.0;6;65.0
1987-06-18;62.0;6;62.0
1987-06-19;62.0;6;62.0
1987-06-20;52.0;6;52.0
1987-06-21;52.0;6;52.0
1987-06-22;42.0;6;42.0
1987-06-23;37.0;6;37.0
1987-06-24;35.0;6;35.0
1987-06-25;33.0;6;33.0
1987-06-26;30.0;6;30.0
1987-06-27;41.0;6;41.0
1987-06-28;40.0;6;40.0
1987-06-29;34.0;6;34.0
1987-06-30;28.0;6;28.0
1987-07-01;26.0;7;26.0
1987-07-02;27.0;7;27.0
1987-07-03;21.0;7;21.0
1987-07-04;20.0;7;20.0
1987-07-05;20.0;7;20.0
1987-07-06;18.0;7;18.0
1987-07-07;16.0;7;16.0
1987-07-08;21.0;7;21.0
1987-07-09;17.0;7;17.0
1987-07-10;20.0;7;20.0
1987-07-11;20.0;7;20.0
1987-07-12;18.0;7;18.0
1987-07-13;18.0;7;18.0
1987-07-14;17.0;7;17.0
1987-07-15;16.0;7;16.0
1987-07-16;17.0;7;17.0
1987-07-17;20.0;7;20.0
1987-07-18;63.0;7;63.0
1987-07-19;50.0;7;50.0
1987-07-20;46.0;7;46.0
1987-07-21;47.0;7;47.0
1987-07-22;27.0;7;27.0
1987-07-23;26.0;7;26.0
1987-07-24;27.0;7;27.0
1987-07-25;30.0;7;30.0
1987-07-26;35.0;7;35.0
1987-07-27;32.0;7;32.0
1987-07-28;32.0;7;32.0
1987-07-29;29.0;7;29.0
1987-07-30;25.0;7;25.0
1987-07-31;25.0;7;25.0
1987-08-01;49.0;8;49.0
1987-08-02;60.0;8;60.0
1987-08-03;48.0;8;48.0
1987-08-04;37.0;8;37.0
1987-08-05;37.0;8;37.0
1987-08-06;34.0;8;34.0
1987-08-07;36.0;8;36.0
1987-08-08;29.0;8;29.0
1987-08-09;25.0;8;25.0
1987-08-10;23.0;8;23.0
1987-08-11;22.0;8;22.0
1987-08-12;18.0;8;18.0
1987-08-13;16.0;8;16.0
1987-08-14;17.0;8;17.0
1987-08-15;17.0;8;17.0
1987-08-16;17.0;8;17.0
1987-08-17;13.0;8;13.0
1987-08-18;16.0;8;16.0
1987-08-19;18.0;8;18.0
1987-08-20;19.0;8;19.0
1987-08-21;18.0;8;18.0
1987-08-22;17.0;8;17.0
1987-08-23;18.0;8;18.0
1987-08-24;18.0;8;18.0
1987-08-25;19.0;8;19.0
1987-08-26;21.0;8;21.0
1987-08-27;23.0;8;23.0
1987-08-28;23.0;8;23.0
1987-08-29;22.0;8;22.0
1987-08-30;28.0;8;28.0
1987-08-31;25.0;8;25.0
1987-09-01;17.0;9;17.0
1987-09-02;18.0;9;18.0
1987-09-03;26.0;9;26.0
1987-09-04;28.0;9;28.0
1987-09-05;27.0;9;27.0
1987-09-06;27.0;9;27.0
1987-09-07;22.0;9;22.0
1987-09-08;45.0;9;45.0
1987-09-09;74.0;9;74.0
1987-09-10;59.0;9;59.0
1987-09-11;50.0;9;50.0
1987-09-12;48.0;9;48.0
1987-09-13;45.0;9;45.0
1987-09-14;38.0;9;38.0
1987-09-15;16.0;9;16.0
1987-09-16;20.0;9;20.0
1987-09-17;20.0;9;20.0
1987-09-18;21.0;9;21.0
1987-09-19;21.0;9;21.0
1987-09-20;21.0;9;21.0
1987-09-21;21.0;9;21.0
1987-09-22;22.0;9;22.0
1987-09-23;24.0;9;24.0
1987-09-24;27.0;9;27.0
1987-09-25;29.0;9;29.0
1987-09-26;32.0;9;32.0
1987-09-27;31.0;9;31.0
1987-09-28;30.0;9;30.0
1987-09-29;30.0;9;30.0
1987-09-30;33.0;9;33.0
1987-10-01;71.0;10;71.0
1987-10-02;79.0;10;79.0
1987-10-03;164.0;10;164.0
1987-10-04;196.0;10;196.0
1987-10-05;209.0;10;209.0
1987-10-06;172.0;10;172.0
1987-10-07;98.0;10;98.0
1987-10-08;138.0;10;138.0
1987-10-09;65.0;10;65.0
1987-10-10;76.0;10;76.0
1987-10-11;85.0;10;85.0
1987-10-12;140.0;10;140.0
1987-10-13;172.0;10;172.0
1987-10-14;179.0;10;179.0
1987-10-15;199.0;10;199.0
1987-10-16;143.0;10;143.0
1987-10-17;143.0;10;143.0
1987-10-18;349.0;10;349.0
1987-10-19;101.0;10;101.0
1987-10-20;115.0;10;115.0
1987-10-21;88.0;10;88.0
1987-10-22;102.0;10;102.0
1987-10-23;65.0;10;65.0
1987-10-24;63.0;10;63.0
1987-10-25;54.0;10;54.0
1987-10-26;71.0;10;71.0
1987-10-27;339.0;10;339.0
1987-10-28;108.0;10;108.0
1987-10-29;182.0;10;182.0
1987-10-30;223.0;10;223.0
1987-10-31;167.0;10;167.0
1987-11-01;114.0;11;114.0
1987-11-02;146.0;11;146.0
1987-11-03;104.0;11;104.0
1987-11-04;97.0;11;97.0
1987-11-05;94.0;11;94.0
1987-11-06;77.0;11;77.0
1987-11-07;65.0;11;65.0
1987-11-08;62.0;11;62.0
1987-11-09;62.0;11;62.0
1987-11-10;47.0;11;47.0
1987-11-11;47.0;11;47.0
1987-11-12;37.0;11;37.0
1987-11-13;38.0;11;38.0
1987-11-14;38.0;11;38.0
1987-11-15;37.0;11;37.0
1987-11-16;37.0;11;37.0
1987-11-17;35.0;11;35.0
1987-11-18;33.0;11;33.0
1987-11-19;30.0;11;30.0
1987-11-20;29.0;11;29.0
1987-11-21;29.0;11;29.0
1987-11-22;33.0;11;33.0
1987-11-23;32.0;11;32.0
1987-11-24;29.0;11;29.0
1987-11-25;28.0;11;28.0
1987-11-26;30.0;11;30.0
1987-11-27;30.0;11;30.0
1987-11-28;31.0;11;31.0
1987-11-29;31.0;11;31.0
1987-11-30;29.0;11;29.0
1987-12-01;30.0;12;30.0
1987-12-02;29.0;12;29.0
1987-12-03;30.0;12;30.0
1987-12-04;31.0;12;31.0
1987-12-05;33.0;12;33.0
1987-12-06;35.0;12;35.0
1987-12-07;32.0;12;32.0
1987-12-08;30.0;12;30.0
1987-12-09;29.0;12;29.0
1987-12-10;28.0;12;28.0
1987-12-11;27.0;12;27.0
1987-12-12;23.0;12;23.0
1987-12-13;19.0;12;19.0
1987-12-14;19.0;12;19.0
1987-12-15;19.0;12;19.0
1987-12-16;18.0;12;18.0
1987-12-17;20.0;12;20.0
1987-12-18;18.0;12;18.0
1987-12-19;17.0;12;17.0
1987-12-20;16.0;12;16.0
1987-12-21;16.0;12;16.0
1987-12-22;18.0;12;18.0
1987-12-23;19.0;12;19.0
1987-12-24;18.0;12;18.0
1987-12-25;18.0;12;18.0
1987-12-26;18.0;12;18.0
1987-12-27;16.0;12;16.0
1987-12-28;16.0;12;16.0
1987-12-29;15.0;12;15.0
1987-12-30;14.0;12;14.0
1987-12-31;13.0;12;13.0
1988-01-01;13.0;1;13.0
1988-01-02;12.0;1;12.0
1988-01-03;12.0;1;12.0
1988-01-04;12.0;1;12.0
1988-01-05;12.0;1;12.0
1988-01-06;11.0;1;11.0
1988-01-07;11.0;1;11.0
1988-01-08;11.0;1;11.0
1988-01-09;11.0;1;11.0
1988-01-10;10.0;1;10.0
1988-01-11;10.0;1;10.0
1988-01-12;10.0;1;10.0
1988-01-13;9.0;1;9.0
1988-01-14;9.0;1;9.0
1988-01-15;9.0;1;9.0
1988-01-16;9.0;1;9.0
1988-01-17;9.0;1;9.0
1988-01-18;9.0;1;9.0
1988-01-19;9.0;1;9.0
1988-01-20;9.0;1;9.0
1988-01-21;9.0;1;9.0
1988-01-22;9.0;1;9.0
1988-01-23;9.0;1;9.0
1988-01-24;9.0;1;9.0
1988-01-25;9.0;1;9.0
1988-01-26;9.0;1;9.0
1988-01-27;9.0;1;9.0
1988-01-28;9.0;1;9.0
1988-01-29;9.0;1;9.0
1988-01-30;9.0;1;9.0
1988-01-31;9.0;1;9.0
1988-02-01;16.0;2;16.0
1988-02-02;13.0;2;13.0
1988-02-03;12.0;2;12.0
1988-02-04;14.0;2;14.0
1988-02-05;16.0;2;16.0
1988-02-06;16.0;2;16.0
1988-02-07;14.0;2;14.0
1988-02-08;11.0;2;11.0
1988-02-09;10.0;2;10.0
1988-02-10;9.0;2;9.0
1988-02-11;9.0;2;9.0
1988-02-12;9.0;2;9.0
1988-02-13;9.0;2;9.0
1988-02-14;8.0;2;8.0
1988-02-15;8.0;2;8.0
1988-02-16;8.0;2;8.0
1988-02-17;8.0;2;8.0
1988-02-18;8.0;2;8.0
1988-02-19;8.0;2;8.0
1988-02-20;8.0;2;8.0
1988-02-21;7.0;2;7.0
1988-02-22;8.0;2;8.0
1988-02-23;8.0;2;8.0
1988-02-24;7.0;2;7.0
1988-02-25;7.0;2;7.0
1988-02-26;7.0;2;7.0
1988-02-27;7.0;2;7.0
1988-02-28;7.0;2;7.0
1988-02-29;7.0;2;7.0
1988-03-01;7.0;3;7.0
1988-03-02;7.0;3;7.0
1988-03-03;7.0;3;7.0
1988-03-04;7.0;3;7.0
1988-03-05;7.0;3;7.0
1988-03-06;7.0;3;7.0
1988-03-07;7.0;3;7.0
1988-03-08;7.0;3;7.0
1988-03-09;7.0;3;7.0
1988-03-10;7.0;3;7.0
1988-03-11;7.0;3;7.0
1988-03-12;8.0;3;8.0
1988-03-13;7.0;3;7.0
1988-03-14;8.0;3;8.0
1988-03-15;8.0;3;8.0
1988-03-16;7.0;3;7.0
1988-03-17;7.0;3;7.0
1988-03-18;7.0;3;7.0
1988-03-19;7.0;3;7.0
1988-03-20;7.0;3;7.0
1988-03-21;7.0;3;7.0
1988-03-22;7.0;3;7.0
1988-03-23;7.0;3;7.0
1988-03-24;7.0;3;7.0
1988-03-25;8.0;3;8.0
1988-03-26;17.0;3;17.0
1988-03-27;16.0;3;16.0
1988-03-28;15.0;3;15.0
1988-03-29;9.0;3;9.0
1988-03-30;9.0;3;9.0
1988-03-31;9.0;3;9.0
1988-04-01;9.0;4;9.0
1988-04-02;9.0;4;9.0
1988-04-03;9.0;4;9.0
1988-04-04;9.0;4;9.0
1988-04-05;11.0;4;11.0
1988-04-06;18.0;4;18.0
1988-04-07;21.0;4;21.0
1988-04-08;21.0;4;21.0
1988-04-09;20.0;4;20.0
1988-04-10;17.0;4;17.0
1988-04-11;16.0;4;16.0
1988-04-12;16.0;4;16.0
1988-04-13;26.0;4;26.0
1988-04-14;31.0;4;31.0
1988-04-15;16.0;4;16.0
1988-04-16;14.0;4;14.0
1988-04-17;12.0;4;12.0
1988-04-18;11.0;4;11.0
1988-04-19;9.0;4;9.0
1988-04-20;9.0;4;9.0
1988-04-21;9.0;4;9.0
1988-04-22;10.0;4;10.0
1988-04-23;11.0;4;11.0
1988-04-24;11.0;4;11.0
1988-04-25;11.0;4;11.0
1988-04-26;10.0;4;10.0
1988-04-27;10.0;4;10.0
1988-04-28;23.0;4;23.0
1988-04-29;27.0;4;27.0
1988-04-30;27.0;4;27.0
1988-05-01;30.0;5;30.0
1988-05-02;30.0;5;30.0
1988-05-03;28.0;5;28.0
1988-05-04;35.0;5;35.0
1988-05-05;36.0;5;36.0
1988-05-06;56.0;5;56.0
1988-05-07;50.0;5;50.0
1988-05-08;45.0;5;45.0
1988-05-09;42.0;5;42.0
1988-05-10;43.0;5;43.0
1988-05-11;47.0;5;47.0
1988-05-12;45.0;5;45.0
1988-05-13;44.0;5;44.0
1988-05-14;40.0;5;40.0
1988-05-15;32.0;5;32.0
1988-05-16;42.0;5;42.0
1988-05-17;33.0;5;33.0
1988-05-18;25.0;5;25.0
1988-05-19;23.0;5;23.0
1988-05-20;21.0;5;21.0
1988-05-21;17.0;5;17.0
1988-05-22;15.0;5;15.0
1988-05-23;17.0;5;17.0
1988-05-24;25.0;5;25.0
1988-05-25;27.0;5;27.0
1988-05-26;25.0;5;25.0
1988-05-27;26.0;5;26.0
1988-05-28;26.0;5;26.0
1988-05-29;26.0;5;26.0
1988-05-30;25.0;5;25.0
1988-05-31;24.0;5;24.0
1988-06-01;20.0;6;20.0
1988-06-02;15.0;6;15.0
1988-06-03;16.0;6;16.0
1988-06-04;15.0;6;15.0
1988-06-05;16.0;6;16.0
1988-06-06;14.0;6;14.0
1988-06-07;13.0;6;13.0
1988-06-08;12.0;6;12.0
1988-06-09;12.0;6;12.0
1988-06-10;12.0;6;12.0
1988-06-11;13.0;6;13.0
1988-06-12;13.0;6;13.0
1988-06-13;16.0;6;16.0
1988-06-14;24.0;6;24.0
1988-06-15;24.0;6;24.0
1988-06-16;38.0;6;38.0
1988-06-17;39.0;6;39.0
1988-06-18;27.0;6;27.0
1988-06-19;28.0;6;28.0
1988-06-20;36.0;6;36.0
1988-06-21;36.0;6;36.0
1988-06-22;42.0;6;42.0
1988-06-23;51.0;6;51.0
1988-06-24;30.0;6;30.0
1988-06-25;27.0;6;27.0
1988-06-26;31.0;6;31.0
1988-06-27;29.0;6;29.0
1988-06-28;27.0;6;27.0
1988-06-29;25.0;6;25.0
1988-06-30;25.0;6;25.0
1988-07-01;23.0;7;23.0
1988-07-02;19.0;7;19.0
1988-07-03;21.0;7;21.0
1988-07-04;19.0;7;19.0
1988-07-05;21.0;7;21.0
1988-07-06;24.0;7;24.0
1988-07-07;26.0;7;26.0
1988-07-08;29.0;7;29.0
1988-07-09;29.0;7;29.0
1988-07-10;27.0;7;27.0
1988-07-11;25.0;7;25.0
1988-07-12;24.0;7;24.0
1988-07-13;24.0;7;24.0
1988-07-14;25.0;7;25.0
1988-07-15;25.0;7;25.0
1988-07-16;25.0;7;25.0
1988-07-17;25.0;7;25.0
1988-07-18;24.0;7;24.0
1988-07-19;24.0;7;24.0
1988-07-20;26.0;7;26.0
1988-07-21;25.0;7;25.0
1988-07-22;23.0;7;23.0
1988-07-23;23.0;7;23.0
1988-07-24;22.0;7;22.0
1988-07-25;22.0;7;22.0
1988-07-26;21.0;7;21.0
1988-07-27;20.0;7;20.0
1988-07-28;20.0;7;20.0
1988-07-29;19.0;7;19.0
1988-07-30;18.0;7;18.0
1988-07-31;18.0;7;18.0
1988-08-01;17.0;8;17.0
1988-08-02;18.0;8;18.0
1988-08-03;26.0;8;26.0
1988-08-04;32.0;8;32.0
1988-08-05;52.0;8;52.0
1988-08-06;55.0;8;55.0
1988-08-07;63.0;8;63.0
1988-08-08;73.0;8;73.0
1988-08-09;57.0;8;57.0
1988-08-10;56.0;8;56.0
1988-08-11;50.0;8;50.0
1988-08-12;29.0;8;29.0
1988-08-13;31.0;8;31.0
1988-08-14;32.0;8;32.0
1988-08-15;40.0;8;40.0
1988-08-16;46.0;8;46.0
1988-08-17;56.0;8;56.0
1988-08-18;63.0;8;63.0
1988-08-19;72.0;8;72.0
1988-08-20;106.0;8;106.0
1988-08-21;84.0;8;84.0
1988-08-22;54.0;8;54.0
1988-08-23;40.0;8;40.0
1988-08-24;43.0;8;43.0
1988-08-25;46.0;8;46.0
1988-08-26;46.0;8;46.0
1988-08-27;49.0;8;49.0
1988-08-28;56.0;8;56.0
1988-08-29;72.0;8;72.0
1988-08-30;75.0;8;75.0
1988-08-31;69.0;8;69.0
1988-09-01;56.0;9;56.0
1988-09-02;56.0;9;56.0
1988-09-03;57.0;9;57.0
1988-09-04;60.0;9;60.0
1988-09-05;59.0;9;59.0
1988-09-06;92.0;9;92.0
1988-09-07;95.0;9;95.0
1988-09-08;92.0;9;92.0
1988-09-09;90.0;9;90.0
1988-09-10;89.0;9;89.0
1988-09-11;172.0;9;172.0
1988-09-12;270.0;9;270.0
1988-09-13;256.0;9;256.0
1988-09-14;57.0;9;57.0
1988-09-15;46.0;9;46.0
1988-09-16;48.0;9;48.0
1988-09-17;54.0;9;54.0
1988-09-18;162.0;9;162.0
1988-09-19;62.0;9;62.0
1988-09-20;56.0;9;56.0
1988-09-21;55.0;9;55.0
1988-09-22;55.0;9;55.0
1988-09-23;54.0;9;54.0
1988-09-24;54.0;9;54.0
1988-09-25;53.0;9;53.0
1988-09-26;56.0;9;56.0
1988-09-27;55.0;9;55.0
1988-09-28;56.0;9;56.0
1988-09-29;60.0;9;60.0
1988-09-30;62.0;9;62.0
1988-10-01;57.0;10;57.0
1988-10-02;55.0;10;55.0
1988-10-03;53.0;10;53.0
1988-10-04;53.0;10;53.0
1988-10-05;53.0;10;53.0
1988-10-06;54.0;10;54.0
1988-10-07;54.0;10;54.0
1988-10-08;56.0;10;56.0
1988-10-09;56.0;10;56.0
1988-10-10;54.0;10;54.0
1988-10-11;53.0;10;53.0
1988-10-12;56.0;10;56.0
1988-10-13;59.0;10;59.0
1988-10-14;75.0;10;75.0
1988-10-15;292.0;10;292.0
1988-10-16;337.0;10;337.0
1988-10-17;267.0;10;267.0
1988-10-18;268.0;10;268.0
1988-10-19;256.0;10;256.0
1988-10-20;225.0;10;225.0
1988-10-21;213.0;10;213.0
1988-10-22;206.0;10;206.0
1988-10-23;197.0;10;197.0
1988-10-24;180.0;10;180.0
1988-10-25;130.0;10;130.0
1988-10-26;111.0;10;111.0
1988-10-27;108.0;10;108.0
1988-10-28;106.0;10;106.0
1988-10-29;57.0;10;57.0
1988-10-30;57.0;10;57.0
1988-10-31;62.0;10;62.0
1988-11-01;59.0;11;59.0
1988-11-02;57.0;11;57.0
1988-11-03;58.0;11;58.0
1988-11-04;57.0;11;57.0
1988-11-05;60.0;11;60.0
1988-11-06;59.0;11;59.0
1988-11-07;63.0;11;63.0
1988-11-08;66.0;11;66.0
1988-11-09;70.0;11;70.0
1988-11-10;66.0;11;66.0
1988-11-11;70.0;11;70.0
1988-11-12;74.0;11;74.0
1988-11-13;70.0;11;70.0
1988-11-14;69.0;11;69.0
1988-11-15;70.0;11;70.0
1988-11-16;69.0;11;69.0
1988-11-17;68.0;11;68.0
1988-11-18;72.0;11;72.0
1988-11-19;70.0;11;70.0
1988-11-20;70.0;11;70.0
1988-11-21;69.0;11;69.0
1988-11-22;63.0;11;63.0
1988-11-23;67.0;11;67.0
1988-11-24;59.0;11;59.0
1988-11-25;57.0;11;57.0
1988-11-26;42.0;11;42.0
1988-11-27;40.0;11;40.0
1988-11-28;40.0;11;40.0
1988-11-29;39.0;11;39.0
1988-11-30;38.0;11;38.0
1988-12-01;37.0;12;37.0
1988-12-02;37.0;12;37.0
1988-12-03;36.0;12;36.0
1988-12-04;36.0;12;36.0
1988-12-05;34.0;12;34.0
1988-12-06;31.0;12;31.0
1988-12-07;29.0;12;29.0
1988-12-08;29.0;12;29.0
1988-12-09;27.0;12;27.0
1988-12-10;25.0;12;25.0
1988-12-11;23.0;12;23.0
1988-12-12;23.0;12;23.0
1988-12-13;22.0;12;22.0
1988-12-14;22.0;12;22.0
1988-12-15;21.0;12;21.0
1988-12-16;20.0;12;20.0
1988-12-17;22.0;12;22.0
1988-12-18;24.0;12;24.0
1988-12-19;24.0;12;24.0
1988-12-20;25.0;12;25.0
1988-12-21;26.0;12;26.0
1988-12-22;25.0;12;25.0
1988-12-23;27.0;12;27.0
1988-12-24;26.0;12;26.0
1988-12-25;27.0;12;27.0
1988-12-26;28.0;12;28.0
1988-12-27;26.0;12;26.0
1988-12-28;27.0;12;27.0
1988-12-29;27.0;12;27.0
1988-12-30;27.0;12;27.0
1988-12-31;27.0;12;27.0
