YYYY-MM-DD;Value;month;Value_imputed
1978-01-01;25.0;1;25.0
1978-01-02;19.0;1;19.0
1978-01-03;17.0;1;17.0
1978-01-04;14.0;1;14.0
1978-01-05;13.0;1;13.0
1978-01-06;12.0;1;12.0
1978-01-07;11.0;1;11.0
1978-01-08;11.0;1;11.0
1978-01-09;10.0;1;10.0
1978-01-10;15.0;1;15.0
1978-01-11;24.0;1;24.0
1978-01-12;15.0;1;15.0
1978-01-13;15.0;1;15.0
1978-01-14;12.0;1;12.0
1978-01-15;11.0;1;11.0
1978-01-16;10.0;1;10.0
1978-01-17;9.0;1;9.0
1978-01-18;9.0;1;9.0
1978-01-19;8.0;1;8.0
1978-01-20;8.0;1;8.0
1978-01-21;8.0;1;8.0
1978-01-22;8.0;1;8.0
1978-01-23;8.0;1;8.0
1978-01-24;7.0;1;7.0
1978-01-25;15.0;1;15.0
1978-01-26;15.0;1;15.0
1978-01-27;10.0;1;10.0
1978-01-28;15.0;1;15.0
1978-01-29;35.0;1;35.0
1978-01-30;43.0;1;43.0
1978-01-31;56.0;1;56.0
1978-02-01;39.0;2;39.0
1978-02-02;48.0;2;48.0
1978-02-03;34.0;2;34.0
1978-02-04;24.0;2;24.0
1978-02-05;22.0;2;22.0
1978-02-06;22.0;2;22.0
1978-02-07;20.0;2;20.0
1978-02-08;18.0;2;18.0
1978-02-09;19.0;2;19.0
1978-02-10;20.0;2;20.0
1978-02-11;17.0;2;17.0
1978-02-12;15.0;2;15.0
1978-02-13;14.0;2;14.0
1978-02-14;12.0;2;12.0
1978-02-15;10.0;2;10.0
1978-02-16;9.0;2;9.0
1978-02-17;9.0;2;9.0
1978-02-18;10.0;2;10.0
1978-02-19;10.0;2;10.0
1978-02-20;10.0;2;10.0
1978-02-21;8.0;2;8.0
1978-02-22;9.0;2;9.0
1978-02-23;11.0;2;11.0
1978-02-24;64.0;2;64.0
1978-02-25;16.0;2;16.0
1978-02-26;15.0;2;15.0
1978-02-27;13.0;2;13.0
1978-02-28;14.0;2;14.0
1978-03-01;7.0;3;7.0
1978-03-02;9.0;3;9.0
1978-03-03;19.0;3;19.0
1978-03-04;17.0;3;17.0
1978-03-05;15.0;3;15.0
1978-03-06;25.0;3;25.0
1978-03-07;19.0;3;19.0
1978-03-08;22.0;3;22.0
1978-03-09;25.0;3;25.0
1978-03-10;15.0;3;15.0
1978-03-11;20.0;3;20.0
1978-03-12;14.0;3;14.0
1978-03-13;12.0;3;12.0
1978-03-14;9.0;3;9.0
1978-03-15;9.0;3;9.0
1978-03-16;8.0;3;8.0
1978-03-17;9.0;3;9.0
1978-03-18;9.0;3;9.0
1978-03-19;9.0;3;9.0
1978-03-20;9.0;3;9.0
1978-03-21;14.0;3;14.0
1978-03-22;16.0;3;16.0
1978-03-23;25.0;3;25.0
1978-03-24;15.0;3;15.0
1978-03-25;13.0;3;13.0
1978-03-26;17.0;3;17.0
1978-03-27;20.0;3;20.0
1978-03-28;21.0;3;21.0
1978-03-29;16.0;3;16.0
1978-03-30;50.0;3;50.0
1978-03-31;54.0;3;54.0
1978-04-01;139.0;4;139.0
1978-04-02;96.0;4;96.0
1978-04-03;67.0;4;67.0
1978-04-04;68.0;4;68.0
1978-04-05;66.0;4;66.0
1978-04-06;90.0;4;90.0
1978-04-07;60.0;4;60.0
1978-04-08;51.0;4;51.0
1978-04-09;42.0;4;42.0
1978-04-10;46.0;4;46.0
1978-04-11;72.0;4;72.0
1978-04-12;74.0;4;74.0
1978-04-13;61.0;4;61.0
1978-04-14;133.0;4;133.0
1978-04-15;65.0;4;65.0
1978-04-16;40.0;4;40.0
1978-04-17;50.0;4;50.0
1978-04-18;100.0;4;100.0
1978-04-19;84.0;4;84.0
1978-04-20;99.0;4;99.0
1978-04-21;101.0;4;101.0
1978-04-22;65.0;4;65.0
1978-04-23;60.0;4;60.0
1978-04-24;142.0;4;142.0
1978-04-25;85.0;4;85.0
1978-04-26;155.0;4;155.0
1978-04-27;77.0;4;77.0
1978-04-28;55.0;4;55.0
1978-04-29;57.0;4;57.0
1978-04-30;41.0;4;41.0
1978-05-01;43.0;5;43.0
1978-05-02;37.0;5;37.0
1978-05-03;39.0;5;39.0
1978-05-04;41.0;5;41.0
1978-05-05;74.0;5;74.0
1978-05-06;56.0;5;56.0
1978-05-07;63.0;5;63.0
1978-05-08;45.0;5;45.0
1978-05-09;34.0;5;34.0
1978-05-10;37.0;5;37.0
1978-05-11;39.0;5;39.0
1978-05-12;32.0;5;32.0
1978-05-13;36.0;5;36.0
1978-05-14;39.0;5;39.0
1978-05-15;35.0;5;35.0
1978-05-16;35.0;5;35.0
1978-05-17;44.0;5;44.0
1978-05-18;37.0;5;37.0
1978-05-19;47.0;5;47.0
1978-05-20;30.0;5;30.0
1978-05-21;45.0;5;45.0
1978-05-22;35.0;5;35.0
1978-05-23;33.0;5;33.0
1978-05-24;34.0;5;34.0
1978-05-25;31.0;5;31.0
1978-05-26;39.0;5;39.0
1978-05-27;62.0;5;62.0
1978-05-28;63.0;5;63.0
1978-05-29;41.0;5;41.0
1978-05-30;43.0;5;43.0
1978-05-31;64.0;5;64.0
1978-06-01;136.0;6;136.0
1978-06-02;107.0;6;107.0
1978-06-03;75.0;6;75.0
1978-06-04;105.0;6;105.0
1978-06-05;70.0;6;70.0
1978-06-06;46.0;6;46.0
1978-06-07;65.0;6;65.0
1978-06-08;45.0;6;45.0
1978-06-09;39.0;6;39.0
1978-06-10;39.0;6;39.0
1978-06-11;42.0;6;42.0
1978-06-12;43.0;6;43.0
1978-06-13;55.0;6;55.0
1978-06-14;83.0;6;83.0
1978-06-15;63.0;6;63.0
1978-06-16;100.0;6;100.0
1978-06-17;95.0;6;95.0
1978-06-18;56.0;6;56.0
1978-06-19;91.0;6;91.0
1978-06-20;109.0;6;109.0
1978-06-21;126.0;6;126.0
1978-06-22;102.0;6;102.0
1978-06-23;89.0;6;89.0
1978-06-24;170.0;6;170.0
1978-06-25;96.0;6;96.0
1978-06-26;69.0;6;69.0
1978-06-27;53.0;6;53.0
1978-06-28;46.0;6;46.0
1978-06-29;43.0;6;43.0
1978-06-30;39.0;6;39.0
1978-07-01;104.0;7;104.0
1978-07-02;111.0;7;111.0
1978-07-03;93.0;7;93.0
1978-07-04;101.0;7;101.0
1978-07-05;59.0;7;59.0
1978-07-06;74.0;7;74.0
1978-07-07;69.0;7;69.0
1978-07-08;95.0;7;95.0
1978-07-09;54.0;7;54.0
1978-07-10;76.0;7;76.0
1978-07-11;69.0;7;69.0
1978-07-12;47.0;7;47.0
1978-07-13;49.0;7;49.0
1978-07-14;72.0;7;72.0
1978-07-15;50.0;7;50.0
1978-07-16;41.0;7;41.0
1978-07-17;35.0;7;35.0
1978-07-18;36.0;7;36.0
1978-07-19;32.0;7;32.0
1978-07-20;29.0;7;29.0
1978-07-21;33.0;7;33.0
1978-07-22;51.0;7;51.0
1978-07-23;33.0;7;33.0
1978-07-24;30.0;7;30.0
1978-07-25;30.0;7;30.0
1978-07-26;29.0;7;29.0
1978-07-27;26.0;7;26.0
1978-07-28;57.0;7;57.0
1978-07-29;35.0;7;35.0
1978-07-30;30.0;7;30.0
1978-07-31;29.0;7;29.0
1978-08-01;45.0;8;45.0
1978-08-02;51.0;8;51.0
1978-08-03;43.0;8;43.0
1978-08-04;69.0;8;69.0
1978-08-05;67.0;8;67.0
1978-08-06;44.0;8;44.0
1978-08-07;40.0;8;40.0
1978-08-08;39.0;8;39.0
1978-08-09;94.0;8;94.0
1978-08-10;137.0;8;137.0
1978-08-11;106.0;8;106.0
1978-08-12;52.0;8;52.0
1978-08-13;69.0;8;69.0
1978-08-14;138.0;8;138.0
1978-08-15;204.0;8;204.0
1978-08-16;122.0;8;122.0
1978-08-17;59.0;8;59.0
1978-08-18;44.0;8;44.0
1978-08-19;39.0;8;39.0
1978-08-20;66.0;8;66.0
1978-08-21;84.0;8;84.0
1978-08-22;64.0;8;64.0
1978-08-23;56.0;8;56.0
1978-08-24;61.0;8;61.0
1978-08-25;73.0;8;73.0
1978-08-26;43.0;8;43.0
1978-08-27;38.0;8;38.0
1978-08-28;69.0;8;69.0
1978-08-29;46.0;8;46.0
1978-08-30;47.0;8;47.0
1978-08-31;44.0;8;44.0
1978-09-01;48.0;9;48.0
1978-09-02;55.0;9;55.0
1978-09-03;67.0;9;67.0
1978-09-04;63.0;9;63.0
1978-09-05;44.0;9;44.0
1978-09-06;41.0;9;41.0
1978-09-07;34.0;9;34.0
1978-09-08;38.0;9;38.0
1978-09-09;38.0;9;38.0
1978-09-10;47.0;9;47.0
1978-09-11;47.0;9;47.0
1978-09-12;40.0;9;40.0
1978-09-13;38.0;9;38.0
1978-09-14;29.0;9;29.0
1978-09-15;31.0;9;31.0
1978-09-16;34.0;9;34.0
1978-09-17;69.0;9;69.0
1978-09-18;46.0;9;46.0
1978-09-19;38.0;9;38.0
1978-09-20;29.0;9;29.0
1978-09-21;26.0;9;26.0
1978-09-22;40.0;9;40.0
1978-09-23;38.0;9;38.0
1978-09-24;27.0;9;27.0
1978-09-25;24.0;9;24.0
1978-09-26;23.0;9;23.0
1978-09-27;49.0;9;49.0
1978-09-28;120.0;9;120.0
1978-09-29;50.0;9;50.0
1978-09-30;58.0;9;58.0
1978-10-01;100.0;10;100.0
1978-10-02;51.0;10;51.0
1978-10-03;99.0;10;99.0
1978-10-04;58.0;10;58.0
1978-10-05;39.0;10;39.0
1978-10-06;33.0;10;33.0
1978-10-07;29.0;10;29.0
1978-10-08;27.0;10;27.0
1978-10-09;32.0;10;32.0
1978-10-10;37.0;10;37.0
1978-10-11;33.0;10;33.0
1978-10-12;32.0;10;32.0
1978-10-13;29.0;10;29.0
1978-10-14;30.0;10;30.0
1978-10-15;31.0;10;31.0
1978-10-16;48.0;10;48.0
1978-10-17;40.0;10;40.0
1978-10-18;48.0;10;48.0
1978-10-19;88.0;10;88.0
1978-10-20;48.0;10;48.0
1978-10-21;54.0;10;54.0
1978-10-22;53.0;10;53.0
1978-10-23;56.0;10;56.0
1978-10-24;73.0;10;73.0
1978-10-25;50.0;10;50.0
1978-10-26;43.0;10;43.0
1978-10-27;57.0;10;57.0
1978-10-28;48.0;10;48.0
1978-10-29;40.0;10;40.0
1978-10-30;32.0;10;32.0
1978-10-31;26.0;10;26.0
1978-11-01;28.0;11;28.0
1978-11-02;26.0;11;26.0
1978-11-03;29.0;11;29.0
1978-11-04;33.0;11;33.0
1978-11-05;34.0;11;34.0
1978-11-06;24.0;11;24.0
1978-11-07;91.0;11;91.0
1978-11-08;44.0;11;44.0
1978-11-09;35.0;11;35.0
1978-11-10;39.0;11;39.0
1978-11-11;57.0;11;57.0
1978-11-12;82.0;11;82.0
1978-11-13;60.0;11;60.0
1978-11-14;46.0;11;46.0
1978-11-15;41.0;11;41.0
1978-11-16;34.0;11;34.0
1978-11-17;38.0;11;38.0
1978-11-18;50.0;11;50.0
1978-11-19;43.0;11;43.0
1978-11-20;43.0;11;43.0
1978-11-21;34.0;11;34.0
1978-11-22;36.0;11;36.0
1978-11-23;27.0;11;27.0
1978-11-24;28.0;11;28.0
1978-11-25;35.0;11;35.0
1978-11-26;31.0;11;31.0
1978-11-27;51.0;11;51.0
1978-11-28;34.0;11;34.0
1978-11-29;26.0;11;26.0
1978-11-30;25.0;11;25.0
1978-12-01;27.0;12;27.0
1978-12-02;28.0;12;28.0
1978-12-03;28.0;12;28.0
1978-12-04;78.0;12;78.0
1978-12-05;54.0;12;54.0
1978-12-06;53.0;12;53.0
1978-12-07;76.0;12;76.0
1978-12-08;76.0;12;76.0
1978-12-09;61.0;12;61.0
1978-12-10;49.0;12;49.0
1978-12-11;101.0;12;101.0
1978-12-12;57.0;12;57.0
1978-12-13;52.0;12;52.0
1978-12-14;39.0;12;39.0
1978-12-15;45.0;12;45.0
1978-12-16;49.0;12;49.0
1978-12-17;40.0;12;40.0
1978-12-18;44.0;12;44.0
1978-12-19;34.0;12;34.0
1978-12-20;35.0;12;35.0
1978-12-21;28.0;12;28.0
1978-12-22;24.0;12;24.0
1978-12-23;24.0;12;24.0
1978-12-24;24.0;12;24.0
1978-12-25;20.0;12;20.0
1978-12-26;18.0;12;18.0
1978-12-27;18.0;12;18.0
1978-12-28;12.0;12;12.0
1978-12-29;11.0;12;11.0
1978-12-30;9.0;12;9.0
1978-12-31;9.0;12;9.0
1979-01-01;8.0;1;8.0
1979-01-02;8.0;1;8.0
1979-01-03;7.0;1;7.0
1979-01-04;7.0;1;7.0
1979-01-05;7.0;1;7.0
1979-01-06;7.0;1;7.0
1979-01-07;8.0;1;8.0
1979-01-08;7.0;1;7.0
1979-01-09;7.0;1;7.0
1979-01-10;7.0;1;7.0
1979-01-11;20.0;1;20.0
1979-01-12;13.0;1;13.0
1979-01-13;9.0;1;9.0
1979-01-14;8.0;1;8.0
1979-01-15;8.0;1;8.0
1979-01-16;7.0;1;7.0
1979-01-17;7.0;1;7.0
1979-01-18;6.0;1;6.0
1979-01-19;6.0;1;6.0
1979-01-20;5.0;1;5.0
1979-01-21;5.0;1;5.0
1979-01-22;5.0;1;5.0
1979-01-23;6.0;1;6.0
1979-01-24;6.0;1;6.0
1979-01-25;6.0;1;6.0
1979-01-26;7.0;1;7.0
1979-01-27;13.0;1;13.0
1979-01-28;8.0;1;8.0
1979-01-29;8.0;1;8.0
1979-01-30;22.0;1;22.0
1979-01-31;18.0;1;18.0
1979-02-01;10.0;2;10.0
1979-02-02;8.0;2;8.0
1979-02-03;6.0;2;6.0
1979-02-04;6.0;2;6.0
1979-02-05;6.0;2;6.0
1979-02-06;5.0;2;5.0
1979-02-07;4.0;2;4.0
1979-02-08;4.0;2;4.0
1979-02-09;4.0;2;4.0
1979-02-10;4.0;2;4.0
1979-02-11;4.0;2;4.0
1979-02-12;4.0;2;4.0
1979-02-13;4.0;2;4.0
1979-02-14;4.0;2;4.0
1979-02-15;4.0;2;4.0
1979-02-16;8.0;2;8.0
1979-02-17;8.0;2;8.0
1979-02-18;7.0;2;7.0
1979-02-19;12.0;2;12.0
1979-02-20;8.0;2;8.0
1979-02-21;7.0;2;7.0
1979-02-22;7.0;2;7.0
1979-02-23;7.0;2;7.0
1979-02-24;6.0;2;6.0
1979-02-25;7.0;2;7.0
1979-02-26;10.0;2;10.0
1979-02-27;8.0;2;8.0
1979-02-28;16.0;2;16.0
1979-03-01;12.0;3;12.0
1979-03-02;17.0;3;17.0
1979-03-03;57.0;3;57.0
1979-03-04;33.0;3;33.0
1979-03-05;22.0;3;22.0
1979-03-06;36.0;3;36.0
1979-03-07;94.0;3;94.0
1979-03-08;78.0;3;78.0
1979-03-09;50.0;3;50.0
1979-03-10;31.0;3;31.0
1979-03-11;20.0;3;20.0
1979-03-12;18.0;3;18.0
1979-03-13;12.0;3;12.0
1979-03-14;10.0;3;10.0
1979-03-15;9.0;3;9.0
1979-03-16;16.0;3;16.0
1979-03-17;20.0;3;20.0
1979-03-18;18.0;3;18.0
1979-03-19;17.0;3;17.0
1979-03-20;14.0;3;14.0
1979-03-21;23.0;3;23.0
1979-03-22;32.0;3;32.0
1979-03-23;40.0;3;40.0
1979-03-24;40.0;3;40.0
1979-03-25;66.0;3;66.0
1979-03-26;33.0;3;33.0
1979-03-27;27.0;3;27.0
1979-03-28;22.0;3;22.0
1979-03-29;49.0;3;49.0
1979-03-30;25.0;3;25.0
1979-03-31;17.0;3;17.0
1979-04-01;13.0;4;13.0
1979-04-02;14.0;4;14.0
1979-04-03;19.0;4;19.0
1979-04-04;12.0;4;12.0
1979-04-05;15.0;4;15.0
1979-04-06;25.0;4;25.0
1979-04-07;32.0;4;32.0
1979-04-08;25.0;4;25.0
1979-04-09;29.0;4;29.0
1979-04-10;49.0;4;49.0
1979-04-11;76.0;4;76.0
1979-04-12;101.0;4;101.0
1979-04-13;103.0;4;103.0
1979-04-14;116.0;4;116.0
1979-04-15;109.0;4;109.0
1979-04-16;83.0;4;83.0
1979-04-17;76.0;4;76.0
1979-04-18;74.0;4;74.0
1979-04-19;99.0;4;99.0
1979-04-20;50.0;4;50.0
1979-04-21;41.0;4;41.0
1979-04-22;58.0;4;58.0
1979-04-23;281.0;4;281.0
1979-04-24;105.0;4;105.0
1979-04-25;74.0;4;74.0
1979-04-26;121.0;4;121.0
1979-04-27;122.0;4;122.0
1979-04-28;170.0;4;170.0
1979-04-29;148.0;4;148.0
1979-04-30;84.0;4;84.0
1979-05-01;84.0;5;84.0
1979-05-02;102.0;5;102.0
1979-05-03;87.0;5;87.0
1979-05-04;75.0;5;75.0
1979-05-05;95.0;5;95.0
1979-05-06;80.0;5;80.0
1979-05-07;74.0;5;74.0
1979-05-08;74.0;5;74.0
1979-05-09;56.0;5;56.0
1979-05-10;47.0;5;47.0
1979-05-11;49.0;5;49.0
1979-05-12;43.0;5;43.0
1979-05-13;43.0;5;43.0
1979-05-14;55.0;5;55.0
1979-05-15;76.0;5;76.0
1979-05-16;59.0;5;59.0
1979-05-17;57.0;5;57.0
1979-05-18;52.0;5;52.0
1979-05-19;55.0;5;55.0
1979-05-20;60.0;5;60.0
1979-05-21;104.0;5;104.0
1979-05-22;92.0;5;92.0
1979-05-23;79.0;5;79.0
1979-05-24;106.0;5;106.0
1979-05-25;72.0;5;72.0
1979-05-26;61.0;5;61.0
1979-05-27;54.0;5;54.0
1979-05-28;66.0;5;66.0
1979-05-29;49.0;5;49.0
1979-05-30;70.0;5;70.0
1979-05-31;61.0;5;61.0
1979-06-01;61.0;6;61.0
1979-06-02;67.0;6;67.0
1979-06-03;54.0;6;54.0
1979-06-04;49.0;6;49.0
1979-06-05;49.0;6;49.0
1979-06-06;74.0;6;74.0
1979-06-07;72.0;6;72.0
1979-06-08;125.0;6;125.0
1979-06-09;166.0;6;166.0
1979-06-10;113.0;6;113.0
1979-06-11;92.0;6;92.0
1979-06-12;83.0;6;83.0
1979-06-13;94.0;6;94.0
1979-06-14;121.0;6;121.0
1979-06-15;114.0;6;114.0
1979-06-16;115.0;6;115.0
1979-06-17;113.0;6;113.0
1979-06-18;114.0;6;114.0
1979-06-19;116.0;6;116.0
1979-06-20;99.0;6;99.0
1979-06-21;185.0;6;185.0
1979-06-22;157.0;6;157.0
1979-06-23;129.0;6;129.0
1979-06-24;93.0;6;93.0
1979-06-25;128.0;6;128.0
1979-06-26;187.0;6;187.0
1979-06-27;198.0;6;198.0
1979-06-28;143.0;6;143.0
1979-06-29;170.0;6;170.0
1979-06-30;128.0;6;128.0
1979-07-01;81.0;7;81.0
1979-07-02;65.0;7;65.0
1979-07-03;66.0;7;66.0
1979-07-04;111.0;7;111.0
1979-07-05;113.0;7;113.0
1979-07-06;174.0;7;174.0
1979-07-07;130.0;7;130.0
1979-07-08;114.0;7;114.0
1979-07-09;130.0;7;130.0
1979-07-10;102.0;7;102.0
1979-07-11;103.0;7;103.0
1979-07-12;80.0;7;80.0
1979-07-13;55.0;7;55.0
1979-07-14;61.0;7;61.0
1979-07-15;100.0;7;100.0
1979-07-16;100.0;7;100.0
1979-07-17;94.0;7;94.0
1979-07-18;106.0;7;106.0
1979-07-19;62.0;7;62.0
1979-07-20;55.0;7;55.0
1979-07-21;67.0;7;67.0
1979-07-22;54.0;7;54.0
1979-07-23;53.0;7;53.0
1979-07-24;49.0;7;49.0
1979-07-25;50.0;7;50.0
1979-07-26;54.0;7;54.0
1979-07-27;68.0;7;68.0
1979-07-28;61.0;7;61.0
1979-07-29;66.0;7;66.0
1979-07-30;59.0;7;59.0
1979-07-31;53.0;7;53.0
1979-08-01;45.0;8;45.0
1979-08-02;87.0;8;87.0
1979-08-03;133.0;8;133.0
1979-08-04;109.0;8;109.0
1979-08-05;97.0;8;97.0
1979-08-06;107.0;8;107.0
1979-08-07;87.0;8;87.0
1979-08-08;97.0;8;97.0
1979-08-09;83.0;8;83.0
1979-08-10;57.0;8;57.0
1979-08-11;46.0;8;46.0
1979-08-12;39.0;8;39.0
1979-08-13;39.0;8;39.0
1979-08-14;38.0;8;38.0
1979-08-15;32.0;8;32.0
1979-08-16;37.0;8;37.0
1979-08-17;36.0;8;36.0
1979-08-18;39.0;8;39.0
1979-08-19;35.0;8;35.0
1979-08-20;40.0;8;40.0
1979-08-21;37.0;8;37.0
1979-08-22;75.0;8;75.0
1979-08-23;52.0;8;52.0
1979-08-24;70.0;8;70.0
1979-08-25;126.0;8;126.0
1979-08-26;91.0;8;91.0
1979-08-27;97.0;8;97.0
1979-08-28;164.0;8;164.0
1979-08-29;97.0;8;97.0
1979-08-30;101.0;8;101.0
1979-08-31;102.0;8;102.0
1979-09-01;115.0;9;115.0
1979-09-02;95.0;9;95.0
1979-09-03;95.0;9;95.0
1979-09-04;76.0;9;76.0
1979-09-05;54.0;9;54.0
1979-09-06;46.0;9;46.0
1979-09-07;54.0;9;54.0
1979-09-08;44.0;9;44.0
1979-09-09;66.0;9;66.0
1979-09-10;66.0;9;66.0
1979-09-11;50.0;9;50.0
1979-09-12;42.0;9;42.0
1979-09-13;55.0;9;55.0
1979-09-14;44.0;9;44.0
1979-09-15;40.0;9;40.0
1979-09-16;43.0;9;43.0
1979-09-17;30.0;9;30.0
1979-09-18;31.0;9;31.0
1979-09-19;77.0;9;77.0
1979-09-20;44.0;9;44.0
1979-09-21;31.0;9;31.0
1979-09-22;35.0;9;35.0
1979-09-23;49.0;9;49.0
1979-09-24;41.0;9;41.0
1979-09-25;41.0;9;41.0
1979-09-26;49.0;9;49.0
1979-09-27;48.0;9;48.0
1979-09-28;62.0;9;62.0
1979-09-29;38.0;9;38.0
1979-09-30;29.0;9;29.0
1979-10-01;27.0;10;27.0
1979-10-02;46.0;10;46.0
1979-10-03;40.0;10;40.0
1979-10-04;33.0;10;33.0
1979-10-05;28.0;10;28.0
1979-10-06;54.0;10;54.0
1979-10-07;82.0;10;82.0
1979-10-08;55.0;10;55.0
1979-10-09;39.0;10;39.0
1979-10-10;37.0;10;37.0
1979-10-11;31.0;10;31.0
1979-10-12;38.0;10;38.0
1979-10-13;43.0;10;43.0
1979-10-14;36.0;10;36.0
1979-10-15;32.0;10;32.0
1979-10-16;36.0;10;36.0
1979-10-17;101.0;10;101.0
1979-10-18;87.0;10;87.0
1979-10-19;83.0;10;83.0
1979-10-20;100.0;10;100.0
1979-10-21;122.0;10;122.0
1979-10-22;94.0;10;94.0
1979-10-23;90.0;10;90.0
1979-10-24;74.0;10;74.0
1979-10-25;68.0;10;68.0
1979-10-26;82.0;10;82.0
1979-10-27;98.0;10;98.0
1979-10-28;204.0;10;204.0
1979-10-29;204.0;10;204.0
1979-10-30;106.0;10;106.0
1979-10-31;65.0;10;65.0
1979-11-01;52.0;11;52.0
1979-11-02;38.0;11;38.0
1979-11-03;80.0;11;80.0
1979-11-04;94.0;11;94.0
1979-11-05;102.0;11;102.0
1979-11-06;102.0;11;102.0
1979-11-07;92.0;11;92.0
1979-11-08;154.0;11;154.0
1979-11-09;214.0;11;214.0
1979-11-10;125.0;11;125.0
1979-11-11;106.0;11;106.0
1979-11-12;113.0;11;113.0
1979-11-13;116.0;11;116.0
1979-11-14;125.0;11;125.0
1979-11-15;260.0;11;260.0
1979-11-16;348.0;11;348.0
1979-11-17;198.0;11;198.0
1979-11-18;157.0;11;157.0
1979-11-19;125.0;11;125.0
1979-11-20;120.0;11;120.0
1979-11-21;132.0;11;132.0
1979-11-22;110.0;11;110.0
1979-11-23;107.0;11;107.0
1979-11-24;125.0;11;125.0
1979-11-25;164.0;11;164.0
1979-11-26;173.0;11;173.0
1979-11-27;103.0;11;103.0
1979-11-28;91.0;11;91.0
1979-11-29;79.0;11;79.0
1979-11-30;68.0;11;68.0
1979-12-01;67.0;12;67.0
1979-12-02;61.0;12;61.0
1979-12-03;58.0;12;58.0
1979-12-04;60.0;12;60.0
1979-12-05;56.0;12;56.0
1979-12-06;72.0;12;72.0
1979-12-07;113.0;12;113.0
1979-12-08;151.0;12;151.0
1979-12-09;91.0;12;91.0
1979-12-10;75.0;12;75.0
1979-12-11;62.0;12;62.0
1979-12-12;64.0;12;64.0
1979-12-13;44.0;12;44.0
1979-12-14;58.0;12;58.0
1979-12-15;40.0;12;40.0
1979-12-16;58.0;12;58.0
1979-12-17;46.0;12;46.0
1979-12-18;61.0;12;61.0
1979-12-19;46.0;12;46.0
1979-12-20;90.0;12;90.0
1979-12-21;102.0;12;102.0
1979-12-22;113.0;12;113.0
1979-12-23;93.0;12;93.0
1979-12-24;90.0;12;90.0
1979-12-25;70.0;12;70.0
1979-12-26;68.0;12;68.0
1979-12-27;64.0;12;64.0
1979-12-28;55.0;12;55.0
1979-12-29;59.0;12;59.0
1979-12-30;55.0;12;55.0
1979-12-31;59.0;12;59.0
1980-01-01;72.0;1;72.0
1980-01-02;130.0;1;130.0
1980-01-03;60.0;1;60.0
1980-01-04;102.0;1;102.0
1980-01-05;71.0;1;71.0
1980-01-06;57.0;1;57.0
1980-01-07;50.0;1;50.0
1980-01-08;46.0;1;46.0
1980-01-09;43.0;1;43.0
1980-01-10;42.0;1;42.0
1980-01-11;42.0;1;42.0
1980-01-12;44.0;1;44.0
1980-01-13;43.0;1;43.0
1980-01-14;40.0;1;40.0
1980-01-15;39.0;1;39.0
1980-01-16;48.0;1;48.0
1980-01-17;53.0;1;53.0
1980-01-18;46.0;1;46.0
1980-01-19;95.0;1;95.0
1980-01-20;71.0;1;71.0
1980-01-21;51.0;1;51.0
1980-01-22;46.0;1;46.0
1980-01-23;79.0;1;79.0
1980-01-24;81.0;1;81.0
1980-01-25;64.0;1;64.0
1980-01-26;50.0;1;50.0
1980-01-27;44.0;1;44.0
1980-01-28;42.0;1;42.0
1980-01-29;39.0;1;39.0
1980-01-30;39.0;1;39.0
1980-01-31;53.0;1;53.0
1980-02-01;60.0;2;60.0
1980-02-02;65.0;2;65.0
1980-02-03;68.0;2;68.0
1980-02-04;84.0;2;84.0
1980-02-05;62.0;2;62.0
1980-02-06;52.0;2;52.0
1980-02-07;48.0;2;48.0
1980-02-08;45.0;2;45.0
1980-02-09;43.0;2;43.0
1980-02-10;40.0;2;40.0
1980-02-11;37.0;2;37.0
1980-02-12;35.0;2;35.0
1980-02-13;34.0;2;34.0
1980-02-14;33.0;2;33.0
1980-02-15;32.0;2;32.0
1980-02-16;31.0;2;31.0
1980-02-17;32.0;2;32.0
1980-02-18;33.0;2;33.0
1980-02-19;48.0;2;48.0
1980-02-20;64.0;2;64.0
1980-02-21;89.0;2;89.0
1980-02-22;55.0;2;55.0
1980-02-23;44.0;2;44.0
1980-02-24;38.0;2;38.0
1980-02-25;36.0;2;36.0
1980-02-26;34.0;2;34.0
1980-02-27;39.0;2;39.0
1980-02-28;37.0;2;37.0
1980-02-29;34.0;2;34.0
1980-03-01;45.0;3;45.0
1980-03-02;38.0;3;38.0
1980-03-03;34.0;3;34.0
1980-03-04;36.0;3;36.0
1980-03-05;36.0;3;36.0
1980-03-06;33.0;3;33.0
1980-03-07;32.0;3;32.0
1980-03-08;30.0;3;30.0
1980-03-09;30.0;3;30.0
1980-03-10;29.0;3;29.0
1980-03-11;29.0;3;29.0
1980-03-12;29.0;3;29.0
1980-03-13;29.0;3;29.0
1980-03-14;30.0;3;30.0
1980-03-15;30.0;3;30.0
1980-03-16;29.0;3;29.0
1980-03-17;29.0;3;29.0
1980-03-18;28.0;3;28.0
1980-03-19;30.0;3;30.0
1980-03-20;33.0;3;33.0
1980-03-21;29.0;3;29.0
1980-03-22;28.0;3;28.0
1980-03-23;27.0;3;27.0
1980-03-24;27.0;3;27.0
1980-03-25;41.0;3;41.0
1980-03-26;55.0;3;55.0
1980-03-27;46.0;3;46.0
1980-03-28;50.0;3;50.0
1980-03-29;51.0;3;51.0
1980-03-30;94.0;3;94.0
1980-03-31;72.0;3;72.0
1980-04-01;45.0;4;45.0
1980-04-02;67.0;4;67.0
1980-04-03;47.0;4;47.0
1980-04-04;43.0;4;43.0
1980-04-05;51.0;4;51.0
1980-04-06;37.0;4;37.0
1980-04-07;37.0;4;37.0
1980-04-08;35.0;4;35.0
1980-04-09;40.0;4;40.0
1980-04-10;74.0;4;74.0
1980-04-11;70.0;4;70.0
1980-04-12;57.0;4;57.0
1980-04-13;71.0;4;71.0
1980-04-14;47.0;4;47.0
1980-04-15;52.0;4;52.0
1980-04-16;51.0;4;51.0
1980-04-17;61.0;4;61.0
1980-04-18;63.0;4;63.0
1980-04-19;62.0;4;62.0
1980-04-20;75.0;4;75.0
1980-04-21;82.0;4;82.0
1980-04-22;60.0;4;60.0
1980-04-23;52.0;4;52.0
1980-04-24;68.0;4;68.0
1980-04-25;84.0;4;84.0
1980-04-26;132.0;4;132.0
1980-04-27;109.0;4;109.0
1980-04-28;73.0;4;73.0
1980-04-29;64.0;4;64.0
1980-04-30;59.0;4;59.0
1980-05-01;103.0;5;103.0
1980-05-02;119.0;5;119.0
1980-05-03;82.0;5;82.0
1980-05-04;129.0;5;129.0
1980-05-05;105.0;5;105.0
1980-05-06;142.0;5;142.0
1980-05-07;134.0;5;134.0
1980-05-08;114.0;5;114.0
1980-05-09;96.0;5;96.0
1980-05-10;90.0;5;90.0
1980-05-11;77.0;5;77.0
1980-05-12;85.0;5;85.0
1980-05-13;72.0;5;72.0
1980-05-14;63.0;5;63.0
1980-05-15;77.0;5;77.0
1980-05-16;98.0;5;98.0
1980-05-17;99.0;5;99.0
1980-05-18;157.0;5;157.0
1980-05-19;121.0;5;121.0
1980-05-20;84.0;5;84.0
1980-05-21;77.0;5;77.0
1980-05-22;81.0;5;81.0
1980-05-23;97.0;5;97.0
1980-05-24;82.0;5;82.0
1980-05-25;79.0;5;79.0
1980-05-26;95.0;5;95.0
1980-05-27;106.0;5;106.0
1980-05-28;95.0;5;95.0
1980-05-29;64.0;5;64.0
1980-05-30;91.0;5;91.0
1980-05-31;58.0;5;58.0
1980-06-01;64.0;6;64.0
1980-06-02;159.0;6;159.0
1980-06-03;100.0;6;100.0
1980-06-04;106.0;6;106.0
1980-06-05;125.0;6;125.0
1980-06-06;143.0;6;143.0
1980-06-07;166.0;6;166.0
1980-06-08;174.0;6;174.0
1980-06-09;139.0;6;139.0
1980-06-10;245.0;6;245.0
1980-06-11;245.0;6;245.0
1980-06-12;195.0;6;195.0
1980-06-13;288.0;6;288.0
1980-06-14;114.0;6;114.0
1980-06-15;116.0;6;116.0
1980-06-16;97.0;6;97.0
1980-06-17;157.0;6;157.0
1980-06-18;107.0;6;107.0
1980-06-19;92.0;6;92.0
1980-06-20;162.0;6;162.0
1980-06-21;114.0;6;114.0
1980-06-22;116.0;6;116.0
1980-06-23;77.0;6;77.0
1980-06-24;68.0;6;68.0
1980-06-25;62.0;6;62.0
1980-06-26;77.0;6;77.0
1980-06-27;110.0;6;110.0
1980-06-28;94.0;6;94.0
1980-06-29;133.0;6;133.0
1980-06-30;184.0;6;184.0
1980-07-01;139.0;7;139.0
1980-07-02;101.0;7;101.0
1980-07-03;109.0;7;109.0
1980-07-04;92.0;7;92.0
1980-07-05;275.0;7;275.0
1980-07-06;225.0;7;225.0
1980-07-07;120.0;7;120.0
1980-07-08;92.0;7;92.0
1980-07-09;87.0;7;87.0
1980-07-10;81.0;7;81.0
1980-07-11;98.0;7;98.0
1980-07-12;81.0;7;81.0
1980-07-13;134.0;7;134.0
1980-07-14;98.0;7;98.0
1980-07-15;103.0;7;103.0
1980-07-16;99.0;7;99.0
1980-07-17;97.0;7;97.0
1980-07-18;94.0;7;94.0
1980-07-19;74.0;7;74.0
1980-07-20;104.0;7;104.0
1980-07-21;214.0;7;214.0
1980-07-22;154.0;7;154.0
1980-07-23;119.0;7;119.0
1980-07-24;99.0;7;99.0
1980-07-25;76.0;7;76.0
1980-07-26;60.0;7;60.0
1980-07-27;54.0;7;54.0
1980-07-28;69.0;7;69.0
1980-07-29;53.0;7;53.0
1980-07-30;45.0;7;45.0
1980-07-31;59.0;7;59.0
1980-08-01;98.0;8;98.0
1980-08-02;68.0;8;68.0
1980-08-03;50.0;8;50.0
1980-08-04;47.0;8;47.0
1980-08-05;52.0;8;52.0
1980-08-06;57.0;8;57.0
1980-08-07;50.0;8;50.0
1980-08-08;45.0;8;45.0
1980-08-09;40.0;8;40.0
1980-08-10;37.0;8;37.0
1980-08-11;34.0;8;34.0
1980-08-12;32.0;8;32.0
1980-08-13;31.0;8;31.0
1980-08-14;31.0;8;31.0
1980-08-15;36.0;8;36.0
1980-08-16;58.0;8;58.0
1980-08-17;41.0;8;41.0
1980-08-18;35.0;8;35.0
1980-08-19;40.0;8;40.0
1980-08-20;40.0;8;40.0
1980-08-21;57.0;8;57.0
1980-08-22;36.0;8;36.0
1980-08-23;74.0;8;74.0
1980-08-24;72.0;8;72.0
1980-08-25;44.0;8;44.0
1980-08-26;36.0;8;36.0
1980-08-27;80.0;8;80.0
1980-08-28;112.0;8;112.0
1980-08-29;83.0;8;83.0
1980-08-30;64.0;8;64.0
1980-08-31;44.0;8;44.0
1980-09-01;40.0;9;40.0
1980-09-02;42.0;9;42.0
1980-09-03;36.0;9;36.0
1980-09-04;33.0;9;33.0
1980-09-05;40.0;9;40.0
1980-09-06;62.0;9;62.0
1980-09-07;50.0;9;50.0
1980-09-08;50.0;9;50.0
1980-09-09;122.0;9;122.0
1980-09-10;106.0;9;106.0
1980-09-11;80.0;9;80.0
1980-09-12;56.0;9;56.0
1980-09-13;65.0;9;65.0
1980-09-14;44.0;9;44.0
1980-09-15;37.0;9;37.0
1980-09-16;40.0;9;40.0
1980-09-17;56.0;9;56.0
1980-09-18;58.0;9;58.0
1980-09-19;49.0;9;49.0
1980-09-20;63.0;9;63.0
1980-09-21;42.0;9;42.0
1980-09-22;75.0;9;75.0
1980-09-23;51.0;9;51.0
1980-09-24;44.0;9;44.0
1980-09-25;39.0;9;39.0
1980-09-26;49.0;9;49.0
1980-09-27;36.0;9;36.0
1980-09-28;35.0;9;35.0
1980-09-29;36.0;9;36.0
1980-09-30;39.0;9;39.0
1980-10-01;42.0;10;42.0
1980-10-02;36.0;10;36.0
1980-10-03;32.0;10;32.0
1980-10-04;31.0;10;31.0
1980-10-05;37.0;10;37.0
1980-10-06;126.0;10;126.0
1980-10-07;105.0;10;105.0
1980-10-08;133.0;10;133.0
1980-10-09;125.0;10;125.0
1980-10-10;108.0;10;108.0
1980-10-11;55.0;10;55.0
1980-10-12;50.0;10;50.0
1980-10-13;57.0;10;57.0
1980-10-14;44.0;10;44.0
1980-10-15;46.0;10;46.0
1980-10-16;43.0;10;43.0
1980-10-17;44.0;10;44.0
1980-10-18;41.0;10;41.0
1980-10-19;63.0;10;63.0
1980-10-20;61.0;10;61.0
1980-10-21;53.0;10;53.0
1980-10-22;45.0;10;45.0
1980-10-23;41.0;10;41.0
1980-10-24;51.0;10;51.0
1980-10-25;42.0;10;42.0
1980-10-26;37.0;10;37.0
1980-10-27;58.0;10;58.0
1980-10-28;53.0;10;53.0
1980-10-29;55.0;10;55.0
1980-10-30;41.0;10;41.0
1980-10-31;41.0;10;41.0
1980-11-01;40.0;11;40.0
1980-11-02;36.0;11;36.0
1980-11-03;42.0;11;42.0
1980-11-04;143.0;11;143.0
1980-11-05;77.0;11;77.0
1980-11-06;107.0;11;107.0
1980-11-07;62.0;11;62.0
1980-11-08;49.0;11;49.0
1980-11-09;68.0;11;68.0
1980-11-10;39.0;11;39.0
1980-11-11;35.0;11;35.0
1980-11-12;31.0;11;31.0
1980-11-13;46.0;11;46.0
1980-11-14;41.0;11;41.0
1980-11-15;45.0;11;45.0
1980-11-16;45.0;11;45.0
1980-11-17;53.0;11;53.0
1980-11-18;47.0;11;47.0
1980-11-19;49.0;11;49.0
1980-11-20;53.0;11;53.0
1980-11-21;43.0;11;43.0
1980-11-22;42.0;11;42.0
1980-11-23;38.0;11;38.0
1980-11-24;37.0;11;37.0
1980-11-25;50.0;11;50.0
1980-11-26;68.0;11;68.0
1980-11-27;50.0;11;50.0
1980-11-28;39.0;11;39.0
1980-11-29;35.0;11;35.0
1980-11-30;40.0;11;40.0
1980-12-01;55.0;12;55.0
1980-12-02;53.0;12;53.0
1980-12-03;34.0;12;34.0
1980-12-04;33.0;12;33.0
1980-12-05;33.0;12;33.0
1980-12-06;35.0;12;35.0
1980-12-07;45.0;12;45.0
1980-12-08;38.0;12;38.0
1980-12-09;65.0;12;65.0
1980-12-10;47.0;12;47.0
1980-12-11;34.0;12;34.0
1980-12-12;31.0;12;31.0
1980-12-13;28.0;12;28.0
1980-12-14;28.0;12;28.0
1980-12-15;32.0;12;32.0
1980-12-16;30.0;12;30.0
1980-12-17;28.0;12;28.0
1980-12-18;28.0;12;28.0
1980-12-19;30.0;12;30.0
1980-12-20;30.0;12;30.0
1980-12-21;29.0;12;29.0
1980-12-22;28.0;12;28.0
1980-12-23;33.0;12;33.0
1980-12-24;33.0;12;33.0
1980-12-25;32.0;12;32.0
1980-12-26;50.0;12;50.0
1980-12-27;59.0;12;59.0
1980-12-28;165.0;12;165.0
1980-12-29;124.0;12;124.0
1980-12-30;73.0;12;73.0
1980-12-31;117.0;12;117.0
1981-01-01;-999.000;1;72.0
1981-01-02;-999.000;1;34.0
1981-01-03;-999.000;1;100.0
1981-01-04;-999.000;1;83.0
1981-01-05;-999.000;1;10.0
1981-01-06;-999.000;1;35.0
1981-01-07;-999.000;1;16.0
1981-01-08;-999.000;1;64.0
1981-01-09;-999.000;1;14.0
1981-01-10;-999.000;1;8.0
1981-01-11;-999.000;1;23.0
1981-01-12;-999.000;1;7.0
1981-01-13;-999.000;1;16.0
1981-01-14;-999.000;1;12.0
1981-01-15;-999.000;1;23.0
1981-01-16;-999.000;1;27.0
1981-01-17;-999.000;1;27.0
1981-01-18;-999.000;1;29.0
1981-01-19;-999.000;1;28.0
1981-01-20;-999.000;1;15.0
1981-01-21;-999.000;1;13.0
1981-01-22;-999.000;1;34.0
1981-01-23;-999.000;1;15.0
1981-01-24;-999.000;1;15.0
1981-01-25;-999.000;1;8.0
1981-01-26;-999.000;1;29.0
1981-01-27;-999.000;1;57.0
1981-01-28;-999.000;1;7.0
1981-01-29;-999.000;1;8.0
1981-01-30;-999.000;1;102.0
1981-01-31;-999.000;1;38.0
1981-02-01;-999.000;2;36.0
1981-02-02;-999.000;2;35.0
1981-02-03;-999.000;2;37.0
1981-02-04;-999.000;2;48.0
1981-02-05;-999.000;2;20.0
1981-02-06;-999.000;2;68.0
1981-02-07;-999.000;2;10.0
1981-02-08;-999.000;2;55.0
1981-02-09;-999.000;2;106.0
1981-02-10;-999.000;2;12.0
1981-02-11;-999.000;2;41.0
1981-02-12;-999.000;2;7.0
1981-02-13;-999.000;2;41.0
1981-02-14;-999.000;2;28.0
1981-02-15;-999.000;2;44.0
1981-02-16;-999.000;2;115.0
1981-02-17;-999.000;2;52.0
1981-02-18;-999.000;2;7.0
1981-02-19;-999.000;2;4.0
1981-02-20;-999.000;2;6.0
1981-02-21;-999.000;2;20.0
1981-02-22;-999.000;2;35.0
1981-02-23;-999.000;2;60.0
1981-02-24;-999.000;2;64.0
1981-02-25;-999.000;2;35.0
1981-02-26;-999.000;2;16.0
1981-02-27;-999.000;2;16.0
1981-02-28;-999.000;2;54.0
1981-03-01;-999.000;3;20.0
1981-03-02;-999.000;3;92.0
1981-03-03;-999.000;3;20.0
1981-03-04;-999.000;3;83.0
1981-03-05;-999.000;3;122.0
1981-03-06;-999.000;3;40.0
1981-03-07;-999.000;3;17.0
1981-03-08;-999.000;3;13.0
1981-03-09;-999.000;3;19.0
1981-03-10;-999.000;3;84.0
1981-03-11;-999.000;3;32.0
1981-03-12;-999.000;3;56.0
1981-03-13;-999.000;3;31.0
1981-03-14;-999.000;3;25.0
1981-03-15;-999.000;3;40.0
1981-03-16;-999.000;3;86.0
1981-03-17;-999.000;3;69.0
1981-03-18;-999.000;3;33.0
1981-03-19;-999.000;3;17.0
1981-03-20;-999.000;3;111.0
1981-03-21;-999.000;3;78.0
1981-03-22;-999.000;3;14.0
1981-03-23;-999.000;3;27.0
1981-03-24;-999.000;3;92.0
1981-03-25;-999.000;3;16.0
1981-03-26;-999.000;3;27.0
1981-03-27;-999.000;3;46.0
1981-03-28;-999.000;3;28.0
1981-03-29;-999.000;3;55.0
1981-03-30;-999.000;3;26.0
1981-03-31;-999.000;3;104.0
1981-04-01;-999.000;4;89.0
1981-04-02;-999.000;4;47.0
1981-04-03;-999.000;4;50.0
1981-04-04;-999.000;4;75.0
1981-04-05;-999.000;4;74.0
1981-04-06;-999.000;4;73.0
1981-04-07;-999.000;4;92.0
1981-04-08;-999.000;4;43.0
1981-04-09;-999.000;4;105.0
1981-04-10;-999.000;4;78.0
1981-04-11;-999.000;4;66.0
1981-04-12;-999.000;4;81.0
1981-04-13;-999.000;4;85.0
1981-04-14;-999.000;4;66.0
1981-04-15;-999.000;4;66.0
1981-04-16;-999.000;4;38.0
1981-04-17;-999.000;4;281.0
1981-04-18;-999.000;4;52.0
1981-04-19;-999.000;4;66.0
1981-04-20;-999.000;4;19.0
1981-04-21;-999.000;4;105.0
1981-04-22;-999.000;4;75.0
1981-04-23;-999.000;4;59.0
1981-04-24;-999.000;4;53.0
1981-04-25;-999.000;4;112.0
1981-04-26;-999.000;4;71.0
1981-04-27;-999.000;4;55.0
1981-04-28;-999.000;4;58.0
1981-04-29;-999.000;4;29.0
1981-04-30;-999.000;4;73.0
1981-05-01;-999.000;5;57.0
1981-05-02;-999.000;5;120.0
1981-05-03;-999.000;5;45.0
1981-05-04;-999.000;5;105.0
1981-05-05;-999.000;5;41.0
1981-05-06;-999.000;5;73.0
1981-05-07;-999.000;5;47.0
1981-05-08;-999.000;5;199.0
1981-05-09;-999.000;5;226.0
1981-05-10;-999.000;5;112.0
1981-05-11;-999.000;5;51.0
1981-05-12;-999.000;5;47.0
1981-05-13;-999.000;5;84.0
1981-05-14;-999.000;5;254.0
1981-05-15;-999.000;5;85.0
1981-05-16;-999.000;5;201.0
1981-05-17;-999.000;5;115.0
1981-05-18;-999.000;5;143.0
1981-05-19;-999.000;5;77.0
1981-05-20;-999.000;5;82.0
1981-05-21;-999.000;5;50.0
1981-05-22;-999.000;5;63.0
1981-05-23;-999.000;5;82.0
1981-05-24;-999.000;5;75.0
1981-05-25;-999.000;5;72.0
1981-05-26;-999.000;5;99.0
1981-05-27;-999.000;5;194.0
1981-05-28;-999.000;5;157.0
1981-05-29;-999.000;5;91.0
1981-05-30;-999.000;5;167.0
1981-05-31;-999.000;5;103.0
1981-06-01;-999.000;6;83.0
1981-06-02;-999.000;6;187.0
1981-06-03;-999.000;6;145.0
1981-06-04;-999.000;6;136.0
1981-06-05;-999.000;6;91.0
1981-06-06;-999.000;6;86.0
1981-06-07;-999.000;6;113.0
1981-06-08;-999.000;6;86.0
1981-06-09;-999.000;6;157.0
1981-06-10;-999.000;6;55.0
1981-06-11;-999.000;6;85.0
1981-06-12;-999.000;6;58.0
1981-06-13;-999.000;6;191.0
1981-06-14;-999.000;6;54.0
1981-06-15;-999.000;6;206.0
1981-06-16;-999.000;6;156.0
1981-06-17;-999.000;6;116.0
1981-06-18;-999.000;6;157.0
1981-06-19;-999.000;6;187.0
1981-06-20;-999.000;6;116.0
1981-06-21;-999.000;6;102.0
1981-06-22;-999.000;6;73.0
1981-06-23;-999.000;6;53.0
1981-06-24;-999.000;6;99.0
1981-06-25;-999.000;6;85.0
1981-06-26;-999.000;6;181.0
1981-06-27;-999.000;6;95.0
1981-06-28;-999.000;6;48.0
1981-06-29;-999.000;6;126.0
1981-06-30;-999.000;6;108.0
1981-07-01;-999.000;7;88.0
1981-07-02;-999.000;7;95.0
1981-07-03;-999.000;7;67.0
1981-07-04;-999.000;7;143.0
1981-07-05;-999.000;7;89.0
1981-07-06;-999.000;7;66.0
1981-07-07;-999.000;7;81.0
1981-07-08;-999.000;7;73.0
1981-07-09;-999.000;7;250.0
1981-07-10;-999.000;7;80.0
1981-07-11;-999.000;7;66.0
1981-07-12;-999.000;7;26.0
1981-07-13;-999.000;7;103.0
1981-07-14;-999.000;7;80.0
1981-07-15;-999.000;7;53.0
1981-07-16;-999.000;7;68.0
1981-07-17;-999.000;7;53.0
1981-07-18;-999.000;7;97.0
1981-07-19;-999.000;7;85.0
1981-07-20;-999.000;7;65.0
1981-07-21;-999.000;7;71.0
1981-07-22;-999.000;7;98.0
1981-07-23;-999.000;7;87.0
1981-07-24;-999.000;7;35.0
1981-07-25;-999.000;7;296.0
1981-07-26;-999.000;7;53.0
1981-07-27;-999.000;7;57.0
1981-07-28;-999.000;7;51.0
1981-07-29;-999.000;7;53.0
1981-07-30;-999.000;7;98.0
1981-07-31;-999.000;7;95.0
1981-08-01;-999.000;8;50.0
1981-08-02;-999.000;8;69.0
1981-08-03;-999.000;8;51.0
1981-08-04;-999.000;8;34.0
1981-08-05;-999.000;8;60.0
1981-08-06;-999.000;8;61.0
1981-08-07;-999.000;8;164.0
1981-08-08;-999.000;8;37.0
1981-08-09;-999.000;8;37.0
1981-08-10;-999.000;8;42.0
1981-08-11;-999.000;8;41.0
1981-08-12;-999.000;8;31.0
1981-08-13;-999.000;8;38.0
1981-08-14;-999.000;8;97.0
1981-08-15;-999.000;8;61.0
1981-08-16;-999.000;8;47.0
1981-08-17;-999.000;8;67.0
1981-08-18;-999.000;8;75.0
1981-08-19;-999.000;8;101.0
1981-08-20;-999.000;8;62.0
1981-08-21;-999.000;8;96.0
1981-08-22;-999.000;8;57.0
1981-08-23;-999.000;8;87.0
1981-08-24;-999.000;8;34.0
1981-08-25;-999.000;8;39.0
1981-08-26;-999.000;8;66.0
1981-08-27;-999.000;8;92.0
1981-08-28;-999.000;8;66.0
1981-08-29;-999.000;8;44.0
1981-08-30;-999.000;8;42.0
1981-08-31;-999.000;8;109.0
1981-09-01;-999.000;9;50.0
1981-09-02;-999.000;9;82.0
1981-09-03;-999.000;9;111.0
1981-09-04;-999.000;9;33.0
1981-09-05;-999.000;9;58.0
1981-09-06;-999.000;9;31.0
1981-09-07;-999.000;9;137.0
1981-09-08;-999.000;9;180.0
1981-09-09;-999.000;9;49.0
1981-09-10;-999.000;9;130.0
1981-09-11;-999.000;9;44.0
1981-09-12;-999.000;9;178.0
1981-09-13;-999.000;9;47.0
1981-09-14;-999.000;9;63.0
1981-09-15;-999.000;9;41.0
1981-09-16;-999.000;9;70.0
1981-09-17;-999.000;9;34.0
1981-09-18;-999.000;9;44.0
1981-09-19;-999.000;9;114.0
1981-09-20;-999.000;9;39.0
1981-09-21;-999.000;9;69.0
1981-09-22;-999.000;9;36.0
1981-09-23;-999.000;9;47.0
1981-09-24;-999.000;9;27.0
1981-09-25;-999.000;9;242.0
1981-09-26;-999.000;9;52.0
1981-09-27;-999.000;9;152.0
1981-09-28;-999.000;9;68.0
1981-09-29;-999.000;9;47.0
1981-09-30;-999.000;9;108.0
1981-10-01;-999.000;10;88.0
1981-10-02;-999.000;10;77.0
1981-10-03;-999.000;10;137.0
1981-10-04;-999.000;10;104.0
1981-10-05;-999.000;10;100.0
1981-10-06;-999.000;10;43.0
1981-10-07;-999.000;10;37.0
1981-10-08;-999.000;10;46.0
1981-10-09;-999.000;10;106.0
1981-10-10;-999.000;10;38.0
1981-10-11;-999.000;10;204.0
1981-10-12;-999.000;10;33.0
1981-10-13;-999.000;10;53.0
1981-10-14;-999.000;10;125.0
1981-10-15;-999.000;10;72.0
1981-10-16;-999.000;10;85.0
1981-10-17;-999.000;10;229.0
1981-10-18;-999.000;10;85.0
1981-10-19;-999.000;10;59.0
1981-10-20;-999.000;10;55.0
1981-10-21;-999.000;10;57.0
1981-10-22;-999.000;10;54.0
1981-10-23;-999.000;10;56.0
1981-10-24;-999.000;10;136.0
1981-10-25;-999.000;10;37.0
1981-10-26;-999.000;10;122.0
1981-10-27;-999.000;10;113.0
1981-10-28;-999.000;10;88.0
1981-10-29;-999.000;10;204.0
1981-10-30;-999.000;10;74.0
1981-10-31;-999.000;10;35.0
1981-11-01;-999.000;11;88.0
1981-11-02;-999.000;11;45.0
1981-11-03;-999.000;11;66.0
1981-11-04;-999.000;11;32.0
1981-11-05;-999.000;11;116.0
1981-11-06;-999.000;11;110.0
1981-11-07;-999.000;11;348.0
1981-11-08;-999.000;11;64.0
1981-11-09;-999.000;11;45.0
1981-11-10;-999.000;11;54.0
1981-11-11;-999.000;11;49.0
1981-11-12;-999.000;11;35.0
1981-11-13;-999.000;11;143.0
1981-11-14;-999.000;11;52.0
1981-11-15;-999.000;11;69.0
1981-11-16;-999.000;11;41.0
1981-11-17;-999.000;11;65.0
1981-11-18;-999.000;11;46.0
1981-11-19;-999.000;11;143.0
1981-11-20;-999.000;11;33.0
1981-11-21;-999.000;11;44.0
1981-11-22;-999.000;11;54.0
1981-11-23;-999.000;11;70.0
1981-11-24;-999.000;11;39.0
1981-11-25;-999.000;11;37.0
1981-11-26;-999.000;11;108.0
1981-11-27;-999.000;11;24.0
1981-11-28;-999.000;11;45.0
1981-11-29;-999.000;11;41.0
1981-11-30;-999.000;11;45.0
1981-12-01;-999.000;12;46.0
1981-12-02;-999.000;12;28.0
1981-12-03;-999.000;12;55.0
1981-12-04;-999.000;12;15.0
1981-12-05;-999.000;12;33.0
1981-12-06;-999.000;12;35.0
1981-12-07;-999.000;12;20.0
1981-12-08;-999.000;12;33.0
1981-12-09;-999.000;12;27.0
1981-12-10;-999.000;12;99.0
1981-12-11;-999.000;12;69.0
1981-12-12;-999.000;12;20.0
1981-12-13;-999.000;12;24.0
1981-12-14;-999.000;12;13.0
1981-12-15;-999.000;12;73.0
1981-12-16;-999.000;12;34.0
1981-12-17;-999.000;12;39.0
1981-12-18;-999.000;12;34.0
1981-12-19;-999.000;12;34.0
1981-12-20;-999.000;12;46.0
1981-12-21;-999.000;12;20.0
1981-12-22;-999.000;12;25.0
1981-12-23;-999.000;12;63.0
1981-12-24;-999.000;12;141.0
1981-12-25;-999.000;12;77.0
1981-12-26;-999.000;12;26.0
1981-12-27;-999.000;12;21.0
1981-12-28;-999.000;12;68.0
1981-12-29;-999.000;12;58.0
1981-12-30;-999.000;12;28.0
1981-12-31;-999.000;12;34.0
1982-01-01;-999.000;1;26.0
1982-01-02;-999.000;1;24.0
1982-01-03;-999.000;1;58.0
1982-01-04;-999.000;1;52.0
1982-01-05;-999.000;1;43.0
1982-01-06;-999.000;1;37.0
1982-01-07;-999.000;1;35.0
1982-01-08;-999.000;1;17.0
1982-01-09;-999.000;1;9.0
1982-01-10;-999.000;1;16.0
1982-01-11;-999.000;1;166.0
1982-01-12;-999.000;1;7.0
1982-01-13;-999.000;1;16.0
1982-01-14;-999.000;1;6.0
1982-01-15;-999.000;1;60.0
1982-01-16;-999.000;1;85.0
1982-01-17;-999.000;1;53.0
1982-01-18;-999.000;1;37.0
1982-01-19;-999.000;1;19.0
1982-01-20;-999.000;1;46.0
1982-01-21;-999.000;1;73.0
1982-01-22;-999.000;1;22.0
1982-01-23;-999.000;1;8.0
1982-01-24;-999.000;1;64.0
1982-01-25;-999.000;1;7.0
1982-01-26;-999.000;1;75.0
1982-01-27;-999.000;1;19.0
1982-01-28;-999.000;1;22.0
1982-01-29;-999.000;1;15.0
1982-01-30;-999.000;1;24.0
1982-01-31;-999.000;1;64.0
1982-02-01;-999.000;2;115.0
1982-02-02;-999.000;2;19.0
1982-02-03;-999.000;2;111.0
1982-02-04;-999.000;2;16.0
1982-02-05;-999.000;2;33.0
1982-02-06;-999.000;2;37.0
1982-02-07;-999.000;2;32.0
1982-02-08;-999.000;2;45.0
1982-02-09;-999.000;2;43.0
1982-02-10;-999.000;2;37.0
1982-02-11;-999.000;2;89.0
1982-02-12;-999.000;2;14.0
1982-02-13;-999.000;2;41.0
1982-02-14;-999.000;2;23.0
1982-02-15;-999.000;2;88.0
1982-02-16;-999.000;2;26.0
1982-02-17;-999.000;2;12.0
1982-02-18;-999.000;2;146.0
1982-02-19;-999.000;2;49.0
1982-02-20;-999.000;2;26.0
1982-02-21;-999.000;2;20.0
1982-02-22;-999.000;2;20.0
1982-02-23;-999.000;2;16.0
1982-02-24;-999.000;2;32.0
1982-02-25;-999.000;2;27.0
1982-02-26;-999.000;2;10.0
1982-02-27;-999.000;2;9.0
1982-02-28;-999.000;2;4.0
1982-03-01;-999.000;3;29.0
1982-03-02;-999.000;3;59.0
1982-03-03;-999.000;3;40.0
1982-03-04;-999.000;3;50.0
1982-03-05;-999.000;3;25.0
1982-03-06;-999.000;3;25.0
1982-03-07;-999.000;3;27.0
1982-03-08;-999.000;3;29.0
1982-03-09;-999.000;3;101.0
1982-03-10;-999.000;3;36.0
1982-03-11;-999.000;3;69.0
1982-03-12;-999.000;3;22.0
1982-03-13;-999.000;3;40.0
1982-03-14;-999.000;3;58.0
1982-03-15;-999.000;3;86.0
1982-03-16;-999.000;3;137.0
1982-03-17;-999.000;3;9.0
1982-03-18;-999.000;3;129.0
1982-03-19;-999.000;3;29.0
1982-03-20;-999.000;3;28.0
1982-03-21;-999.000;3;50.0
1982-03-22;-999.000;3;35.0
1982-03-23;-999.000;3;30.0
1982-03-24;-999.000;3;34.0
1982-03-25;-999.000;3;111.0
1982-03-26;-999.000;3;59.0
1982-03-27;-999.000;3;27.0
1982-03-28;-999.000;3;57.0
1982-03-29;-999.000;3;19.0
1982-03-30;-999.000;3;7.0
1982-03-31;-999.000;3;9.0
1982-04-01;-999.000;4;65.0
1982-04-02;-999.000;4;44.0
1982-04-03;-999.000;4;38.0
1982-04-04;-999.000;4;25.0
1982-04-05;-999.000;4;40.0
1982-04-06;-999.000;4;76.0
1982-04-07;-999.000;4;75.0
1982-04-08;-999.000;4;67.0
1982-04-09;-999.000;4;88.0
1982-04-10;-999.000;4;49.0
1982-04-11;-999.000;4;49.0
1982-04-12;-999.000;4;44.0
1982-04-13;-999.000;4;95.0
1982-04-14;-999.000;4;95.0
1982-04-15;-999.000;4;37.0
1982-04-16;-999.000;4;67.0
1982-04-17;-999.000;4;66.0
1982-04-18;-999.000;4;57.0
1982-04-19;-999.000;4;50.0
1982-04-20;-999.000;4;90.0
1982-04-21;-999.000;4;46.0
1982-04-22;-999.000;4;34.0
1982-04-23;-999.000;4;75.0
1982-04-24;-999.000;4;176.0
1982-04-25;-999.000;4;34.0
1982-04-26;-999.000;4;47.0
1982-04-27;-999.000;4;90.0
1982-04-28;-999.000;4;66.0
1982-04-29;-999.000;4;154.0
1982-04-30;-999.000;4;171.0
1982-05-01;-999.000;5;72.0
1982-05-02;-999.000;5;82.0
1982-05-03;-999.000;5;77.0
1982-05-04;-999.000;5;195.0
1982-05-05;-999.000;5;163.0
1982-05-06;-999.000;5;44.0
1982-05-07;-999.000;5;54.0
1982-05-08;-999.000;5;79.0
1982-05-09;-999.000;5;80.0
1982-05-10;-999.000;5;183.0
1982-05-11;-999.000;5;90.0
1982-05-12;-999.000;5;37.0
1982-05-13;-999.000;5;95.0
1982-05-14;-999.000;5;201.0
1982-05-15;-999.000;5;231.0
1982-05-16;-999.000;5;157.0
1982-05-17;-999.000;5;60.0
1982-05-18;-999.000;5;52.0
1982-05-19;-999.000;5;120.0
1982-05-20;-999.000;5;115.0
1982-05-21;-999.000;5;67.0
1982-05-22;-999.000;5;64.0
1982-05-23;-999.000;5;46.0
1982-05-24;-999.000;5;138.0
1982-05-25;-999.000;5;125.0
1982-05-26;-999.000;5;66.0
1982-05-27;-999.000;5;60.0
1982-05-28;-999.000;5;84.0
1982-05-29;-999.000;5;69.0
1982-05-30;-999.000;5;74.0
1982-05-31;-999.000;5;35.0
1982-06-01;-999.000;6;160.0
1982-06-02;-999.000;6;114.0
1982-06-03;-999.000;6;162.0
1982-06-04;-999.000;6;363.0
1982-06-05;-999.000;6;170.0
1982-06-06;-999.000;6;60.0
1982-06-07;-999.000;6;142.0
1982-06-08;-999.000;6;39.0
1982-06-09;-999.000;6;40.0
1982-06-10;-999.000;6;115.0
1982-06-11;-999.000;6;167.0
1982-06-12;-999.000;6;67.0
1982-06-13;-999.000;6;107.0
1982-06-14;-999.000;6;400.0
1982-06-15;-999.000;6;113.0
1982-06-16;-999.000;6;82.0
1982-06-17;-999.000;6;55.0
1982-06-18;-999.000;6;80.0
1982-06-19;-999.000;6;84.0
1982-06-20;-999.000;6;356.0
1982-06-21;-999.000;6;58.0
1982-06-22;-999.000;6;211.0
1982-06-23;-999.000;6;302.0
1982-06-24;-999.000;6;413.0
1982-06-25;-999.000;6;160.0
1982-06-26;-999.000;6;49.0
1982-06-27;-999.000;6;47.0
1982-06-28;-999.000;6;69.0
1982-06-29;-999.000;6;134.0
1982-06-30;-999.000;6;53.0
1982-07-01;-999.000;7;75.0
1982-07-02;-999.000;7;50.0
1982-07-03;-999.000;7;75.0
1982-07-04;-999.000;7;32.0
1982-07-05;-999.000;7;88.0
1982-07-06;-999.000;7;30.0
1982-07-07;-999.000;7;55.0
1982-07-08;-999.000;7;46.0
1982-07-09;-999.000;7;77.0
1982-07-10;-999.000;7;52.0
1982-07-11;-999.000;7;66.0
1982-07-12;-999.000;7;78.0
1982-07-13;-999.000;7;72.0
1982-07-14;-999.000;7;59.0
1982-07-15;-999.000;7;89.0
1982-07-16;-999.000;7;68.0
1982-07-17;-999.000;7;108.0
1982-07-18;-999.000;7;67.0
1982-07-19;-999.000;7;220.0
1982-07-20;-999.000;7;59.0
1982-07-21;-999.000;7;62.0
1982-07-22;-999.000;7;69.0
1982-07-23;-999.000;7;53.0
1982-07-24;-999.000;7;234.0
1982-07-25;-999.000;7;86.0
1982-07-26;-999.000;7;135.0
1982-07-27;-999.000;7;75.0
1982-07-28;-999.000;7;50.0
1982-07-29;-999.000;7;62.0
1982-07-30;-999.000;7;110.0
1982-07-31;-999.000;7;44.0
1982-08-01;-999.000;8;167.0
1982-08-02;-999.000;8;109.0
1982-08-03;-999.000;8;59.0
1982-08-04;-999.000;8;44.0
1982-08-05;-999.000;8;133.0
1982-08-06;-999.000;8;74.0
1982-08-07;-999.000;8;72.0
1982-08-08;-999.000;8;45.0
1982-08-09;-999.000;8;64.0
1982-08-10;-999.000;8;109.0
1982-08-11;-999.000;8;50.0
1982-08-12;-999.000;8;87.0
1982-08-13;-999.000;8;61.0
1982-08-14;-999.000;8;35.0
1982-08-15;-999.000;8;45.0
1982-08-16;-999.000;8;67.0
1982-08-17;-999.000;8;37.0
1982-08-18;-999.000;8;138.0
1982-08-19;-999.000;8;47.0
1982-08-20;-999.000;8;39.0
1982-08-21;-999.000;8;91.0
1982-08-22;-999.000;8;133.0
1982-08-23;-999.000;8;40.0
1982-08-24;-999.000;8;105.0
1982-08-25;-999.000;8;59.0
1982-08-26;-999.000;8;36.0
1982-08-27;-999.000;8;55.0
1982-08-28;-999.000;8;92.0
1982-08-29;-999.000;8;51.0
1982-08-30;-999.000;8;49.0
1982-08-31;-999.000;8;40.0
1982-09-01;-999.000;9;56.0
1982-09-02;-999.000;9;61.0
1982-09-03;-999.000;9;213.0
1982-09-04;-999.000;9;99.0
1982-09-05;-999.000;9;159.0
1982-09-06;-999.000;9;38.0
1982-09-07;-999.000;9;51.0
1982-09-08;-999.000;9;66.0
1982-09-09;-999.000;9;55.0
1982-09-10;-999.000;9;50.0
1982-09-11;-999.000;9;65.0
1982-09-12;-999.000;9;46.0
1982-09-13;-999.000;9;52.0
1982-09-14;-999.000;9;50.0
1982-09-15;-999.000;9;30.0
1982-09-16;-999.000;9;103.0
1982-09-17;-999.000;9;46.0
1982-09-18;-999.000;9;120.0
1982-09-19;-999.000;9;49.0
1982-09-20;-999.000;9;39.0
1982-09-21;-999.000;9;36.0
1982-09-22;-999.000;9;130.0
1982-09-23;-999.000;9;56.0
1982-09-24;-999.000;9;82.0
1982-09-25;-999.000;9;98.0
1982-09-26;-999.000;9;91.0
1982-09-27;-999.000;9;54.0
1982-09-28;-999.000;9;135.0
1982-09-29;-999.000;9;52.0
1982-09-30;-999.000;9;49.0
1982-10-01;-999.000;10;46.0
1982-10-02;-999.000;10;63.0
1982-10-03;-999.000;10;39.0
1982-10-04;-999.000;10;37.0
1982-10-05;-999.000;10;48.0
1982-10-06;-999.000;10;29.0
1982-10-07;-999.000;10;31.0
1982-10-08;-999.000;10;82.0
1982-10-09;-999.000;10;92.0
1982-10-10;-999.000;10;89.0
1982-10-11;-999.000;10;28.0
1982-10-12;-999.000;10;31.0
1982-10-13;-999.000;10;53.0
1982-10-14;-999.000;10;43.0
1982-10-15;-999.000;10;50.0
1982-10-16;-999.000;10;113.0
1982-10-17;-999.000;10;88.0
1982-10-18;-999.000;10;100.0
1982-10-19;-999.000;10;50.0
1982-10-20;-999.000;10;53.0
1982-10-21;-999.000;10;53.0
1982-10-22;-999.000;10;47.0
1982-10-23;-999.000;10;47.0
1982-10-24;-999.000;10;42.0
1982-10-25;-999.000;10;131.0
1982-10-26;-999.000;10;114.0
1982-10-27;-999.000;10;48.0
1982-10-28;-999.000;10;36.0
1982-10-29;-999.000;10;41.0
1982-10-30;-999.000;10;71.0
1982-10-31;-999.000;10;55.0
1982-11-01;-999.000;11;198.0
1982-11-02;-999.000;11;59.0
1982-11-03;-999.000;11;102.0
1982-11-04;-999.000;11;82.0
1982-11-05;-999.000;11;38.0
1982-11-06;-999.000;11;34.0
1982-11-07;-999.000;11;70.0
1982-11-08;-999.000;11;84.0
1982-11-09;-999.000;11;52.0
1982-11-10;-999.000;11;39.0
1982-11-11;-999.000;11;143.0
1982-11-12;-999.000;11;15.0
1982-11-13;-999.000;11;24.0
1982-11-14;-999.000;11;43.0
1982-11-15;-999.000;11;122.0
1982-11-16;-999.000;11;125.0
1982-11-17;-999.000;11;53.0
1982-11-18;-999.000;11;28.0
1982-11-19;-999.000;11;260.0
1982-11-20;-999.000;11;91.0
1982-11-21;-999.000;11;120.0
1982-11-22;-999.000;11;25.0
1982-11-23;-999.000;11;34.0
1982-11-24;-999.000;11;44.0
1982-11-25;-999.000;11;46.0
1982-11-26;-999.000;11;85.0
1982-11-27;-999.000;11;120.0
1982-11-28;-999.000;11;28.0
1982-11-29;-999.000;11;31.0
1982-11-30;-999.000;11;32.0
1982-12-01;-999.000;12;24.0
1982-12-02;-999.000;12;32.0
1982-12-03;-999.000;12;50.0
1982-12-04;-999.000;12;30.0
1982-12-05;-999.000;12;28.0
1982-12-06;-999.000;12;33.0
1982-12-07;-999.000;12;15.0
1982-12-08;-999.000;12;22.0
1982-12-09;-999.000;12;102.0
1982-12-10;-999.000;12;61.0
1982-12-11;-999.000;12;114.0
1982-12-12;-999.000;12;17.0
1982-12-13;-999.000;12;47.0
1982-12-14;-999.000;12;52.0
1982-12-15;-999.000;12;46.0
1982-12-16;-999.000;12;12.0
1982-12-17;-999.000;12;20.0
1982-12-18;-999.000;12;175.0
1982-12-19;-999.000;12;22.0
1982-12-20;-999.000;12;141.0
1982-12-21;-999.000;12;28.0
1982-12-22;-999.000;12;33.0
1982-12-23;-999.000;12;21.0
1982-12-24;-999.000;12;15.0
1982-12-25;-999.000;12;26.0
1982-12-26;-999.000;12;75.0
1982-12-27;-999.000;12;27.0
1982-12-28;-999.000;12;43.0
1982-12-29;-999.000;12;50.0
1982-12-30;-999.000;12;39.0
1982-12-31;-999.000;12;34.0
1983-01-01;73.0;1;73.0
1983-01-02;95.0;1;95.0
1983-01-03;94.0;1;94.0
1983-01-04;194.0;1;194.0
1983-01-05;166.0;1;166.0
1983-01-06;171.0;1;171.0
1983-01-07;168.0;1;168.0
1983-01-08;145.0;1;145.0
1983-01-09;93.0;1;93.0
1983-01-10;85.0;1;85.0
1983-01-11;61.0;1;61.0
1983-01-12;47.0;1;47.0
1983-01-13;42.0;1;42.0
1983-01-14;41.0;1;41.0
1983-01-15;37.0;1;37.0
1983-01-16;36.0;1;36.0
1983-01-17;35.0;1;35.0
1983-01-18;30.0;1;30.0
1983-01-19;29.0;1;29.0
1983-01-20;28.0;1;28.0
1983-01-21;27.0;1;27.0
1983-01-22;27.0;1;27.0
1983-01-23;27.0;1;27.0
1983-01-24;26.0;1;26.0
1983-01-25;26.0;1;26.0
1983-01-26;25.0;1;25.0
1983-01-27;26.0;1;26.0
1983-01-28;29.0;1;29.0
1983-01-29;26.0;1;26.0
1983-01-30;29.0;1;29.0
1983-01-31;31.0;1;31.0
1983-02-01;31.0;2;31.0
1983-02-02;28.0;2;28.0
1983-02-03;27.0;2;27.0
1983-02-04;27.0;2;27.0
1983-02-05;33.0;2;33.0
1983-02-06;34.0;2;34.0
1983-02-07;67.0;2;67.0
1983-02-08;79.0;2;79.0
1983-02-09;75.0;2;75.0
1983-02-10;52.0;2;52.0
1983-02-11;32.0;2;32.0
1983-02-12;32.0;2;32.0
1983-02-13;33.0;2;33.0
1983-02-14;40.0;2;40.0
1983-02-15;50.0;2;50.0
1983-02-16;99.0;2;99.0
1983-02-17;105.0;2;105.0
1983-02-18;88.0;2;88.0
1983-02-19;86.0;2;86.0
1983-02-20;100.0;2;100.0
1983-02-21;127.0;2;127.0
1983-02-22;109.0;2;109.0
1983-02-23;61.0;2;61.0
1983-02-24;54.0;2;54.0
1983-02-25;60.0;2;60.0
1983-02-26;52.0;2;52.0
1983-02-27;34.0;2;34.0
1983-02-28;36.0;2;36.0
1983-03-01;45.0;3;45.0
1983-03-02;44.0;3;44.0
1983-03-03;57.0;3;57.0
1983-03-04;51.0;3;51.0
1983-03-05;38.0;3;38.0
1983-03-06;32.0;3;32.0
1983-03-07;31.0;3;31.0
1983-03-08;30.0;3;30.0
1983-03-09;28.0;3;28.0
1983-03-10;26.0;3;26.0
1983-03-11;25.0;3;25.0
1983-03-12;25.0;3;25.0
1983-03-13;25.0;3;25.0
1983-03-14;24.0;3;24.0
1983-03-15;24.0;3;24.0
1983-03-16;40.0;3;40.0
1983-03-17;137.0;3;137.0
1983-03-18;56.0;3;56.0
1983-03-19;55.0;3;55.0
1983-03-20;57.0;3;57.0
1983-03-21;40.0;3;40.0
1983-03-22;52.0;3;52.0
1983-03-23;40.0;3;40.0
1983-03-24;38.0;3;38.0
1983-03-25;75.0;3;75.0
1983-03-26;52.0;3;52.0
1983-03-27;100.0;3;100.0
1983-03-28;55.0;3;55.0
1983-03-29;56.0;3;56.0
1983-03-30;48.0;3;48.0
1983-03-31;71.0;3;71.0
1983-04-01;177.0;4;177.0
1983-04-02;173.0;4;173.0
1983-04-03;137.0;4;137.0
1983-04-04;107.0;4;107.0
1983-04-05;86.0;4;86.0
1983-04-06;104.0;4;104.0
1983-04-07;126.0;4;126.0
1983-04-08;97.0;4;97.0
1983-04-09;79.0;4;79.0
1983-04-10;93.0;4;93.0
1983-04-11;85.0;4;85.0
1983-04-12;60.0;4;60.0
1983-04-13;56.0;4;56.0
1983-04-14;52.0;4;52.0
1983-04-15;76.0;4;76.0
1983-04-16;52.0;4;52.0
1983-04-17;68.0;4;68.0
1983-04-18;95.0;4;95.0
1983-04-19;143.0;4;143.0
1983-04-20;171.0;4;171.0
1983-04-21;168.0;4;168.0
1983-04-22;141.0;4;141.0
1983-04-23;186.0;4;186.0
1983-04-24;102.0;4;102.0
1983-04-25;82.0;4;82.0
1983-04-26;92.0;4;92.0
1983-04-27;104.0;4;104.0
1983-04-28;117.0;4;117.0
1983-04-29;154.0;4;154.0
1983-04-30;135.0;4;135.0
1983-05-01;211.0;5;211.0
1983-05-02;138.0;5;138.0
1983-05-03;120.0;5;120.0
1983-05-04;102.0;5;102.0
1983-05-05;90.0;5;90.0
1983-05-06;102.0;5;102.0
1983-05-07;103.0;5;103.0
1983-05-08;109.0;5;109.0
1983-05-09;88.0;5;88.0
1983-05-10;75.0;5;75.0
1983-05-11;62.0;5;62.0
1983-05-12;54.0;5;54.0
1983-05-13;57.0;5;57.0
1983-05-14;60.0;5;60.0
1983-05-15;64.0;5;64.0
1983-05-16;86.0;5;86.0
1983-05-17;120.0;5;120.0
1983-05-18;80.0;5;80.0
1983-05-19;57.0;5;57.0
1983-05-20;111.0;5;111.0
1983-05-21;111.0;5;111.0
1983-05-22;71.0;5;71.0
1983-05-23;78.0;5;78.0
1983-05-24;72.0;5;72.0
1983-05-25;58.0;5;58.0
1983-05-26;54.0;5;54.0
1983-05-27;123.0;5;123.0
1983-05-28;97.0;5;97.0
1983-05-29;146.0;5;146.0
1983-05-30;183.0;5;183.0
1983-05-31;-999.000;5;59.0
1983-06-01;234.0;6;234.0
1983-06-02;302.0;6;302.0
1983-06-03;211.0;6;211.0
1983-06-04;146.0;6;146.0
1983-06-05;134.0;6;134.0
1983-06-06;138.0;6;138.0
1983-06-07;119.0;6;119.0
1983-06-08;97.0;6;97.0
1983-06-09;82.0;6;82.0
1983-06-10;61.0;6;61.0
1983-06-11;60.0;6;60.0
1983-06-12;89.0;6;89.0
1983-06-13;115.0;6;115.0
1983-06-14;60.0;6;60.0
1983-06-15;57.0;6;57.0
1983-06-16;75.0;6;75.0
1983-06-17;69.0;6;69.0
1983-06-18;86.0;6;86.0
1983-06-19;106.0;6;106.0
1983-06-20;135.0;6;135.0
1983-06-21;96.0;6;96.0
1983-06-22;67.0;6;67.0
1983-06-23;69.0;6;69.0
1983-06-24;84.0;6;84.0
1983-06-25;75.0;6;75.0
1983-06-26;69.0;6;69.0
1983-06-27;60.0;6;60.0
1983-06-28;121.0;6;121.0
1983-06-29;113.0;6;113.0
1983-06-30;73.0;6;73.0
1983-07-01;75.0;7;75.0
1983-07-02;86.0;7;86.0
1983-07-03;89.0;7;89.0
1983-07-04;80.0;7;80.0
1983-07-05;71.0;7;71.0
1983-07-06;68.0;7;68.0
1983-07-07;109.0;7;109.0
1983-07-08;65.0;7;65.0
1983-07-09;66.0;7;66.0
1983-07-10;63.0;7;63.0
1983-07-11;93.0;7;93.0
1983-07-12;72.0;7;72.0
1983-07-13;69.0;7;69.0
1983-07-14;88.0;7;88.0
1983-07-15;69.0;7;69.0
1983-07-16;90.0;7;90.0
1983-07-17;97.0;7;97.0
1983-07-18;112.0;7;112.0
1983-07-19;143.0;7;143.0
1983-07-20;177.0;7;177.0
1983-07-21;109.0;7;109.0
1983-07-22;92.0;7;92.0
1983-07-23;90.0;7;90.0
1983-07-24;75.0;7;75.0
1983-07-25;79.0;7;79.0
1983-07-26;66.0;7;66.0
1983-07-27;56.0;7;56.0
1983-07-28;90.0;7;90.0
1983-07-29;97.0;7;97.0
1983-07-30;66.0;7;66.0
1983-07-31;93.0;7;93.0
1983-08-01;56.0;8;56.0
1983-08-02;50.0;8;50.0
1983-08-03;56.0;8;56.0
1983-08-04;66.0;8;66.0
1983-08-05;60.0;8;60.0
1983-08-06;52.0;8;52.0
1983-08-07;43.0;8;43.0
1983-08-08;86.0;8;86.0
1983-08-09;56.0;8;56.0
1983-08-10;39.0;8;39.0
1983-08-11;41.0;8;41.0
1983-08-12;49.0;8;49.0
1983-08-13;40.0;8;40.0
1983-08-14;31.0;8;31.0
1983-08-15;38.0;8;38.0
1983-08-16;55.0;8;55.0
1983-08-17;46.0;8;46.0
1983-08-18;66.0;8;66.0
1983-08-19;53.0;8;53.0
1983-08-20;38.0;8;38.0
1983-08-21;31.0;8;31.0
1983-08-22;26.0;8;26.0
1983-08-23;26.0;8;26.0
1983-08-24;32.0;8;32.0
1983-08-25;27.0;8;27.0
1983-08-26;35.0;8;35.0
1983-08-27;37.0;8;37.0
1983-08-28;42.0;8;42.0
1983-08-29;98.0;8;98.0
1983-08-30;51.0;8;51.0
1983-08-31;-999.000;8;38.0
1983-09-01;42.0;9;42.0
1983-09-02;48.0;9;48.0
1983-09-03;51.0;9;51.0
1983-09-04;56.0;9;56.0
1983-09-05;57.0;9;57.0
1983-09-06;70.0;9;70.0
1983-09-07;46.0;9;46.0
1983-09-08;61.0;9;61.0
1983-09-09;98.0;9;98.0
1983-09-10;114.0;9;114.0
1983-09-11;113.0;9;113.0
1983-09-12;76.0;9;76.0
1983-09-13;56.0;9;56.0
1983-09-14;77.0;9;77.0
1983-09-15;94.0;9;94.0
1983-09-16;53.0;9;53.0
1983-09-17;47.0;9;47.0
1983-09-18;39.0;9;39.0
1983-09-19;39.0;9;39.0
1983-09-20;99.0;9;99.0
1983-09-21;98.0;9;98.0
1983-09-22;113.0;9;113.0
1983-09-23;135.0;9;135.0
1983-09-24;181.0;9;181.0
1983-09-25;125.0;9;125.0
1983-09-26;94.0;9;94.0
1983-09-27;48.0;9;48.0
1983-09-28;48.0;9;48.0
1983-09-29;51.0;9;51.0
1983-09-30;49.0;9;49.0
1983-10-01;54.0;10;54.0
1983-10-02;56.0;10;56.0
1983-10-03;71.0;10;71.0
1983-10-04;75.0;10;75.0
1983-10-05;62.0;10;62.0
1983-10-06;51.0;10;51.0
1983-10-07;81.0;10;81.0
1983-10-08;97.0;10;97.0
1983-10-09;69.0;10;69.0
1983-10-10;47.0;10;47.0
1983-10-11;53.0;10;53.0
1983-10-12;83.0;10;83.0
1983-10-13;92.0;10;92.0
1983-10-14;86.0;10;86.0
1983-10-15;59.0;10;59.0
1983-10-16;46.0;10;46.0
1983-10-17;72.0;10;72.0
1983-10-18;53.0;10;53.0
1983-10-19;60.0;10;60.0
1983-10-20;59.0;10;59.0
1983-10-21;133.0;10;133.0
1983-10-22;92.0;10;92.0
1983-10-23;104.0;10;104.0
1983-10-24;107.0;10;107.0
1983-10-25;58.0;10;58.0
1983-10-26;80.0;10;80.0
1983-10-27;67.0;10;67.0
1983-10-28;60.0;10;60.0
1983-10-29;48.0;10;48.0
1983-10-30;49.0;10;49.0
1983-10-31;-999.000;10;41.0
1983-11-01;39.0;11;39.0
1983-11-02;44.0;11;44.0
1983-11-03;44.0;11;44.0
1983-11-04;59.0;11;59.0
1983-11-05;58.0;11;58.0
1983-11-06;52.0;11;52.0
1983-11-07;56.0;11;56.0
1983-11-08;46.0;11;46.0
1983-11-09;58.0;11;58.0
1983-11-10;53.0;11;53.0
1983-11-11;41.0;11;41.0
1983-11-12;87.0;11;87.0
1983-11-13;54.0;11;54.0
1983-11-14;37.0;11;37.0
1983-11-15;33.0;11;33.0
1983-11-16;32.0;11;32.0
1983-11-17;31.0;11;31.0
1983-11-18;43.0;11;43.0
1983-11-19;82.0;11;82.0
1983-11-20;112.0;11;112.0
1983-11-21;78.0;11;78.0
1983-11-22;69.0;11;69.0
1983-11-23;67.0;11;67.0
1983-11-24;53.0;11;53.0
1983-11-25;45.0;11;45.0
1983-11-26;42.0;11;42.0
1983-11-27;36.0;11;36.0
1983-11-28;74.0;11;74.0
1983-11-29;56.0;11;56.0
1983-11-30;52.0;11;52.0
1983-12-01;36.0;12;36.0
1983-12-02;31.0;12;31.0
1983-12-03;29.0;12;29.0
1983-12-04;58.0;12;58.0
1983-12-05;87.0;12;87.0
1983-12-06;114.0;12;114.0
1983-12-07;69.0;12;69.0
1983-12-08;50.0;12;50.0
1983-12-09;35.0;12;35.0
1983-12-10;43.0;12;43.0
1983-12-11;62.0;12;62.0
1983-12-12;47.0;12;47.0
1983-12-13;32.0;12;32.0
1983-12-14;28.0;12;28.0
1983-12-15;27.0;12;27.0
1983-12-16;26.0;12;26.0
1983-12-17;21.0;12;21.0
1983-12-18;21.0;12;21.0
1983-12-19;33.0;12;33.0
1983-12-20;32.0;12;32.0
1983-12-21;28.0;12;28.0
1983-12-22;21.0;12;21.0
1983-12-23;21.0;12;21.0
1983-12-24;18.0;12;18.0
1983-12-25;16.0;12;16.0
1983-12-26;15.0;12;15.0
1983-12-27;16.0;12;16.0
1983-12-28;16.0;12;16.0
1983-12-29;16.0;12;16.0
1983-12-30;16.0;12;16.0
1983-12-31;16.0;12;16.0
1984-01-01;16.0;1;16.0
1984-01-02;16.0;1;16.0
1984-01-03;15.0;1;15.0
1984-01-04;14.0;1;14.0
1984-01-05;13.0;1;13.0
1984-01-06;18.0;1;18.0
1984-01-07;17.0;1;17.0
1984-01-08;25.0;1;25.0
1984-01-09;20.0;1;20.0
1984-01-10;22.0;1;22.0
1984-01-11;28.0;1;28.0
1984-01-12;23.0;1;23.0
1984-01-13;16.0;1;16.0
1984-01-14;16.0;1;16.0
1984-01-15;14.0;1;14.0
1984-01-16;12.0;1;12.0
1984-01-17;11.0;1;11.0
1984-01-18;12.0;1;12.0
1984-01-19;37.0;1;37.0
1984-01-20;22.0;1;22.0
1984-01-21;31.0;1;31.0
1984-01-22;45.0;1;45.0
1984-01-23;62.0;1;62.0
1984-01-24;53.0;1;53.0
1984-01-25;56.0;1;56.0
1984-01-26;113.0;1;113.0
1984-01-27;83.0;1;83.0
1984-01-28;67.0;1;67.0
1984-01-29;-999.000;1;29.0
1984-01-30;-999.000;1;92.0
1984-01-31;-999.000;1;61.0
1984-02-01;85.0;2;85.0
1984-02-02;63.0;2;63.0
1984-02-03;49.0;2;49.0
1984-02-04;40.0;2;40.0
1984-02-05;39.0;2;39.0
1984-02-06;43.0;2;43.0
1984-02-07;37.0;2;37.0
1984-02-08;30.0;2;30.0
1984-02-09;41.0;2;41.0
1984-02-10;43.0;2;43.0
1984-02-11;45.0;2;45.0
1984-02-12;51.0;2;51.0
1984-02-13;33.0;2;33.0
1984-02-14;133.0;2;133.0
1984-02-15;99.0;2;99.0
1984-02-16;53.0;2;53.0
1984-02-17;43.0;2;43.0
1984-02-18;37.0;2;37.0
1984-02-19;32.0;2;32.0
1984-02-20;28.0;2;28.0
1984-02-21;24.0;2;24.0
1984-02-22;30.0;2;30.0
1984-02-23;32.0;2;32.0
1984-02-24;85.0;2;85.0
1984-02-25;56.0;2;56.0
1984-02-26;41.0;2;41.0
1984-02-27;79.0;2;79.0
1984-02-28;64.0;2;64.0
1984-02-29;42.0;2;42.0
1984-03-01;27.0;3;27.0
1984-03-02;25.0;3;25.0
1984-03-03;26.0;3;26.0
1984-03-04;34.0;3;34.0
1984-03-05;27.0;3;27.0
1984-03-06;28.0;3;28.0
1984-03-07;49.0;3;49.0
1984-03-08;84.0;3;84.0
1984-03-09;92.0;3;92.0
1984-03-10;149.0;3;149.0
1984-03-11;125.0;3;125.0
1984-03-12;101.0;3;101.0
1984-03-13;103.0;3;103.0
1984-03-14;343.0;3;343.0
1984-03-15;145.0;3;145.0
1984-03-16;96.0;3;96.0
1984-03-17;115.0;3;115.0
1984-03-18;112.0;3;112.0
1984-03-19;134.0;3;134.0
1984-03-20;96.0;3;96.0
1984-03-21;89.0;3;89.0
1984-03-22;206.0;3;206.0
1984-03-23;83.0;3;83.0
1984-03-24;84.0;3;84.0
1984-03-25;111.0;3;111.0
1984-03-26;143.0;3;143.0
1984-03-27;152.0;3;152.0
1984-03-28;129.0;3;129.0
1984-03-29;154.0;3;154.0
1984-03-30;188.0;3;188.0
1984-03-31;-999.000;3;188.0
1984-04-01;112.0;4;112.0
1984-04-02;122.0;4;122.0
1984-04-03;81.0;4;81.0
1984-04-04;71.0;4;71.0
1984-04-05;72.0;4;72.0
1984-04-06;66.0;4;66.0
1984-04-07;143.0;4;143.0
1984-04-08;106.0;4;106.0
1984-04-09;63.0;4;63.0
1984-04-10;66.0;4;66.0
1984-04-11;81.0;4;81.0
1984-04-12;58.0;4;58.0
1984-04-13;46.0;4;46.0
1984-04-14;53.0;4;53.0
1984-04-15;51.0;4;51.0
1984-04-16;46.0;4;46.0
1984-04-17;45.0;4;45.0
1984-04-18;102.0;4;102.0
1984-04-19;135.0;4;135.0
1984-04-20;100.0;4;100.0
1984-04-21;118.0;4;118.0
1984-04-22;122.0;4;122.0
1984-04-23;88.0;4;88.0
1984-04-24;77.0;4;77.0
1984-04-25;108.0;4;108.0
1984-04-26;71.0;4;71.0
1984-04-27;83.0;4;83.0
1984-04-28;120.0;4;120.0
1984-04-29;115.0;4;115.0
1984-04-30;95.0;4;95.0
1984-05-01;115.0;5;115.0
1984-05-02;84.0;5;84.0
1984-05-03;84.0;5;84.0
1984-05-04;64.0;5;64.0
1984-05-05;81.0;5;81.0
1984-05-06;75.0;5;75.0
1984-05-07;55.0;5;55.0
1984-05-08;109.0;5;109.0
1984-05-09;64.0;5;64.0
1984-05-10;54.0;5;54.0
1984-05-11;47.0;5;47.0
1984-05-12;46.0;5;46.0
1984-05-13;68.0;5;68.0
1984-05-14;65.0;5;65.0
1984-05-15;67.0;5;67.0
1984-05-16;75.0;5;75.0
1984-05-17;108.0;5;108.0
1984-05-18;73.0;5;73.0
1984-05-19;52.0;5;52.0
1984-05-20;76.0;5;76.0
1984-05-21;66.0;5;66.0
1984-05-22;57.0;5;57.0
1984-05-23;77.0;5;77.0
1984-05-24;69.0;5;69.0
1984-05-25;53.0;5;53.0
1984-05-26;79.0;5;79.0
1984-05-27;64.0;5;64.0
1984-05-28;52.0;5;52.0
1984-05-29;50.0;5;50.0
1984-05-30;50.0;5;50.0
1984-05-31;-999.000;5;160.0
1984-06-01;86.0;6;86.0
1984-06-02;77.0;6;77.0
1984-06-03;54.0;6;54.0
1984-06-04;68.0;6;68.0
1984-06-05;100.0;6;100.0
1984-06-06;62.0;6;62.0
1984-06-07;54.0;6;54.0
1984-06-08;65.0;6;65.0
1984-06-09;77.0;6;77.0
1984-06-10;93.0;6;93.0
1984-06-11;58.0;6;58.0
1984-06-12;68.0;6;68.0
1984-06-13;58.0;6;58.0
1984-06-14;83.0;6;83.0
1984-06-15;67.0;6;67.0
1984-06-16;55.0;6;55.0
1984-06-17;91.0;6;91.0
1984-06-18;95.0;6;95.0
1984-06-19;156.0;6;156.0
1984-06-20;190.0;6;190.0
1984-06-21;230.0;6;230.0
1984-06-22;208.0;6;208.0
1984-06-23;160.0;6;160.0
1984-06-24;162.0;6;162.0
1984-06-25;123.0;6;123.0
1984-06-26;161.0;6;161.0
1984-06-27;158.0;6;158.0
1984-06-28;138.0;6;138.0
1984-06-29;113.0;6;113.0
1984-06-30;98.0;6;98.0
1984-07-01;296.0;7;296.0
1984-07-02;233.0;7;233.0
1984-07-03;133.0;7;133.0
1984-07-04;105.0;7;105.0
1984-07-05;220.0;7;220.0
1984-07-06;126.0;7;126.0
1984-07-07;135.0;7;135.0
1984-07-08;91.0;7;91.0
1984-07-09;81.0;7;81.0
1984-07-10;100.0;7;100.0
1984-07-11;67.0;7;67.0
1984-07-12;71.0;7;71.0
1984-07-13;68.0;7;68.0
1984-07-14;55.0;7;55.0
1984-07-15;50.0;7;50.0
1984-07-16;58.0;7;58.0
1984-07-17;88.0;7;88.0
1984-07-18;75.0;7;75.0
1984-07-19;108.0;7;108.0
1984-07-20;95.0;7;95.0
1984-07-21;70.0;7;70.0
1984-07-22;110.0;7;110.0
1984-07-23;83.0;7;83.0
1984-07-24;64.0;7;64.0
1984-07-25;89.0;7;89.0
1984-07-26;76.0;7;76.0
1984-07-27;59.0;7;59.0
1984-07-28;52.0;7;52.0
1984-07-29;98.0;7;98.0
1984-07-30;67.0;7;67.0
1984-07-31;51.0;7;51.0
1984-08-01;44.0;8;44.0
1984-08-02;46.0;8;46.0
1984-08-03;56.0;8;56.0
1984-08-04;45.0;8;45.0
1984-08-05;42.0;8;42.0
1984-08-06;69.0;8;69.0
1984-08-07;69.0;8;69.0
1984-08-08;51.0;8;51.0
1984-08-09;56.0;8;56.0
1984-08-10;45.0;8;45.0
1984-08-11;42.0;8;42.0
1984-08-12;43.0;8;43.0
1984-08-13;44.0;8;44.0
1984-08-14;93.0;8;93.0
1984-08-15;74.0;8;74.0
1984-08-16;56.0;8;56.0
1984-08-17;58.0;8;58.0
1984-08-18;61.0;8;61.0
1984-08-19;51.0;8;51.0
1984-08-20;49.0;8;49.0
1984-08-21;59.0;8;59.0
1984-08-22;94.0;8;94.0
1984-08-23;75.0;8;75.0
1984-08-24;54.0;8;54.0
1984-08-25;58.0;8;58.0
1984-08-26;61.0;8;61.0
1984-08-27;45.0;8;45.0
1984-08-28;44.0;8;44.0
1984-08-29;46.0;8;46.0
1984-08-30;43.0;8;43.0
1984-08-31;-999.000;8;67.0
1984-09-01;51.0;9;51.0
1984-09-02;61.0;9;61.0
1984-09-03;52.0;9;52.0
1984-09-04;95.0;9;95.0
1984-09-05;102.0;9;102.0
1984-09-06;83.0;9;83.0
1984-09-07;54.0;9;54.0
1984-09-08;45.0;9;45.0
1984-09-09;42.0;9;42.0
1984-09-10;38.0;9;38.0
1984-09-11;45.0;9;45.0
1984-09-12;49.0;9;49.0
1984-09-13;50.0;9;50.0
1984-09-14;55.0;9;55.0
1984-09-15;52.0;9;52.0
1984-09-16;77.0;9;77.0
1984-09-17;63.0;9;63.0
1984-09-18;46.0;9;46.0
1984-09-19;40.0;9;40.0
1984-09-20;61.0;9;61.0
1984-09-21;72.0;9;72.0
1984-09-22;72.0;9;72.0
1984-09-23;56.0;9;56.0
1984-09-24;46.0;9;46.0
1984-09-25;54.0;9;54.0
1984-09-26;53.0;9;53.0
1984-09-27;69.0;9;69.0
1984-09-28;69.0;9;69.0
1984-09-29;59.0;9;59.0
1984-09-30;79.0;9;79.0
1984-10-01;75.0;10;75.0
1984-10-02;57.0;10;57.0
1984-10-03;54.0;10;54.0
1984-10-04;62.0;10;62.0
1984-10-05;47.0;10;47.0
1984-10-06;39.0;10;39.0
1984-10-07;35.0;10;35.0
1984-10-08;46.0;10;46.0
1984-10-09;33.0;10;33.0
1984-10-10;36.0;10;36.0
1984-10-11;55.0;10;55.0
1984-10-12;50.0;10;50.0
1984-10-13;37.0;10;37.0
1984-10-14;100.0;10;100.0
1984-10-15;66.0;10;66.0
1984-10-16;67.0;10;67.0
1984-10-17;50.0;10;50.0
1984-10-18;54.0;10;54.0
1984-10-19;54.0;10;54.0
1984-10-20;51.0;10;51.0
1984-10-21;50.0;10;50.0
1984-10-22;53.0;10;53.0
1984-10-23;38.0;10;38.0
1984-10-24;38.0;10;38.0
1984-10-25;38.0;10;38.0
1984-10-26;43.0;10;43.0
1984-10-27;47.0;10;47.0
1984-10-28;48.0;10;48.0
1984-10-29;67.0;10;67.0
1984-10-30;72.0;10;72.0
1984-10-31;-999.000;10;38.0
1984-11-01;88.0;11;88.0
1984-11-02;87.0;11;87.0
1984-11-03;66.0;11;66.0
1984-11-04;119.0;11;119.0
1984-11-05;93.0;11;93.0
1984-11-06;122.0;11;122.0
1984-11-07;198.0;11;198.0
1984-11-08;110.0;11;110.0
1984-11-09;91.0;11;91.0
1984-11-10;151.0;11;151.0
1984-11-11;108.0;11;108.0
1984-11-12;152.0;11;152.0
1984-11-13;118.0;11;118.0
1984-11-14;93.0;11;93.0
1984-11-15;75.0;11;75.0
1984-11-16;70.0;11;70.0
1984-11-17;64.0;11;64.0
1984-11-18;67.0;11;67.0
1984-11-19;54.0;11;54.0
1984-11-20;70.0;11;70.0
1984-11-21;96.0;11;96.0
1984-11-22;65.0;11;65.0
1984-11-23;69.0;11;69.0
1984-11-24;79.0;11;79.0
1984-11-25;60.0;11;60.0
1984-11-26;59.0;11;59.0
1984-11-27;49.0;11;49.0
1984-11-28;46.0;11;46.0
1984-11-29;46.0;11;46.0
1984-11-30;37.0;11;37.0
1984-12-01;55.0;12;55.0
1984-12-02;141.0;12;141.0
1984-12-03;99.0;12;99.0
1984-12-04;122.0;12;122.0
1984-12-05;253.0;12;253.0
1984-12-06;210.0;12;210.0
1984-12-07;159.0;12;159.0
1984-12-08;175.0;12;175.0
1984-12-09;245.0;12;245.0
1984-12-10;121.0;12;121.0
1984-12-11;97.0;12;97.0
1984-12-12;73.0;12;73.0
1984-12-13;56.0;12;56.0
1984-12-14;56.0;12;56.0
1984-12-15;45.0;12;45.0
1984-12-16;46.0;12;46.0
1984-12-17;46.0;12;46.0
1984-12-18;41.0;12;41.0
1984-12-19;53.0;12;53.0
1984-12-20;42.0;12;42.0
1984-12-21;48.0;12;48.0
1984-12-22;63.0;12;63.0
1984-12-23;51.0;12;51.0
1984-12-24;43.0;12;43.0
1984-12-25;50.0;12;50.0
1984-12-26;48.0;12;48.0
1984-12-27;47.0;12;47.0
1984-12-28;38.0;12;38.0
1984-12-29;38.0;12;38.0
1984-12-30;39.0;12;39.0
1984-12-31;32.0;12;32.0
1985-01-01;27.0;1;27.0
1985-01-02;27.0;1;27.0
1985-01-03;65.0;1;65.0
1985-01-04;45.0;1;45.0
1985-01-05;43.0;1;43.0
1985-01-06;57.0;1;57.0
1985-01-07;52.0;1;52.0
1985-01-08;54.0;1;54.0
1985-01-09;70.0;1;70.0
1985-01-10;58.0;1;58.0
1985-01-11;45.0;1;45.0
1985-01-12;34.0;1;34.0
1985-01-13;32.0;1;32.0
1985-01-14;35.0;1;35.0
1985-01-15;56.0;1;56.0
1985-01-16;63.0;1;63.0
1985-01-17;75.0;1;75.0
1985-01-18;137.0;1;137.0
1985-01-19;112.0;1;112.0
1985-01-20;75.0;1;75.0
1985-01-21;75.0;1;75.0
1985-01-22;70.0;1;70.0
1985-01-23;100.0;1;100.0
1985-01-24;125.0;1;125.0
1985-01-25;98.0;1;98.0
1985-01-26;81.0;1;81.0
1985-01-27;67.0;1;67.0
1985-01-28;47.0;1;47.0
1985-01-29;41.0;1;41.0
1985-01-30;-999.000;1;14.0
1985-01-31;-999.000;1;36.0
1985-02-01;45.0;2;45.0
1985-02-02;40.0;2;40.0
1985-02-03;41.0;2;41.0
1985-02-04;50.0;2;50.0
1985-02-05;55.0;2;55.0
1985-02-06;55.0;2;55.0
1985-02-07;43.0;2;43.0
1985-02-08;37.0;2;37.0
1985-02-09;34.0;2;34.0
1985-02-10;30.0;2;30.0
1985-02-11;27.0;2;27.0
1985-02-12;24.0;2;24.0
1985-02-13;21.0;2;21.0
1985-02-14;20.0;2;20.0
1985-02-15;20.0;2;20.0
1985-02-16;20.0;2;20.0
1985-02-17;19.0;2;19.0
1985-02-18;26.0;2;26.0
1985-02-19;37.0;2;37.0
1985-02-20;40.0;2;40.0
1985-02-21;32.0;2;32.0
1985-02-22;28.0;2;28.0
1985-02-23;33.0;2;33.0
1985-02-24;42.0;2;42.0
1985-02-25;46.0;2;46.0
1985-02-26;35.0;2;35.0
1985-02-27;29.0;2;29.0
1985-02-28;42.0;2;42.0
1985-03-01;76.0;3;76.0
1985-03-02;58.0;3;58.0
1985-03-03;51.0;3;51.0
1985-03-04;34.0;3;34.0
1985-03-05;29.0;3;29.0
1985-03-06;27.0;3;27.0
1985-03-07;25.0;3;25.0
1985-03-08;34.0;3;34.0
1985-03-09;34.0;3;34.0
1985-03-10;37.0;3;37.0
1985-03-11;37.0;3;37.0
1985-03-12;27.0;3;27.0
1985-03-13;31.0;3;31.0
1985-03-14;28.0;3;28.0
1985-03-15;44.0;3;44.0
1985-03-16;44.0;3;44.0
1985-03-17;78.0;3;78.0
1985-03-18;44.0;3;44.0
1985-03-19;36.0;3;36.0
1985-03-20;28.0;3;28.0
1985-03-21;26.0;3;26.0
1985-03-22;45.0;3;45.0
1985-03-23;38.0;3;38.0
1985-03-24;65.0;3;65.0
1985-03-25;78.0;3;78.0
1985-03-26;60.0;3;60.0
1985-03-27;85.0;3;85.0
1985-03-28;55.0;3;55.0
1985-03-29;154.0;3;154.0
1985-03-30;91.0;3;91.0
1985-03-31;-999.000;3;9.0
1985-04-01;130.0;4;130.0
1985-04-02;103.0;4;103.0
1985-04-03;184.0;4;184.0
1985-04-04;92.0;4;92.0
1985-04-05;66.0;4;66.0
1985-04-06;47.0;4;47.0
1985-04-07;40.0;4;40.0
1985-04-08;58.0;4;58.0
1985-04-09;44.0;4;44.0
1985-04-10;53.0;4;53.0
1985-04-11;76.0;4;76.0
1985-04-12;78.0;4;78.0
1985-04-13;71.0;4;71.0
1985-04-14;89.0;4;89.0
1985-04-15;102.0;4;102.0
1985-04-16;108.0;4;108.0
1985-04-17;87.0;4;87.0
1985-04-18;68.0;4;68.0
1985-04-19;75.0;4;75.0
1985-04-20;63.0;4;63.0
1985-04-21;99.0;4;99.0
1985-04-22;62.0;4;62.0
1985-04-23;74.0;4;74.0
1985-04-24;114.0;4;114.0
1985-04-25;140.0;4;140.0
1985-04-26;155.0;4;155.0
1985-04-27;161.0;4;161.0
1985-04-28;174.0;4;174.0
1985-04-29;88.0;4;88.0
1985-04-30;108.0;4;108.0
1985-05-01;249.0;5;249.0
1985-05-02;226.0;5;226.0
1985-05-03;127.0;5;127.0
1985-05-04;165.0;5;165.0
1985-05-05;118.0;5;118.0
1985-05-06;86.0;5;86.0
1985-05-07;145.0;5;145.0
1985-05-08;139.0;5;139.0
1985-05-09;148.0;5;148.0
1985-05-10;108.0;5;108.0
1985-05-11;150.0;5;150.0
1985-05-12;109.0;5;109.0
1985-05-13;182.0;5;182.0
1985-05-14;206.0;5;206.0
1985-05-15;218.0;5;218.0
1985-05-16;167.0;5;167.0
1985-05-17;151.0;5;151.0
1985-05-18;163.0;5;163.0
1985-05-19;115.0;5;115.0
1985-05-20;124.0;5;124.0
1985-05-21;86.0;5;86.0
1985-05-22;80.0;5;80.0
1985-05-23;69.0;5;69.0
1985-05-24;171.0;5;171.0
1985-05-25;104.0;5;104.0
1985-05-26;67.0;5;67.0
1985-05-27;84.0;5;84.0
1985-05-28;124.0;5;124.0
1985-05-29;137.0;5;137.0
1985-05-30;120.0;5;120.0
1985-05-31;-999.000;5;80.0
1985-06-01;191.0;6;191.0
1985-06-02;112.0;6;112.0
1985-06-03;274.0;6;274.0
1985-06-04;170.0;6;170.0
1985-06-05;181.0;6;181.0
1985-06-06;137.0;6;137.0
1985-06-07;81.0;6;81.0
1985-06-08;97.0;6;97.0
1985-06-09;104.0;6;104.0
1985-06-10;99.0;6;99.0
1985-06-11;86.0;6;86.0
1985-06-12;87.0;6;87.0
1985-06-13;134.0;6;134.0
1985-06-14;125.0;6;125.0
1985-06-15;108.0;6;108.0
1985-06-16;81.0;6;81.0
1985-06-17;81.0;6;81.0
1985-06-18;82.0;6;82.0
1985-06-19;85.0;6;85.0
1985-06-20;245.0;6;245.0
1985-06-21;140.0;6;140.0
1985-06-22;85.0;6;85.0
1985-06-23;61.0;6;61.0
1985-06-24;71.0;6;71.0
1985-06-25;217.0;6;217.0
1985-06-26;340.0;6;340.0
1985-06-27;202.0;6;202.0
1985-06-28;119.0;6;119.0
1985-06-29;151.0;6;151.0
1985-06-30;160.0;6;160.0
1985-07-01;81.0;7;81.0
1985-07-02;61.0;7;61.0
1985-07-03;60.0;7;60.0
1985-07-04;99.0;7;99.0
1985-07-05;89.0;7;89.0
1985-07-06;64.0;7;64.0
1985-07-07;48.0;7;48.0
1985-07-08;47.0;7;47.0
1985-07-09;66.0;7;66.0
1985-07-10;77.0;7;77.0
1985-07-11;58.0;7;58.0
1985-07-12;88.0;7;88.0
1985-07-13;72.0;7;72.0
1985-07-14;63.0;7;63.0
1985-07-15;57.0;7;57.0
1985-07-16;63.0;7;63.0
1985-07-17;57.0;7;57.0
1985-07-18;62.0;7;62.0
1985-07-19;110.0;7;110.0
1985-07-20;93.0;7;93.0
1985-07-21;68.0;7;68.0
1985-07-22;91.0;7;91.0
1985-07-23;64.0;7;64.0
1985-07-24;53.0;7;53.0
1985-07-25;69.0;7;69.0
1985-07-26;182.0;7;182.0
1985-07-27;155.0;7;155.0
1985-07-28;115.0;7;115.0
1985-07-29;109.0;7;109.0
1985-07-30;90.0;7;90.0
1985-07-31;65.0;7;65.0
1985-08-01;59.0;8;59.0
1985-08-02;57.0;8;57.0
1985-08-03;54.0;8;54.0
1985-08-04;50.0;8;50.0
1985-08-05;50.0;8;50.0
1985-08-06;49.0;8;49.0
1985-08-07;70.0;8;70.0
1985-08-08;62.0;8;62.0
1985-08-09;67.0;8;67.0
1985-08-10;87.0;8;87.0
1985-08-11;79.0;8;79.0
1985-08-12;65.0;8;65.0
1985-08-13;79.0;8;79.0
1985-08-14;68.0;8;68.0
1985-08-15;61.0;8;61.0
1985-08-16;58.0;8;58.0
1985-08-17;49.0;8;49.0
1985-08-18;59.0;8;59.0
1985-08-19;86.0;8;86.0
1985-08-20;109.0;8;109.0
1985-08-21;166.0;8;166.0
1985-08-22;167.0;8;167.0
1985-08-23;105.0;8;105.0
1985-08-24;87.0;8;87.0
1985-08-25;94.0;8;94.0
1985-08-26;72.0;8;72.0
1985-08-27;93.0;8;93.0
1985-08-28;100.0;8;100.0
1985-08-29;76.0;8;76.0
1985-08-30;64.0;8;64.0
1985-08-31;-999.000;8;72.0
1985-09-01;60.0;9;60.0
1985-09-02;52.0;9;52.0
1985-09-03;56.0;9;56.0
1985-09-04;85.0;9;85.0
1985-09-05;63.0;9;63.0
1985-09-06;69.0;9;69.0
1985-09-07;65.0;9;65.0
1985-09-08;47.0;9;47.0
1985-09-09;58.0;9;58.0
1985-09-10;49.0;9;49.0
1985-09-11;51.0;9;51.0
1985-09-12;52.0;9;52.0
1985-09-13;59.0;9;59.0
1985-09-14;52.0;9;52.0
1985-09-15;76.0;9;76.0
1985-09-16;111.0;9;111.0
1985-09-17;100.0;9;100.0
1985-09-18;95.0;9;95.0
1985-09-19;104.0;9;104.0
1985-09-20;227.0;9;227.0
1985-09-21;114.0;9;114.0
1985-09-22;95.0;9;95.0
1985-09-23;79.0;9;79.0
1985-09-24;95.0;9;95.0
1985-09-25;143.0;9;143.0
1985-09-26;156.0;9;156.0
1985-09-27;108.0;9;108.0
1985-09-28;130.0;9;130.0
1985-09-29;159.0;9;159.0
1985-09-30;128.0;9;128.0
1985-10-01;266.0;10;266.0
1985-10-02;296.0;10;296.0
1985-10-03;138.0;10;138.0
1985-10-04;149.0;10;149.0
1985-10-05;173.0;10;173.0
1985-10-06;310.0;10;310.0
1985-10-07;443.0;10;443.0
1985-10-08;296.0;10;296.0
1985-10-09;156.0;10;156.0
1985-10-10;116.0;10;116.0
1985-10-11;173.0;10;173.0
1985-10-12;307.0;10;307.0
1985-10-13;282.0;10;282.0
1985-10-14;229.0;10;229.0
1985-10-15;197.0;10;197.0
1985-10-16;123.0;10;123.0
1985-10-17;92.0;10;92.0
1985-10-18;108.0;10;108.0
1985-10-19;113.0;10;113.0
1985-10-20;112.0;10;112.0
1985-10-21;97.0;10;97.0
1985-10-22;70.0;10;70.0
1985-10-23;104.0;10;104.0
1985-10-24;94.0;10;94.0
1985-10-25;270.0;10;270.0
1985-10-26;158.0;10;158.0
1985-10-27;155.0;10;155.0
1985-10-28;161.0;10;161.0
1985-10-29;224.0;10;224.0
1985-10-30;137.0;10;137.0
1985-10-31;-999.000;10;71.0
1985-11-01;122.0;11;122.0
1985-11-02;87.0;11;87.0
1985-11-03;57.0;11;57.0
1985-11-04;49.0;11;49.0
1985-11-05;48.0;11;48.0
1985-11-06;45.0;11;45.0
1985-11-07;39.0;11;39.0
1985-11-08;35.0;11;35.0
1985-11-09;35.0;11;35.0
1985-11-10;36.0;11;36.0
1985-11-11;34.0;11;34.0
1985-11-12;34.0;11;34.0
1985-11-13;35.0;11;35.0
1985-11-14;37.0;11;37.0
1985-11-15;32.0;11;32.0
1985-11-16;32.0;11;32.0
1985-11-17;32.0;11;32.0
1985-11-18;48.0;11;48.0
1985-11-19;44.0;11;44.0
1985-11-20;54.0;11;54.0
1985-11-21;39.0;11;39.0
1985-11-22;60.0;11;60.0
1985-11-23;45.0;11;45.0
1985-11-24;85.0;11;85.0
1985-11-25;50.0;11;50.0
1985-11-26;43.0;11;43.0
1985-11-27;34.0;11;34.0
1985-11-28;33.0;11;33.0
1985-11-29;31.0;11;31.0
1985-11-30;28.0;11;28.0
1985-12-01;21.0;12;21.0
1985-12-02;19.0;12;19.0
1985-12-03;19.0;12;19.0
1985-12-04;19.0;12;19.0
1985-12-05;20.0;12;20.0
1985-12-06;27.0;12;27.0
1985-12-07;43.0;12;43.0
1985-12-08;34.0;12;34.0
1985-12-09;28.0;12;28.0
1985-12-10;25.0;12;25.0
1985-12-11;22.0;12;22.0
1985-12-12;22.0;12;22.0
1985-12-13;20.0;12;20.0
1985-12-14;20.0;12;20.0
1985-12-15;20.0;12;20.0
1985-12-16;20.0;12;20.0
1985-12-17;19.0;12;19.0
1985-12-18;18.0;12;18.0
1985-12-19;17.0;12;17.0
1985-12-20;17.0;12;17.0
1985-12-21;17.0;12;17.0
1985-12-22;30.0;12;30.0
1985-12-23;77.0;12;77.0
1985-12-24;50.0;12;50.0
1985-12-25;31.0;12;31.0
1985-12-26;27.0;12;27.0
1985-12-27;27.0;12;27.0
1985-12-28;23.0;12;23.0
1985-12-29;20.0;12;20.0
1985-12-30;19.0;12;19.0
1985-12-31;17.0;12;17.0
1986-01-01;17.0;1;17.0
1986-01-02;16.0;1;16.0
1986-01-03;16.0;1;16.0
1986-01-04;15.0;1;15.0
1986-01-05;14.0;1;14.0
1986-01-06;14.0;1;14.0
1986-01-07;14.0;1;14.0
1986-01-08;15.0;1;15.0
1986-01-09;17.0;1;17.0
1986-01-10;22.0;1;22.0
1986-01-11;20.0;1;20.0
1986-01-12;15.0;1;15.0
1986-01-13;15.0;1;15.0
1986-01-14;14.0;1;14.0
1986-01-15;13.0;1;13.0
1986-01-16;13.0;1;13.0
1986-01-17;12.0;1;12.0
1986-01-18;14.0;1;14.0
1986-01-19;14.0;1;14.0
1986-01-20;12.0;1;12.0
1986-01-21;12.0;1;12.0
1986-01-22;12.0;1;12.0
1986-01-23;12.0;1;12.0
1986-01-24;14.0;1;14.0
1986-01-25;14.0;1;14.0
1986-01-26;16.0;1;16.0
1986-01-27;15.0;1;15.0
1986-01-28;14.0;1;14.0
1986-01-29;-999.000;1;12.0
1986-01-30;-999.000;1;17.0
1986-01-31;-999.000;1;100.0
1986-02-01;16.0;2;16.0
1986-02-02;17.0;2;17.0
1986-02-03;17.0;2;17.0
1986-02-04;16.0;2;16.0
1986-02-05;14.0;2;14.0
1986-02-06;16.0;2;16.0
1986-02-07;19.0;2;19.0
1986-02-08;15.0;2;15.0
1986-02-09;14.0;2;14.0
1986-02-10;14.0;2;14.0
1986-02-11;13.0;2;13.0
1986-02-12;28.0;2;28.0
1986-02-13;22.0;2;22.0
1986-02-14;23.0;2;23.0
1986-02-15;19.0;2;19.0
1986-02-16;16.0;2;16.0
1986-02-17;15.0;2;15.0
1986-02-18;14.0;2;14.0
1986-02-19;15.0;2;15.0
1986-02-20;22.0;2;22.0
1986-02-21;22.0;2;22.0
1986-02-22;17.0;2;17.0
1986-02-23;15.0;2;15.0
1986-02-24;14.0;2;14.0
1986-02-25;13.0;2;13.0
1986-02-26;12.0;2;12.0
1986-02-27;13.0;2;13.0
1986-02-28;14.0;2;14.0
1986-03-01;28.0;3;28.0
1986-03-02;36.0;3;36.0
1986-03-03;39.0;3;39.0
1986-03-04;33.0;3;33.0
1986-03-05;46.0;3;46.0
1986-03-06;49.0;3;49.0
1986-03-07;35.0;3;35.0
1986-03-08;31.0;3;31.0
1986-03-09;24.0;3;24.0
1986-03-10;20.0;3;20.0
1986-03-11;28.0;3;28.0
1986-03-12;24.0;3;24.0
1986-03-13;18.0;3;18.0
1986-03-14;16.0;3;16.0
1986-03-15;15.0;3;15.0
1986-03-16;14.0;3;14.0
1986-03-17;14.0;3;14.0
1986-03-18;13.0;3;13.0
1986-03-19;13.0;3;13.0
1986-03-20;16.0;3;16.0
1986-03-21;23.0;3;23.0
1986-03-22;24.0;3;24.0
1986-03-23;21.0;3;21.0
1986-03-24;60.0;3;60.0
1986-03-25;116.0;3;116.0
1986-03-26;83.0;3;83.0
1986-03-27;66.0;3;66.0
1986-03-28;38.0;3;38.0
1986-03-29;32.0;3;32.0
1986-03-30;63.0;3;63.0
1986-03-31;-999.000;3;24.0
1986-04-01;81.0;4;81.0
1986-04-02;41.0;4;41.0
1986-04-03;31.0;4;31.0
1986-04-04;26.0;4;26.0
1986-04-05;25.0;4;25.0
1986-04-06;35.0;4;35.0
1986-04-07;35.0;4;35.0
1986-04-08;26.0;4;26.0
1986-04-09;59.0;4;59.0
1986-04-10;36.0;4;36.0
1986-04-11;57.0;4;57.0
1986-04-12;66.0;4;66.0
1986-04-13;71.0;4;71.0
1986-04-14;53.0;4;53.0
1986-04-15;34.0;4;34.0
1986-04-16;34.0;4;34.0
1986-04-17;42.0;4;42.0
1986-04-18;36.0;4;36.0
1986-04-19;61.0;4;61.0
1986-04-20;44.0;4;44.0
1986-04-21;32.0;4;32.0
1986-04-22;29.0;4;29.0
1986-04-23;52.0;4;52.0
1986-04-24;46.0;4;46.0
1986-04-25;38.0;4;38.0
1986-04-26;85.0;4;85.0
1986-04-27;49.0;4;49.0
1986-04-28;86.0;4;86.0
1986-04-29;201.0;4;201.0
1986-04-30;255.0;4;255.0
1986-05-01;103.0;5;103.0
1986-05-02;105.0;5;105.0
1986-05-03;81.0;5;81.0
1986-05-04;70.0;5;70.0
1986-05-05;67.0;5;67.0
1986-05-06;67.0;5;67.0
1986-05-07;107.0;5;107.0
1986-05-08;150.0;5;150.0
1986-05-09;143.0;5;143.0
1986-05-10;212.0;5;212.0
1986-05-11;171.0;5;171.0
1986-05-12;108.0;5;108.0
1986-05-13;53.0;5;53.0
1986-05-14;67.0;5;67.0
1986-05-15;73.0;5;73.0
1986-05-16;80.0;5;80.0
1986-05-17;78.0;5;78.0
1986-05-18;109.0;5;109.0
1986-05-19;117.0;5;117.0
1986-05-20;95.0;5;95.0
1986-05-21;67.0;5;67.0
1986-05-22;111.0;5;111.0
1986-05-23;195.0;5;195.0
1986-05-24;96.0;5;96.0
1986-05-25;125.0;5;125.0
1986-05-26;201.0;5;201.0
1986-05-27;197.0;5;197.0
1986-05-28;109.0;5;109.0
1986-05-29;79.0;5;79.0
1986-05-30;81.0;5;81.0
1986-05-31;-999.000;5;52.0
1986-06-01;45.0;6;45.0
1986-06-02;61.0;6;61.0
1986-06-03;216.0;6;216.0
1986-06-04;54.0;6;54.0
1986-06-05;52.0;6;52.0
1986-06-06;55.0;6;55.0
1986-06-07;97.0;6;97.0
1986-06-08;71.0;6;71.0
1986-06-09;49.0;6;49.0
1986-06-10;47.0;6;47.0
1986-06-11;68.0;6;68.0
1986-06-12;300.0;6;300.0
1986-06-13;417.0;6;417.0
1986-06-14;400.0;6;400.0
1986-06-15;116.0;6;116.0
1986-06-16;104.0;6;104.0
1986-06-17;84.0;6;84.0
1986-06-18;62.0;6;62.0
1986-06-19;57.0;6;57.0
1986-06-20;65.0;6;65.0
1986-06-21;141.0;6;141.0
1986-06-22;80.0;6;80.0
1986-06-23;47.0;6;47.0
1986-06-24;33.0;6;33.0
1986-06-25;40.0;6;40.0
1986-06-26;48.0;6;48.0
1986-06-27;42.0;6;42.0
1986-06-28;113.0;6;113.0
1986-06-29;151.0;6;151.0
1986-06-30;108.0;6;108.0
1986-07-01;74.0;7;74.0
1986-07-02;71.0;7;71.0
1986-07-03;87.0;7;87.0
1986-07-04;73.0;7;73.0
1986-07-05;84.0;7;84.0
1986-07-06;80.0;7;80.0
1986-07-07;107.0;7;107.0
1986-07-08;168.0;7;168.0
1986-07-09;160.0;7;160.0
1986-07-10;258.0;7;258.0
1986-07-11;91.0;7;91.0
1986-07-12;60.0;7;60.0
1986-07-13;52.0;7;52.0
1986-07-14;65.0;7;65.0
1986-07-15;90.0;7;90.0
1986-07-16;63.0;7;63.0
1986-07-17;62.0;7;62.0
1986-07-18;144.0;7;144.0
1986-07-19;96.0;7;96.0
1986-07-20;108.0;7;108.0
1986-07-21;374.0;7;374.0
1986-07-22;250.0;7;250.0
1986-07-23;103.0;7;103.0
1986-07-24;84.0;7;84.0
1986-07-25;71.0;7;71.0
1986-07-26;108.0;7;108.0
1986-07-27;85.0;7;85.0
1986-07-28;80.0;7;80.0
1986-07-29;95.0;7;95.0
1986-07-30;84.0;7;84.0
1986-07-31;66.0;7;66.0
1986-08-01;60.0;8;60.0
1986-08-02;73.0;8;73.0
1986-08-03;68.0;8;68.0
1986-08-04;65.0;8;65.0
1986-08-05;57.0;8;57.0
1986-08-06;59.0;8;59.0
1986-08-07;61.0;8;61.0
1986-08-08;55.0;8;55.0
1986-08-09;55.0;8;55.0
1986-08-10;66.0;8;66.0
1986-08-11;73.0;8;73.0
1986-08-12;83.0;8;83.0
1986-08-13;55.0;8;55.0
1986-08-14;55.0;8;55.0
1986-08-15;49.0;8;49.0
1986-08-16;47.0;8;47.0
1986-08-17;41.0;8;41.0
1986-08-18;38.0;8;38.0
1986-08-19;55.0;8;55.0
1986-08-20;41.0;8;41.0
1986-08-21;39.0;8;39.0
1986-08-22;44.0;8;44.0
1986-08-23;43.0;8;43.0
1986-08-24;39.0;8;39.0
1986-08-25;44.0;8;44.0
1986-08-26;56.0;8;56.0
1986-08-27;55.0;8;55.0
1986-08-28;60.0;8;60.0
1986-08-29;64.0;8;64.0
1986-08-30;65.0;8;65.0
1986-08-31;-999.000;8;55.0
1986-09-01;48.0;9;48.0
1986-09-02;52.0;9;52.0
1986-09-03;50.0;9;50.0
1986-09-04;47.0;9;47.0
1986-09-05;56.0;9;56.0
1986-09-06;50.0;9;50.0
1986-09-07;47.0;9;47.0
1986-09-08;43.0;9;43.0
1986-09-09;44.0;9;44.0
1986-09-10;65.0;9;65.0
1986-09-11;76.0;9;76.0
1986-09-12;52.0;9;52.0
1986-09-13;39.0;9;39.0
1986-09-14;42.0;9;42.0
1986-09-15;37.0;9;37.0
1986-09-16;36.0;9;36.0
1986-09-17;37.0;9;37.0
1986-09-18;44.0;9;44.0
1986-09-19;77.0;9;77.0
1986-09-20;103.0;9;103.0
1986-09-21;75.0;9;75.0
1986-09-22;70.0;9;70.0
1986-09-23;61.0;9;61.0
1986-09-24;110.0;9;110.0
1986-09-25;66.0;9;66.0
1986-09-26;58.0;9;58.0
1986-09-27;50.0;9;50.0
1986-09-28;137.0;9;137.0
1986-09-29;334.0;9;334.0
1986-09-30;120.0;9;120.0
1986-10-01;58.0;10;58.0
1986-10-02;47.0;10;47.0
1986-10-03;42.0;10;42.0
1986-10-04;35.0;10;35.0
1986-10-05;45.0;10;45.0
1986-10-06;31.0;10;31.0
1986-10-07;57.0;10;57.0
1986-10-08;47.0;10;47.0
1986-10-09;39.0;10;39.0
1986-10-10;36.0;10;36.0
1986-10-11;33.0;10;33.0
1986-10-12;41.0;10;41.0
1986-10-13;47.0;10;47.0
1986-10-14;139.0;10;139.0
1986-10-15;139.0;10;139.0
1986-10-16;71.0;10;71.0
1986-10-17;78.0;10;78.0
1986-10-18;86.0;10;86.0
1986-10-19;88.0;10;88.0
1986-10-20;58.0;10;58.0
1986-10-21;74.0;10;74.0
1986-10-22;72.0;10;72.0
1986-10-23;163.0;10;163.0
1986-10-24;126.0;10;126.0
1986-10-25;79.0;10;79.0
1986-10-26;75.0;10;75.0
1986-10-27;66.0;10;66.0
1986-10-28;57.0;10;57.0
1986-10-29;57.0;10;57.0
1986-10-30;136.0;10;136.0
1986-10-31;-999.000;10;204.0
1986-11-01;92.0;11;92.0
1986-11-02;65.0;11;65.0
1986-11-03;88.0;11;88.0
1986-11-04;91.0;11;91.0
1986-11-05;73.0;11;73.0
1986-11-06;70.0;11;70.0
1986-11-07;85.0;11;85.0
1986-11-08;90.0;11;90.0
1986-11-09;75.0;11;75.0
1986-11-10;67.0;11;67.0
1986-11-11;54.0;11;54.0
1986-11-12;47.0;11;47.0
1986-11-13;45.0;11;45.0
1986-11-14;42.0;11;42.0
1986-11-15;39.0;11;39.0
1986-11-16;36.0;11;36.0
1986-11-17;39.0;11;39.0
1986-11-18;33.0;11;33.0
1986-11-19;30.0;11;30.0
1986-11-20;30.0;11;30.0
1986-11-21;28.0;11;28.0
1986-11-22;32.0;11;32.0
1986-11-23;35.0;11;35.0
1986-11-24;30.0;11;30.0
1986-11-25;27.0;11;27.0
1986-11-26;28.0;11;28.0
1986-11-27;26.0;11;26.0
1986-11-28;27.0;11;27.0
1986-11-29;27.0;11;27.0
1986-11-30;37.0;11;37.0
1986-12-01;27.0;12;27.0
1986-12-02;25.0;12;25.0
1986-12-03;24.0;12;24.0
1986-12-04;26.0;12;26.0
1986-12-05;24.0;12;24.0
1986-12-06;26.0;12;26.0
1986-12-07;25.0;12;25.0
1986-12-08;23.0;12;23.0
1986-12-09;23.0;12;23.0
1986-12-10;22.0;12;22.0
1986-12-11;22.0;12;22.0
1986-12-12;22.0;12;22.0
1986-12-13;22.0;12;22.0
1986-12-14;22.0;12;22.0
1986-12-15;47.0;12;47.0
1986-12-16;27.0;12;27.0
1986-12-17;23.0;12;23.0
1986-12-18;22.0;12;22.0
1986-12-19;32.0;12;32.0
1986-12-20;39.0;12;39.0
1986-12-21;33.0;12;33.0
1986-12-22;29.0;12;29.0
1986-12-23;35.0;12;35.0
1986-12-24;34.0;12;34.0
1986-12-25;50.0;12;50.0
1986-12-26;35.0;12;35.0
1986-12-27;33.0;12;33.0
1986-12-28;47.0;12;47.0
1986-12-29;35.0;12;35.0
1986-12-30;29.0;12;29.0
1986-12-31;27.0;12;27.0
1987-01-01;56.0;1;56.0
1987-01-02;39.0;1;39.0
1987-01-03;29.0;1;29.0
1987-01-04;27.0;1;27.0
1987-01-05;32.0;1;32.0
1987-01-06;29.0;1;29.0
1987-01-07;25.0;1;25.0
1987-01-08;24.0;1;24.0
1987-01-09;22.0;1;22.0
1987-01-10;22.0;1;22.0
1987-01-11;25.0;1;25.0
1987-01-12;24.0;1;24.0
1987-01-13;24.0;1;24.0
1987-01-14;25.0;1;25.0
1987-01-15;25.0;1;25.0
1987-01-16;36.0;1;36.0
1987-01-17;34.0;1;34.0
1987-01-18;128.0;1;128.0
1987-01-19;99.0;1;99.0
1987-01-20;81.0;1;81.0
1987-01-21;101.0;1;101.0
1987-01-22;67.0;1;67.0
1987-01-23;67.0;1;67.0
1987-01-24;67.0;1;67.0
1987-01-25;188.0;1;188.0
1987-01-26;111.0;1;111.0
1987-01-27;85.0;1;85.0
1987-01-28;240.0;1;240.0
1987-01-29;-999.000;1;6.0
1987-01-30;-999.000;1;111.0
1987-01-31;-999.000;1;100.0
1987-02-01;146.0;2;146.0
1987-02-02;103.0;2;103.0
1987-02-03;106.0;2;106.0
1987-02-04;118.0;2;118.0
1987-02-05;99.0;2;99.0
1987-02-06;77.0;2;77.0
1987-02-07;70.0;2;70.0
1987-02-08;62.0;2;62.0
1987-02-09;54.0;2;54.0
1987-02-10;48.0;2;48.0
1987-02-11;62.0;2;62.0
1987-02-12;120.0;2;120.0
1987-02-13;203.0;2;203.0
1987-02-14;171.0;2;171.0
1987-02-15;115.0;2;115.0
1987-02-16;111.0;2;111.0
1987-02-17;78.0;2;78.0
1987-02-18;67.0;2;67.0
1987-02-19;55.0;2;55.0
1987-02-20;71.0;2;71.0
1987-02-21;60.0;2;60.0
1987-02-22;58.0;2;58.0
1987-02-23;61.0;2;61.0
1987-02-24;49.0;2;49.0
1987-02-25;46.0;2;46.0
1987-02-26;41.0;2;41.0
1987-02-27;44.0;2;44.0
1987-02-28;60.0;2;60.0
1987-03-01;46.0;3;46.0
1987-03-02;42.0;3;42.0
1987-03-03;52.0;3;52.0
1987-03-04;46.0;3;46.0
1987-03-05;109.0;3;109.0
1987-03-06;69.0;3;69.0
1987-03-07;114.0;3;114.0
1987-03-08;104.0;3;104.0
1987-03-09;103.0;3;103.0
1987-03-10;68.0;3;68.0
1987-03-11;57.0;3;57.0
1987-03-12;72.0;3;72.0
1987-03-13;58.0;3;58.0
1987-03-14;59.0;3;59.0
1987-03-15;46.0;3;46.0
1987-03-16;46.0;3;46.0
1987-03-17;86.0;3;86.0
1987-03-18;59.0;3;59.0
1987-03-19;93.0;3;93.0
1987-03-20;93.0;3;93.0
1987-03-21;66.0;3;66.0
1987-03-22;73.0;3;73.0
1987-03-23;97.0;3;97.0
1987-03-24;104.0;3;104.0
1987-03-25;63.0;3;63.0
1987-03-26;66.0;3;66.0
1987-03-27;84.0;3;84.0
1987-03-28;126.0;3;126.0
1987-03-29;88.0;3;88.0
1987-03-30;59.0;3;59.0
1987-03-31;-999.000;3;31.0
1987-04-01;65.0;4;65.0
1987-04-02;75.0;4;75.0
1987-04-03;59.0;4;59.0
1987-04-04;73.0;4;73.0
1987-04-05;71.0;4;71.0
1987-04-06;71.0;4;71.0
1987-04-07;58.0;4;58.0
1987-04-08;47.0;4;47.0
1987-04-09;61.0;4;61.0
1987-04-10;57.0;4;57.0
1987-04-11;46.0;4;46.0
1987-04-12;42.0;4;42.0
1987-04-13;44.0;4;44.0
1987-04-14;38.0;4;38.0
1987-04-15;53.0;4;53.0
1987-04-16;60.0;4;60.0
1987-04-17;41.0;4;41.0
1987-04-18;36.0;4;36.0
1987-04-19;38.0;4;38.0
1987-04-20;75.0;4;75.0
1987-04-21;59.0;4;59.0
1987-04-22;51.0;4;51.0
1987-04-23;65.0;4;65.0
1987-04-24;65.0;4;65.0
1987-04-25;50.0;4;50.0
1987-04-26;165.0;4;165.0
1987-04-27;105.0;4;105.0
1987-04-28;90.0;4;90.0
1987-04-29;103.0;4;103.0
1987-04-30;60.0;4;60.0
1987-05-01;51.0;5;51.0
1987-05-02;199.0;5;199.0
1987-05-03;116.0;5;116.0
1987-05-04;64.0;5;64.0
1987-05-05;58.0;5;58.0
1987-05-06;89.0;5;89.0
1987-05-07;77.0;5;77.0
1987-05-08;54.0;5;54.0
1987-05-09;59.0;5;59.0
1987-05-10;59.0;5;59.0
1987-05-11;85.0;5;85.0
1987-05-12;64.0;5;64.0
1987-05-13;94.0;5;94.0
1987-05-14;60.0;5;60.0
1987-05-15;84.0;5;84.0
1987-05-16;70.0;5;70.0
1987-05-17;91.0;5;91.0
1987-05-18;176.0;5;176.0
1987-05-19;281.0;5;281.0
1987-05-20;529.0;5;529.0
1987-05-21;571.0;5;571.0
1987-05-22;345.0;5;345.0
1987-05-23;231.0;5;231.0
1987-05-24;338.0;5;338.0
1987-05-25;303.0;5;303.0
1987-05-26;230.0;5;230.0
1987-05-27;309.0;5;309.0
1987-05-28;251.0;5;251.0
1987-05-29;328.0;5;328.0
1987-05-30;254.0;5;254.0
1987-05-31;-999.000;5;86.0
1987-06-01;204.0;6;204.0
1987-06-02;363.0;6;363.0
1987-06-03;244.0;6;244.0
1987-06-04;140.0;6;140.0
1987-06-05;118.0;6;118.0
1987-06-06;174.0;6;174.0
1987-06-07;413.0;6;413.0
1987-06-08;270.0;6;270.0
1987-06-09;193.0;6;193.0
1987-06-10;233.0;6;233.0
1987-06-11;209.0;6;209.0
1987-06-12;188.0;6;188.0
1987-06-13;145.0;6;145.0
1987-06-14;108.0;6;108.0
1987-06-15;102.0;6;102.0
1987-06-16;97.0;6;97.0
1987-06-17;113.0;6;113.0
1987-06-18;148.0;6;148.0
1987-06-19;97.0;6;97.0
1987-06-20;75.0;6;75.0
1987-06-21;80.0;6;80.0
1987-06-22;356.0;6;356.0
1987-06-23;389.0;6;389.0
1987-06-24;325.0;6;325.0
1987-06-25;240.0;6;240.0
1987-06-26;210.0;6;210.0
1987-06-27;215.0;6;215.0
1987-06-28;161.0;6;161.0
1987-06-29;103.0;6;103.0
1987-06-30;99.0;6;99.0
1987-07-01;125.0;7;125.0
1987-07-02;102.0;7;102.0
1987-07-03;95.0;7;95.0
1987-07-04;122.0;7;122.0
1987-07-05;164.0;7;164.0
1987-07-06;163.0;7;163.0
1987-07-07;123.0;7;123.0
1987-07-08;132.0;7;132.0
1987-07-09;110.0;7;110.0
1987-07-10;82.0;7;82.0
1987-07-11;68.0;7;68.0
1987-07-12;77.0;7;77.0
1987-07-13;86.0;7;86.0
1987-07-14;65.0;7;65.0
1987-07-15;53.0;7;53.0
1987-07-16;50.0;7;50.0
1987-07-17;46.0;7;46.0
1987-07-18;96.0;7;96.0
1987-07-19;90.0;7;90.0
1987-07-20;54.0;7;54.0
1987-07-21;59.0;7;59.0
1987-07-22;62.0;7;62.0
1987-07-23;44.0;7;44.0
1987-07-24;37.0;7;37.0
1987-07-25;34.0;7;34.0
1987-07-26;38.0;7;38.0
1987-07-27;37.0;7;37.0
1987-07-28;84.0;7;84.0
1987-07-29;52.0;7;52.0
1987-07-30;50.0;7;50.0
1987-07-31;36.0;7;36.0
1987-08-01;33.0;8;33.0
1987-08-02;38.0;8;38.0
1987-08-03;38.0;8;38.0
1987-08-04;32.0;8;32.0
1987-08-05;52.0;8;52.0
1987-08-06;64.0;8;64.0
1987-08-07;72.0;8;72.0
1987-08-08;65.0;8;65.0
1987-08-09;58.0;8;58.0
1987-08-10;96.0;8;96.0
1987-08-11;67.0;8;67.0
1987-08-12;92.0;8;92.0
1987-08-13;59.0;8;59.0
1987-08-14;55.0;8;55.0
1987-08-15;37.0;8;37.0
1987-08-16;33.0;8;33.0
1987-08-17;32.0;8;32.0
1987-08-18;42.0;8;42.0
1987-08-19;41.0;8;41.0
1987-08-20;49.0;8;49.0
1987-08-21;55.0;8;55.0
1987-08-22;41.0;8;41.0
1987-08-23;32.0;8;32.0
1987-08-24;33.0;8;33.0
1987-08-25;49.0;8;49.0
1987-08-26;41.0;8;41.0
1987-08-27;55.0;8;55.0
1987-08-28;65.0;8;65.0
1987-08-29;101.0;8;101.0
1987-08-30;78.0;8;78.0
1987-08-31;-999.000;8;52.0
1987-09-01;68.0;9;68.0
1987-09-02;77.0;9;77.0
1987-09-03;79.0;9;79.0
1987-09-04;58.0;9;58.0
1987-09-05;85.0;9;85.0
1987-09-06;58.0;9;58.0
1987-09-07;68.0;9;68.0
1987-09-08;76.0;9;76.0
1987-09-09;122.0;9;122.0
1987-09-10;91.0;9;91.0
1987-09-11;94.0;9;94.0
1987-09-12;118.0;9;118.0
1987-09-13;264.0;9;264.0
1987-09-14;242.0;9;242.0
1987-09-15;194.0;9;194.0
1987-09-16;174.0;9;174.0
1987-09-17;117.0;9;117.0
1987-09-18;152.0;9;152.0
1987-09-19;213.0;9;213.0
1987-09-20;192.0;9;192.0
1987-09-21;125.0;9;125.0
1987-09-22;128.0;9;128.0
1987-09-23;220.0;9;220.0
1987-09-24;108.0;9;108.0
1987-09-25;122.0;9;122.0
1987-09-26;129.0;9;129.0
1987-09-27;224.0;9;224.0
1987-09-28;178.0;9;178.0
1987-09-29;180.0;9;180.0
1987-09-30;146.0;9;146.0
1987-10-01;127.0;10;127.0
1987-10-02;110.0;10;110.0
1987-10-03;131.0;10;131.0
1987-10-04;116.0;10;116.0
1987-10-05;121.0;10;121.0
1987-10-06;141.0;10;141.0
1987-10-07;106.0;10;106.0
1987-10-08;100.0;10;100.0
1987-10-09;99.0;10;99.0
1987-10-10;90.0;10;90.0
1987-10-11;104.0;10;104.0
1987-10-12;90.0;10;90.0
1987-10-13;89.0;10;89.0
1987-10-14;63.0;10;63.0
1987-10-15;85.0;10;85.0
1987-10-16;54.0;10;54.0
1987-10-17;55.0;10;55.0
1987-10-18;62.0;10;62.0
1987-10-19;89.0;10;89.0
1987-10-20;71.0;10;71.0
1987-10-21;64.0;10;64.0
1987-10-22;65.0;10;65.0
1987-10-23;114.0;10;114.0
1987-10-24;110.0;10;110.0
1987-10-25;77.0;10;77.0
1987-10-26;70.0;10;70.0
1987-10-27;110.0;10;110.0
1987-10-28;192.0;10;192.0
1987-10-29;70.0;10;70.0
1987-10-30;63.0;10;63.0
1987-10-31;-999.000;10;197.0
1987-11-01;51.0;11;51.0
1987-11-02;51.0;11;51.0
1987-11-03;39.0;11;39.0
1987-11-04;39.0;11;39.0
1987-11-05;90.0;11;90.0
1987-11-06;76.0;11;76.0
1987-11-07;64.0;11;64.0
1987-11-08;81.0;11;81.0
1987-11-09;74.0;11;74.0
1987-11-10;73.0;11;73.0
1987-11-11;55.0;11;55.0
1987-11-12;50.0;11;50.0
1987-11-13;52.0;11;52.0
1987-11-14;44.0;11;44.0
1987-11-15;48.0;11;48.0
1987-11-16;73.0;11;73.0
1987-11-17;41.0;11;41.0
1987-11-18;51.0;11;51.0
1987-11-19;41.0;11;41.0
1987-11-20;47.0;11;47.0
1987-11-21;64.0;11;64.0
1987-11-22;49.0;11;49.0
1987-11-23;51.0;11;51.0
1987-11-24;54.0;11;54.0
1987-11-25;51.0;11;51.0
1987-11-26;51.0;11;51.0
1987-11-27;51.0;11;51.0
1987-11-28;40.0;11;40.0
1987-11-29;39.0;11;39.0
1987-11-30;35.0;11;35.0
1987-12-01;30.0;12;30.0
1987-12-02;31.0;12;31.0
1987-12-03;30.0;12;30.0
1987-12-04;31.0;12;31.0
1987-12-05;30.0;12;30.0
1987-12-06;30.0;12;30.0
1987-12-07;31.0;12;31.0
1987-12-08;56.0;12;56.0
1987-12-09;52.0;12;52.0
1987-12-10;74.0;12;74.0
1987-12-11;39.0;12;39.0
1987-12-12;33.0;12;33.0
1987-12-13;27.0;12;27.0
1987-12-14;26.0;12;26.0
1987-12-15;21.0;12;21.0
1987-12-16;22.0;12;22.0
1987-12-17;39.0;12;39.0
1987-12-18;38.0;12;38.0
1987-12-19;28.0;12;28.0
1987-12-20;22.0;12;22.0
1987-12-21;24.0;12;24.0
1987-12-22;30.0;12;30.0
1987-12-23;28.0;12;28.0
1987-12-24;21.0;12;21.0
1987-12-25;20.0;12;20.0
1987-12-26;20.0;12;20.0
1987-12-27;21.0;12;21.0
1987-12-28;21.0;12;21.0
1987-12-29;18.0;12;18.0
1987-12-30;23.0;12;23.0
1987-12-31;24.0;12;24.0
1988-01-01;19.0;1;19.0
1988-01-02;19.0;1;19.0
1988-01-03;36.0;1;36.0
1988-01-04;24.0;1;24.0
1988-01-05;21.0;1;21.0
1988-01-06;20.0;1;20.0
1988-01-07;22.0;1;22.0
1988-01-08;17.0;1;17.0
1988-01-09;27.0;1;27.0
1988-01-10;64.0;1;64.0
1988-01-11;181.0;1;181.0
1988-01-12;100.0;1;100.0
1988-01-13;75.0;1;75.0
1988-01-14;92.0;1;92.0
1988-01-15;84.0;1;84.0
1988-01-16;50.0;1;50.0
1988-01-17;76.0;1;76.0
1988-01-18;42.0;1;42.0
1988-01-19;39.0;1;39.0
1988-01-20;38.0;1;38.0
1988-01-21;29.0;1;29.0
1988-01-22;27.0;1;27.0
1988-01-23;29.0;1;29.0
1988-01-24;29.0;1;29.0
1988-01-25;52.0;1;52.0
1988-01-26;57.0;1;57.0
1988-01-27;43.0;1;43.0
1988-01-28;34.0;1;34.0
1988-01-29;-999.000;1;58.0
1988-01-30;-999.000;1;16.0
1988-01-31;-999.000;1;70.0
1988-02-01;35.0;2;35.0
1988-02-02;28.0;2;28.0
1988-02-03;28.0;2;28.0
1988-02-04;26.0;2;26.0
1988-02-05;28.0;2;28.0
1988-02-06;29.0;2;29.0
1988-02-07;23.0;2;23.0
1988-02-08;48.0;2;48.0
1988-02-09;26.0;2;26.0
1988-02-10;24.0;2;24.0
1988-02-11;20.0;2;20.0
1988-02-12;36.0;2;36.0
1988-02-13;28.0;2;28.0
1988-02-14;29.0;2;29.0
1988-02-15;28.0;2;28.0
1988-02-16;99.0;2;99.0
1988-02-17;101.0;2;101.0
1988-02-18;47.0;2;47.0
1988-02-19;37.0;2;37.0
1988-02-20;26.0;2;26.0
1988-02-21;35.0;2;35.0
1988-02-22;84.0;2;84.0
1988-02-23;45.0;2;45.0
1988-02-24;32.0;2;32.0
1988-02-25;23.0;2;23.0
1988-02-26;40.0;2;40.0
1988-02-27;37.0;2;37.0
1988-02-28;47.0;2;47.0
1988-02-29;50.0;2;50.0
1988-03-01;114.0;3;114.0
1988-03-02;85.0;3;85.0
1988-03-03;196.0;3;196.0
1988-03-04;122.0;3;122.0
1988-03-05;73.0;3;73.0
1988-03-06;72.0;3;72.0
1988-03-07;52.0;3;52.0
1988-03-08;73.0;3;73.0
1988-03-09;50.0;3;50.0
1988-03-10;41.0;3;41.0
1988-03-11;37.0;3;37.0
1988-03-12;50.0;3;50.0
1988-03-13;43.0;3;43.0
1988-03-14;35.0;3;35.0
1988-03-15;31.0;3;31.0
1988-03-16;27.0;3;27.0
1988-03-17;25.0;3;25.0
1988-03-18;76.0;3;76.0
1988-03-19;106.0;3;106.0
1988-03-20;59.0;3;59.0
1988-03-21;53.0;3;53.0
1988-03-22;40.0;3;40.0
1988-03-23;48.0;3;48.0
1988-03-24;142.0;3;142.0
1988-03-25;97.0;3;97.0
1988-03-26;84.0;3;84.0
1988-03-27;92.0;3;92.0
1988-03-28;94.0;3;94.0
1988-03-29;78.0;3;78.0
1988-03-30;61.0;3;61.0
1988-03-31;-999.000;3;129.0
1988-04-01;49.0;4;49.0
1988-04-02;78.0;4;78.0
1988-04-03;52.0;4;52.0
1988-04-04;69.0;4;69.0
1988-04-05;78.0;4;78.0
1988-04-06;106.0;4;106.0
1988-04-07;92.0;4;92.0
1988-04-08;65.0;4;65.0
1988-04-09;47.0;4;47.0
1988-04-10;97.0;4;97.0
1988-04-11;66.0;4;66.0
1988-04-12;176.0;4;176.0
1988-04-13;198.0;4;198.0
1988-04-14;133.0;4;133.0
1988-04-15;95.0;4;95.0
1988-04-16;90.0;4;90.0
1988-04-17;96.0;4;96.0
1988-04-18;96.0;4;96.0
1988-04-19;57.0;4;57.0
1988-04-20;74.0;4;74.0
1988-04-21;57.0;4;57.0
1988-04-22;51.0;4;51.0
1988-04-23;110.0;4;110.0
1988-04-24;190.0;4;190.0
1988-04-25;103.0;4;103.0
1988-04-26;123.0;4;123.0
1988-04-27;123.0;4;123.0
1988-04-28;105.0;4;105.0
1988-04-29;90.0;4;90.0
1988-04-30;110.0;4;110.0
1988-05-01;160.0;5;160.0
1988-05-02;80.0;5;80.0
1988-05-03;71.0;5;71.0
1988-05-04;91.0;5;91.0
1988-05-05;70.0;5;70.0
1988-05-06;64.0;5;64.0
1988-05-07;94.0;5;94.0
1988-05-08;125.0;5;125.0
1988-05-09;142.0;5;142.0
1988-05-10;129.0;5;129.0
1988-05-11;167.0;5;167.0
1988-05-12;104.0;5;104.0
1988-05-13;98.0;5;98.0
1988-05-14;85.0;5;85.0
1988-05-15;96.0;5;96.0
1988-05-16;69.0;5;69.0
1988-05-17;82.0;5;82.0
1988-05-18;112.0;5;112.0
1988-05-19;142.0;5;142.0
1988-05-20;92.0;5;92.0
1988-05-21;82.0;5;82.0
1988-05-22;63.0;5;63.0
1988-05-23;87.0;5;87.0
1988-05-24;196.0;5;196.0
1988-05-25;209.0;5;209.0
1988-05-26;194.0;5;194.0
1988-05-27;141.0;5;141.0
1988-05-28;96.0;5;96.0
1988-05-29;69.0;5;69.0
1988-05-30;176.0;5;176.0
1988-05-31;-999.000;5;251.0
1988-06-01;109.0;6;109.0
1988-06-02;86.0;6;86.0
1988-06-03;107.0;6;107.0
1988-06-04;102.0;6;102.0
1988-06-05;167.0;6;167.0
1988-06-06;140.0;6;140.0
1988-06-07;89.0;6;89.0
1988-06-08;77.0;6;77.0
1988-06-09;100.0;6;100.0
1988-06-10;206.0;6;206.0
1988-06-11;159.0;6;159.0
1988-06-12;162.0;6;162.0
1988-06-13;145.0;6;145.0
1988-06-14;154.0;6;154.0
1988-06-15;151.0;6;151.0
1988-06-16;110.0;6;110.0
1988-06-17;102.0;6;102.0
1988-06-18;83.0;6;83.0
1988-06-19;84.0;6;84.0
1988-06-20;67.0;6;67.0
1988-06-21;58.0;6;58.0
1988-06-22;56.0;6;56.0
1988-06-23;48.0;6;48.0
1988-06-24;73.0;6;73.0
1988-06-25;142.0;6;142.0
1988-06-26;103.0;6;103.0
1988-06-27;69.0;6;69.0
1988-06-28;56.0;6;56.0
1988-06-29;48.0;6;48.0
1988-06-30;60.0;6;60.0
1988-07-01;170.0;7;170.0
1988-07-02;77.0;7;77.0
1988-07-03;89.0;7;89.0
1988-07-04;77.0;7;77.0
1988-07-05;49.0;7;49.0
1988-07-06;59.0;7;59.0
1988-07-07;45.0;7;45.0
1988-07-08;81.0;7;81.0
1988-07-09;67.0;7;67.0
1988-07-10;136.0;7;136.0
1988-07-11;137.0;7;137.0
1988-07-12;234.0;7;234.0
1988-07-13;135.0;7;135.0
1988-07-14;112.0;7;112.0
1988-07-15;92.0;7;92.0
1988-07-16;73.0;7;73.0
1988-07-17;78.0;7;78.0
1988-07-18;69.0;7;69.0
1988-07-19;70.0;7;70.0
1988-07-20;98.0;7;98.0
1988-07-21;150.0;7;150.0
1988-07-22;122.0;7;122.0
1988-07-23;176.0;7;176.0
1988-07-24;125.0;7;125.0
1988-07-25;148.0;7;148.0
1988-07-26;124.0;7;124.0
1988-07-27;147.0;7;147.0
1988-07-28;100.0;7;100.0
1988-07-29;66.0;7;66.0
1988-07-30;59.0;7;59.0
1988-07-31;75.0;7;75.0
1988-08-01;83.0;8;83.0
1988-08-02;57.0;8;57.0
1988-08-03;49.0;8;49.0
1988-08-04;44.0;8;44.0
1988-08-05;45.0;8;45.0
1988-08-06;46.0;8;46.0
1988-08-07;53.0;8;53.0
1988-08-08;62.0;8;62.0
1988-08-09;60.0;8;60.0
1988-08-10;48.0;8;48.0
1988-08-11;40.0;8;40.0
1988-08-12;37.0;8;37.0
1988-08-13;34.0;8;34.0
1988-08-14;50.0;8;50.0
1988-08-15;39.0;8;39.0
1988-08-16;38.0;8;38.0
1988-08-17;87.0;8;87.0
1988-08-18;45.0;8;45.0
1988-08-19;36.0;8;36.0
1988-08-20;41.0;8;41.0
1988-08-21;40.0;8;40.0
1988-08-22;66.0;8;66.0
1988-08-23;42.0;8;42.0
1988-08-24;44.0;8;44.0
1988-08-25;48.0;8;48.0
1988-08-26;45.0;8;45.0
1988-08-27;36.0;8;36.0
1988-08-28;41.0;8;41.0
1988-08-29;32.0;8;32.0
1988-08-30;31.0;8;31.0
1988-08-31;-999.000;8;64.0
1988-09-01;38.0;9;38.0
1988-09-02;59.0;9;59.0
1988-09-03;82.0;9;82.0
1988-09-04;143.0;9;143.0
1988-09-05;105.0;9;105.0
1988-09-06;82.0;9;82.0
1988-09-07;81.0;9;81.0
1988-09-08;108.0;9;108.0
1988-09-09;84.0;9;84.0
1988-09-10;81.0;9;81.0
1988-09-11;44.0;9;44.0
1988-09-12;47.0;9;47.0
1988-09-13;59.0;9;59.0
1988-09-14;71.0;9;71.0
1988-09-15;36.0;9;36.0
1988-09-16;32.0;9;32.0
1988-09-17;45.0;9;45.0
1988-09-18;54.0;9;54.0
1988-09-19;71.0;9;71.0
1988-09-20;93.0;9;93.0
1988-09-21;66.0;9;66.0
1988-09-22;70.0;9;70.0
1988-09-23;41.0;9;41.0
1988-09-24;42.0;9;42.0
1988-09-25;66.0;9;66.0
1988-09-26;70.0;9;70.0
1988-09-27;65.0;9;65.0
1988-09-28;154.0;9;154.0
1988-09-29;115.0;9;115.0
1988-09-30;128.0;9;128.0
1988-10-01;85.0;10;85.0
1988-10-02;65.0;10;65.0
1988-10-03;67.0;10;67.0
1988-10-04;62.0;10;62.0
1988-10-05;55.0;10;55.0
1988-10-06;56.0;10;56.0
1988-10-07;46.0;10;46.0
1988-10-08;44.0;10;44.0
1988-10-09;38.0;10;38.0
1988-10-10;28.0;10;28.0
1988-10-11;40.0;10;40.0
1988-10-12;33.0;10;33.0
1988-10-13;34.0;10;34.0
1988-10-14;26.0;10;26.0
1988-10-15;30.0;10;30.0
1988-10-16;30.0;10;30.0
1988-10-17;74.0;10;74.0
1988-10-18;35.0;10;35.0
1988-10-19;55.0;10;55.0
1988-10-20;72.0;10;72.0
1988-10-21;230.0;10;230.0
1988-10-22;132.0;10;132.0
1988-10-23;69.0;10;69.0
1988-10-24;52.0;10;52.0
1988-10-25;107.0;10;107.0
1988-10-26;97.0;10;97.0
1988-10-27;142.0;10;142.0
1988-10-28;114.0;10;114.0
1988-10-29;85.0;10;85.0
1988-10-30;123.0;10;123.0
1988-10-31;-999.000;10;92.0
1988-11-01;126.0;11;126.0
1988-11-02;111.0;11;111.0
1988-11-03;83.0;11;83.0
1988-11-04;65.0;11;65.0
1988-11-05;156.0;11;156.0
1988-11-06;101.0;11;101.0
1988-11-07;86.0;11;86.0
1988-11-08;72.0;11;72.0
1988-11-09;70.0;11;70.0
1988-11-10;41.0;11;41.0
1988-11-11;53.0;11;53.0
1988-11-12;46.0;11;46.0
1988-11-13;84.0;11;84.0
1988-11-14;71.0;11;71.0
1988-11-15;47.0;11;47.0
1988-11-16;37.0;11;37.0
1988-11-17;32.0;11;32.0
1988-11-18;38.0;11;38.0
1988-11-19;24.0;11;24.0
1988-11-20;27.0;11;27.0
1988-11-21;27.0;11;27.0
1988-11-22;20.0;11;20.0
1988-11-23;20.0;11;20.0
1988-11-24;17.0;11;17.0
1988-11-25;15.0;11;15.0
1988-11-26;14.0;11;14.0
1988-11-27;14.0;11;14.0
1988-11-28;18.0;11;18.0
1988-11-29;29.0;11;29.0
1988-11-30;51.0;11;51.0
1988-12-01;28.0;12;28.0
1988-12-02;22.0;12;22.0
1988-12-03;16.0;12;16.0
1988-12-04;15.0;12;15.0
1988-12-05;16.0;12;16.0
1988-12-06;14.0;12;14.0
1988-12-07;12.0;12;12.0
1988-12-08;12.0;12;12.0
1988-12-09;12.0;12;12.0
1988-12-10;12.0;12;12.0
1988-12-11;12.0;12;12.0
1988-12-12;12.0;12;12.0
1988-12-13;12.0;12;12.0
1988-12-14;12.0;12;12.0
1988-12-15;12.0;12;12.0
1988-12-16;12.0;12;12.0
1988-12-17;161.0;12;161.0
1988-12-18;69.0;12;69.0
1988-12-19;16.0;12;16.0
1988-12-20;20.0;12;20.0
1988-12-21;21.0;12;21.0
1988-12-22;21.0;12;21.0
1988-12-23;18.0;12;18.0
1988-12-24;18.0;12;18.0
1988-12-25;15.0;12;15.0
1988-12-26;12.0;12;12.0
1988-12-27;22.0;12;22.0
1988-12-28;13.0;12;13.0
1988-12-29;12.0;12;12.0
1988-12-30;12.0;12;12.0
1988-12-31;13.0;12;13.0
