# River:                 RIO SUAZA
# Station:               PTE.GARCES
# Latitude (DD):       2.03
# Longitude (DD):      -75.77

YYYY-MM-DD;Value;month;Value_imputed
1978-01-01;23.0;1;23.0
1978-01-02;23.0;1;23.0
1978-01-03;20.0;1;20.0
1978-01-04;19.0;1;19.0
1978-01-05;20.0;1;20.0
1978-01-06;19.0;1;19.0
1978-01-07;19.0;1;19.0
1978-01-08;19.0;1;19.0
1978-01-09;22.0;1;22.0
1978-01-10;23.0;1;23.0
1978-01-11;22.0;1;22.0
1978-01-12;20.0;1;20.0
1978-01-13;18.0;1;18.0
1978-01-14;18.0;1;18.0
1978-01-15;16.0;1;16.0
1978-01-16;16.0;1;16.0
1978-01-17;16.0;1;16.0
1978-01-18;16.0;1;16.0
1978-01-19;16.0;1;16.0
1978-01-20;16.0;1;16.0
1978-01-21;16.0;1;16.0
1978-01-22;16.0;1;16.0
1978-01-23;18.0;1;18.0
1978-01-24;18.0;1;18.0
1978-01-25;31.0;1;31.0
1978-01-26;25.0;1;25.0
1978-01-27;37.0;1;37.0
1978-01-28;33.0;1;33.0
1978-01-29;68.0;1;68.0
1978-01-30;35.0;1;35.0
1978-01-31;34.0;1;34.0
1978-02-01;35.0;2;35.0
1978-02-02;42.0;2;42.0
1978-02-03;26.0;2;26.0
1978-02-04;23.0;2;23.0
1978-02-05;25.0;2;25.0
1978-02-06;19.0;2;19.0
1978-02-07;21.0;2;21.0
1978-02-08;19.0;2;19.0
1978-02-09;26.0;2;26.0
1978-02-10;19.0;2;19.0
1978-02-11;19.0;2;19.0
1978-02-12;18.0;2;18.0
1978-02-13;17.0;2;17.0
1978-02-14;17.0;2;17.0
1978-02-15;16.0;2;16.0
1978-02-16;16.0;2;16.0
1978-02-17;15.0;2;15.0
1978-02-18;30.0;2;30.0
1978-02-19;20.0;2;20.0
1978-02-20;17.0;2;17.0
1978-02-21;16.0;2;16.0
1978-02-22;15.0;2;15.0
1978-02-23;15.0;2;15.0
1978-02-24;15.0;2;15.0
1978-02-25;15.0;2;15.0
1978-02-26;15.0;2;15.0
1978-02-27;15.0;2;15.0
1978-02-28;14.0;2;14.0
1978-03-01;14.0;3;14.0
1978-03-02;15.0;3;15.0
1978-03-03;15.0;3;15.0
1978-03-04;14.0;3;14.0
1978-03-05;16.0;3;16.0
1978-03-06;14.0;3;14.0
1978-03-07;15.0;3;15.0
1978-03-08;15.0;3;15.0
1978-03-09;18.0;3;18.0
1978-03-10;14.0;3;14.0
1978-03-11;23.0;3;23.0
1978-03-12;18.0;3;18.0
1978-03-13;15.0;3;15.0
1978-03-14;14.0;3;14.0
1978-03-15;13.0;3;13.0
1978-03-16;15.0;3;15.0
1978-03-17;15.0;3;15.0
1978-03-18;27.0;3;27.0
1978-03-19;28.0;3;28.0
1978-03-20;27.0;3;27.0
1978-03-21;25.0;3;25.0
1978-03-22;104.0;3;104.0
1978-03-23;57.0;3;57.0
1978-03-24;34.0;3;34.0
1978-03-25;37.0;3;37.0
1978-03-26;37.0;3;37.0
1978-03-27;46.0;3;46.0
1978-03-28;64.0;3;64.0
1978-03-29;29.0;3;29.0
1978-03-30;24.0;3;24.0
1978-03-31;22.0;3;22.0
1978-04-01;26.0;4;26.0
1978-04-02;24.0;4;24.0
1978-04-03;26.0;4;26.0
1978-04-04;22.0;4;22.0
1978-04-05;25.0;4;25.0
1978-04-06;24.0;4;24.0
1978-04-07;134.0;4;134.0
1978-04-08;50.0;4;50.0
1978-04-09;32.0;4;32.0
1978-04-10;28.0;4;28.0
1978-04-11;62.0;4;62.0
1978-04-12;48.0;4;48.0
1978-04-13;38.0;4;38.0
1978-04-14;49.0;4;49.0
1978-04-15;35.0;4;35.0
1978-04-16;35.0;4;35.0
1978-04-17;37.0;4;37.0
1978-04-18;35.0;4;35.0
1978-04-19;31.0;4;31.0
1978-04-20;42.0;4;42.0
1978-04-21;40.0;4;40.0
1978-04-22;30.0;4;30.0
1978-04-23;43.0;4;43.0
1978-04-24;29.0;4;29.0
1978-04-25;30.0;4;30.0
1978-04-26;40.0;4;40.0
1978-04-27;35.0;4;35.0
1978-04-28;119.0;4;119.0
1978-04-29;36.0;4;36.0
1978-04-30;30.0;4;30.0
1978-05-01;28.0;5;28.0
1978-05-02;48.0;5;48.0
1978-05-03;37.0;5;37.0
1978-05-04;34.0;5;34.0
1978-05-05;28.0;5;28.0
1978-05-06;28.0;5;28.0
1978-05-07;54.0;5;54.0
1978-05-08;50.0;5;50.0
1978-05-09;33.0;5;33.0
1978-05-10;33.0;5;33.0
1978-05-11;28.0;5;28.0
1978-05-12;29.0;5;29.0
1978-05-13;31.0;5;31.0
1978-05-14;35.0;5;35.0
1978-05-15;30.0;5;30.0
1978-05-16;39.0;5;39.0
1978-05-17;55.0;5;55.0
1978-05-18;118.0;5;118.0
1978-05-19;51.0;5;51.0
1978-05-20;38.0;5;38.0
1978-05-21;34.0;5;34.0
1978-05-22;34.0;5;34.0
1978-05-23;30.0;5;30.0
1978-05-24;31.0;5;31.0
1978-05-25;29.0;5;29.0
1978-05-26;31.0;5;31.0
1978-05-27;31.0;5;31.0
1978-05-28;43.0;5;43.0
1978-05-29;28.0;5;28.0
1978-05-30;26.0;5;26.0
1978-05-31;25.0;5;25.0
1978-06-01;24.0;6;24.0
1978-06-02;35.0;6;35.0
1978-06-03;27.0;6;27.0
1978-06-04;46.0;6;46.0
1978-06-05;61.0;6;61.0
1978-06-06;57.0;6;57.0
1978-06-07;58.0;6;58.0
1978-06-08;37.0;6;37.0
1978-06-09;32.0;6;32.0
1978-06-10;34.0;6;34.0
1978-06-11;30.0;6;30.0
1978-06-12;28.0;6;28.0
1978-06-13;46.0;6;46.0
1978-06-14;35.0;6;35.0
1978-06-15;69.0;6;69.0
1978-06-16;51.0;6;51.0
1978-06-17;36.0;6;36.0
1978-06-18;31.0;6;31.0
1978-06-19;42.0;6;42.0
1978-06-20;82.0;6;82.0
1978-06-21;48.0;6;48.0
1978-06-22;41.0;6;41.0
1978-06-23;110.0;6;110.0
1978-06-24;113.0;6;113.0
1978-06-25;79.0;6;79.0
1978-06-26;53.0;6;53.0
1978-06-27;49.0;6;49.0
1978-06-28;40.0;6;40.0
1978-06-29;42.0;6;42.0
1978-06-30;41.0;6;41.0
1978-07-01;52.0;7;52.0
1978-07-02;116.0;7;116.0
1978-07-03;60.0;7;60.0
1978-07-04;49.0;7;49.0
1978-07-05;54.0;7;54.0
1978-07-06;103.0;7;103.0
1978-07-07;117.0;7;117.0
1978-07-08;78.0;7;78.0
1978-07-09;74.0;7;74.0
1978-07-10;70.0;7;70.0
1978-07-11;61.0;7;61.0
1978-07-12;56.0;7;56.0
1978-07-13;66.0;7;66.0
1978-07-14;57.0;7;57.0
1978-07-15;53.0;7;53.0
1978-07-16;52.0;7;52.0
1978-07-17;48.0;7;48.0
1978-07-18;61.0;7;61.0
1978-07-19;58.0;7;58.0
1978-07-20;49.0;7;49.0
1978-07-21;44.0;7;44.0
1978-07-22;41.0;7;41.0
1978-07-23;39.0;7;39.0
1978-07-24;38.0;7;38.0
1978-07-25;38.0;7;38.0
1978-07-26;39.0;7;39.0
1978-07-27;38.0;7;38.0
1978-07-28;76.0;7;76.0
1978-07-29;68.0;7;68.0
1978-07-30;54.0;7;54.0
1978-07-31;69.0;7;69.0
1978-08-01;63.0;8;63.0
1978-08-02;60.0;8;60.0
1978-08-03;61.0;8;61.0
1978-08-04;66.0;8;66.0
1978-08-05;62.0;8;62.0
1978-08-06;54.0;8;54.0
1978-08-07;51.0;8;51.0
1978-08-08;52.0;8;52.0
1978-08-09;49.0;8;49.0
1978-08-10;60.0;8;60.0
1978-08-11;55.0;8;55.0
1978-08-12;49.0;8;49.0
1978-08-13;105.0;8;105.0
1978-08-14;175.0;8;175.0
1978-08-15;119.0;8;119.0
1978-08-16;70.0;8;70.0
1978-08-17;61.0;8;61.0
1978-08-18;56.0;8;56.0
1978-08-19;51.0;8;51.0
1978-08-20;48.0;8;48.0
1978-08-21;48.0;8;48.0
1978-08-22;48.0;8;48.0
1978-08-23;42.0;8;42.0
1978-08-24;47.0;8;47.0
1978-08-25;55.0;8;55.0
1978-08-26;47.0;8;47.0
1978-08-27;41.0;8;41.0
1978-08-28;50.0;8;50.0
1978-08-29;44.0;8;44.0
1978-08-30;48.0;8;48.0
1978-08-31;50.0;8;50.0
1978-09-01;42.0;9;42.0
1978-09-02;39.0;9;39.0
1978-09-03;37.0;9;37.0
1978-09-04;36.0;9;36.0
1978-09-05;34.0;9;34.0
1978-09-06;33.0;9;33.0
1978-09-07;31.0;9;31.0
1978-09-08;30.0;9;30.0
1978-09-09;31.0;9;31.0
1978-09-10;62.0;9;62.0
1978-09-11;58.0;9;58.0
1978-09-12;46.0;9;46.0
1978-09-13;39.0;9;39.0
1978-09-14;32.0;9;32.0
1978-09-15;33.0;9;33.0
1978-09-16;44.0;9;44.0
1978-09-17;33.0;9;33.0
1978-09-18;62.0;9;62.0
1978-09-19;44.0;9;44.0
1978-09-20;30.0;9;30.0
1978-09-21;29.0;9;29.0
1978-09-22;72.0;9;72.0
1978-09-23;58.0;9;58.0
1978-09-24;50.0;9;50.0
1978-09-25;47.0;9;47.0
1978-09-26;35.0;9;35.0
1978-09-27;66.0;9;66.0
1978-09-28;50.0;9;50.0
1978-09-29;79.0;9;79.0
1978-09-30;58.0;9;58.0
1978-10-01;48.0;10;48.0
1978-10-02;62.0;10;62.0
1978-10-03;97.0;10;97.0
1978-10-04;63.0;10;63.0
1978-10-05;50.0;10;50.0
1978-10-06;121.0;10;121.0
1978-10-07;64.0;10;64.0
1978-10-08;53.0;10;53.0
1978-10-09;46.0;10;46.0
1978-10-10;42.0;10;42.0
1978-10-11;41.0;10;41.0
1978-10-12;41.0;10;41.0
1978-10-13;37.0;10;37.0
1978-10-14;42.0;10;42.0
1978-10-15;40.0;10;40.0
1978-10-16;38.0;10;38.0
1978-10-17;39.0;10;39.0
1978-10-18;49.0;10;49.0
1978-10-19;36.0;10;36.0
1978-10-20;31.0;10;31.0
1978-10-21;30.0;10;30.0
1978-10-22;29.0;10;29.0
1978-10-23;31.0;10;31.0
1978-10-24;32.0;10;32.0
1978-10-25;29.0;10;29.0
1978-10-26;32.0;10;32.0
1978-10-27;41.0;10;41.0
1978-10-28;45.0;10;45.0
1978-10-29;31.0;10;31.0
1978-10-30;28.0;10;28.0
1978-10-31;28.0;10;28.0
1978-11-01;51.0;11;51.0
1978-11-02;42.0;11;42.0
1978-11-03;31.0;11;31.0
1978-11-04;30.0;11;30.0
1978-11-05;28.0;11;28.0
1978-11-06;27.0;11;27.0
1978-11-07;65.0;11;65.0
1978-11-08;38.0;11;38.0
1978-11-09;33.0;11;33.0
1978-11-10;34.0;11;34.0
1978-11-11;38.0;11;38.0
1978-11-12;32.0;11;32.0
1978-11-13;28.0;11;28.0
1978-11-14;26.0;11;26.0
1978-11-15;28.0;11;28.0
1978-11-16;28.0;11;28.0
1978-11-17;26.0;11;26.0
1978-11-18;26.0;11;26.0
1978-11-19;24.0;11;24.0
1978-11-20;38.0;11;38.0
1978-11-21;36.0;11;36.0
1978-11-22;27.0;11;27.0
1978-11-23;28.0;11;28.0
1978-11-24;40.0;11;40.0
1978-11-25;43.0;11;43.0
1978-11-26;29.0;11;29.0
1978-11-27;35.0;11;35.0
1978-11-28;29.0;11;29.0
1978-11-29;25.0;11;25.0
1978-11-30;41.0;11;41.0
1978-12-01;29.0;12;29.0
1978-12-02;32.0;12;32.0
1978-12-03;31.0;12;31.0
1978-12-04;32.0;12;32.0
1978-12-05;34.0;12;34.0
1978-12-06;28.0;12;28.0
1978-12-07;25.0;12;25.0
1978-12-08;39.0;12;39.0
1978-12-09;56.0;12;56.0
1978-12-10;47.0;12;47.0
1978-12-11;47.0;12;47.0
1978-12-12;64.0;12;64.0
1978-12-13;43.0;12;43.0
1978-12-14;33.0;12;33.0
1978-12-15;29.0;12;29.0
1978-12-16;27.0;12;27.0
1978-12-17;26.0;12;26.0
1978-12-18;26.0;12;26.0
1978-12-19;24.0;12;24.0
1978-12-20;23.0;12;23.0
1978-12-21;23.0;12;23.0
1978-12-22;23.0;12;23.0
1978-12-23;23.0;12;23.0
1978-12-24;24.0;12;24.0
1978-12-25;22.0;12;22.0
1978-12-26;20.0;12;20.0
1978-12-27;20.0;12;20.0
1978-12-28;20.0;12;20.0
1978-12-29;20.0;12;20.0
1978-12-30;19.0;12;19.0
1978-12-31;19.0;12;19.0
1979-01-01;19.0;1;19.0
1979-01-02;19.0;1;19.0
1979-01-03;18.0;1;18.0
1979-01-04;18.0;1;18.0
1979-01-05;18.0;1;18.0
1979-01-06;17.0;1;17.0
1979-01-07;17.0;1;17.0
1979-01-08;17.0;1;17.0
1979-01-09;17.0;1;17.0
1979-01-10;17.0;1;17.0
1979-01-11;29.0;1;29.0
1979-01-12;21.0;1;21.0
1979-01-13;17.0;1;17.0
1979-01-14;17.0;1;17.0
1979-01-15;17.0;1;17.0
1979-01-16;17.0;1;17.0
1979-01-17;17.0;1;17.0
1979-01-18;16.0;1;16.0
1979-01-19;16.0;1;16.0
1979-01-20;15.0;1;15.0
1979-01-21;15.0;1;15.0
1979-01-22;15.0;1;15.0
1979-01-23;18.0;1;18.0
1979-01-24;17.0;1;17.0
1979-01-25;15.0;1;15.0
1979-01-26;15.0;1;15.0
1979-01-27;50.0;1;50.0
1979-01-28;32.0;1;32.0
1979-01-29;33.0;1;33.0
1979-01-30;28.0;1;28.0
1979-01-31;20.0;1;20.0
1979-02-01;17.0;2;17.0
1979-02-02;16.0;2;16.0
1979-02-03;16.0;2;16.0
1979-02-04;15.0;2;15.0
1979-02-05;15.0;2;15.0
1979-02-06;15.0;2;15.0
1979-02-07;15.0;2;15.0
1979-02-08;14.0;2;14.0
1979-02-09;14.0;2;14.0
1979-02-10;14.0;2;14.0
1979-02-11;15.0;2;15.0
1979-02-12;19.0;2;19.0
1979-02-13;17.0;2;17.0
1979-02-14;15.0;2;15.0
1979-02-15;17.0;2;17.0
1979-02-16;17.0;2;17.0
1979-02-17;18.0;2;18.0
1979-02-18;15.0;2;15.0
1979-02-19;14.0;2;14.0
1979-02-20;16.0;2;16.0
1979-02-21;16.0;2;16.0
1979-02-22;23.0;2;23.0
1979-02-23;16.0;2;16.0
1979-02-24;16.0;2;16.0
1979-02-25;16.0;2;16.0
1979-02-26;16.0;2;16.0
1979-02-27;17.0;2;17.0
1979-02-28;19.0;2;19.0
1979-03-01;16.0;3;16.0
1979-03-02;16.0;3;16.0
1979-03-03;28.0;3;28.0
1979-03-04;18.0;3;18.0
1979-03-05;16.0;3;16.0
1979-03-06;79.0;3;79.0
1979-03-07;35.0;3;35.0
1979-03-08;38.0;3;38.0
1979-03-09;35.0;3;35.0
1979-03-10;53.0;3;53.0
1979-03-11;26.0;3;26.0
1979-03-12;22.0;3;22.0
1979-03-13;28.0;3;28.0
1979-03-14;19.0;3;19.0
1979-03-15;36.0;3;36.0
1979-03-16;24.0;3;24.0
1979-03-17;21.0;3;21.0
1979-03-18;19.0;3;19.0
1979-03-19;42.0;3;42.0
1979-03-20;33.0;3;33.0
1979-03-21;21.0;3;21.0
1979-03-22;37.0;3;37.0
1979-03-23;33.0;3;33.0
1979-03-24;33.0;3;33.0
1979-03-25;29.0;3;29.0
1979-03-26;20.0;3;20.0
1979-03-27;19.0;3;19.0
1979-03-28;32.0;3;32.0
1979-03-29;38.0;3;38.0
1979-03-30;21.0;3;21.0
1979-03-31;23.0;3;23.0
1979-04-01;61.0;4;61.0
1979-04-02;40.0;4;40.0
1979-04-03;26.0;4;26.0
1979-04-04;28.0;4;28.0
1979-04-05;79.0;4;79.0
1979-04-06;64.0;4;64.0
1979-04-07;44.0;4;44.0
1979-04-08;66.0;4;66.0
1979-04-09;53.0;4;53.0
1979-04-10;41.0;4;41.0
1979-04-11;51.0;4;51.0
1979-04-12;54.0;4;54.0
1979-04-13;51.0;4;51.0
1979-04-14;43.0;4;43.0
1979-04-15;74.0;4;74.0
1979-04-16;61.0;4;61.0
1979-04-17;45.0;4;45.0
1979-04-18;38.0;4;38.0
1979-04-19;61.0;4;61.0
1979-04-20;39.0;4;39.0
1979-04-21;33.0;4;33.0
1979-04-22;39.0;4;39.0
1979-04-23;74.0;4;74.0
1979-04-24;42.0;4;42.0
1979-04-25;35.0;4;35.0
1979-04-26;33.0;4;33.0
1979-04-27;62.0;4;62.0
1979-04-28;45.0;4;45.0
1979-04-29;36.0;4;36.0
1979-04-30;108.0;4;108.0
1979-05-01;61.0;5;61.0
1979-05-02;46.0;5;46.0
1979-05-03;116.0;5;116.0
1979-05-04;82.0;5;82.0
1979-05-05;65.0;5;65.0
1979-05-06;53.0;5;53.0
1979-05-07;51.0;5;51.0
1979-05-08;62.0;5;62.0
1979-05-09;45.0;5;45.0
1979-05-10;39.0;5;39.0
1979-05-11;96.0;5;96.0
1979-05-12;58.0;5;58.0
1979-05-13;49.0;5;49.0
1979-05-14;65.0;5;65.0
1979-05-15;52.0;5;52.0
1979-05-16;47.0;5;47.0
1979-05-17;57.0;5;57.0
1979-05-18;48.0;5;48.0
1979-05-19;40.0;5;40.0
1979-05-20;38.0;5;38.0
1979-05-21;74.0;5;74.0
1979-05-22;61.0;5;61.0
1979-05-23;61.0;5;61.0
1979-05-24;61.0;5;61.0
1979-05-25;53.0;5;53.0
1979-05-26;40.0;5;40.0
1979-05-27;77.0;5;77.0
1979-05-28;124.0;5;124.0
1979-05-29;65.0;5;65.0
1979-05-30;55.0;5;55.0
1979-05-31;112.0;5;112.0
1979-06-01;113.0;6;113.0
1979-06-02;87.0;6;87.0
1979-06-03;55.0;6;55.0
1979-06-04;50.0;6;50.0
1979-06-05;47.0;6;47.0
1979-06-06;93.0;6;93.0
1979-06-07;47.0;6;47.0
1979-06-08;37.0;6;37.0
1979-06-09;40.0;6;40.0
1979-06-10;47.0;6;47.0
1979-06-11;40.0;6;40.0
1979-06-12;47.0;6;47.0
1979-06-13;43.0;6;43.0
1979-06-14;53.0;6;53.0
1979-06-15;100.0;6;100.0
1979-06-16;69.0;6;69.0
1979-06-17;55.0;6;55.0
1979-06-18;55.0;6;55.0
1979-06-19;43.0;6;43.0
1979-06-20;43.0;6;43.0
1979-06-21;49.0;6;49.0
1979-06-22;46.0;6;46.0
1979-06-23;44.0;6;44.0
1979-06-24;38.0;6;38.0
1979-06-25;40.0;6;40.0
1979-06-26;64.0;6;64.0
1979-06-27;69.0;6;69.0
1979-06-28;159.0;6;159.0
1979-06-29;67.0;6;67.0
1979-06-30;61.0;6;61.0
1979-07-01;50.0;7;50.0
1979-07-02;43.0;7;43.0
1979-07-03;54.0;7;54.0
1979-07-04;65.0;7;65.0
1979-07-05;88.0;7;88.0
1979-07-06;150.0;7;150.0
1979-07-07;98.0;7;98.0
1979-07-08;68.0;7;68.0
1979-07-09;65.0;7;65.0
1979-07-10;70.0;7;70.0
1979-07-11;68.0;7;68.0
1979-07-12;57.0;7;57.0
1979-07-13;47.0;7;47.0
1979-07-14;44.0;7;44.0
1979-07-15;42.0;7;42.0
1979-07-16;47.0;7;47.0
1979-07-17;141.0;7;141.0
1979-07-18;65.0;7;65.0
1979-07-19;50.0;7;50.0
1979-07-20;54.0;7;54.0
1979-07-21;69.0;7;69.0
1979-07-22;48.0;7;48.0
1979-07-23;44.0;7;44.0
1979-07-24;67.0;7;67.0
1979-07-25;91.0;7;91.0
1979-07-26;56.0;7;56.0
1979-07-27;82.0;7;82.0
1979-07-28;55.0;7;55.0
1979-07-29;49.0;7;49.0
1979-07-30;45.0;7;45.0
1979-07-31;42.0;7;42.0
1979-08-01;40.0;8;40.0
1979-08-02;39.0;8;39.0
1979-08-03;41.0;8;41.0
1979-08-04;43.0;8;43.0
1979-08-05;41.0;8;41.0
1979-08-06;43.0;8;43.0
1979-08-07;40.0;8;40.0
1979-08-08;43.0;8;43.0
1979-08-09;45.0;8;45.0
1979-08-10;36.0;8;36.0
1979-08-11;34.0;8;34.0
1979-08-12;33.0;8;33.0
1979-08-13;34.0;8;34.0
1979-08-14;33.0;8;33.0
1979-08-15;35.0;8;35.0
1979-08-16;38.0;8;38.0
1979-08-17;44.0;8;44.0
1979-08-18;47.0;8;47.0
1979-08-19;43.0;8;43.0
1979-08-20;43.0;8;43.0
1979-08-21;37.0;8;37.0
1979-08-22;36.0;8;36.0
1979-08-23;35.0;8;35.0
1979-08-24;43.0;8;43.0
1979-08-25;36.0;8;36.0
1979-08-26;37.0;8;37.0
1979-08-27;36.0;8;36.0
1979-08-28;41.0;8;41.0
1979-08-29;35.0;8;35.0
1979-08-30;44.0;8;44.0
1979-08-31;59.0;8;59.0
1979-09-01;40.0;9;40.0
1979-09-02;40.0;9;40.0
1979-09-03;39.0;9;39.0
1979-09-04;38.0;9;38.0
1979-09-05;41.0;9;41.0
1979-09-06;105.0;9;105.0
1979-09-07;55.0;9;55.0
1979-09-08;41.0;9;41.0
1979-09-09;37.0;9;37.0
1979-09-10;44.0;9;44.0
1979-09-11;46.0;9;46.0
1979-09-12;36.0;9;36.0
1979-09-13;36.0;9;36.0
1979-09-14;37.0;9;37.0
1979-09-15;36.0;9;36.0
1979-09-16;35.0;9;35.0
1979-09-17;34.0;9;34.0
1979-09-18;33.0;9;33.0
1979-09-19;38.0;9;38.0
1979-09-20;32.0;9;32.0
1979-09-21;28.0;9;28.0
1979-09-22;48.0;9;48.0
1979-09-23;30.0;9;30.0
1979-09-24;27.0;9;27.0
1979-09-25;28.0;9;28.0
1979-09-26;35.0;9;35.0
1979-09-27;33.0;9;33.0
1979-09-28;28.0;9;28.0
1979-09-29;23.0;9;23.0
1979-09-30;23.0;9;23.0
1979-10-01;25.0;10;25.0
1979-10-02;43.0;10;43.0
1979-10-03;33.0;10;33.0
1979-10-04;25.0;10;25.0
1979-10-05;24.0;10;24.0
1979-10-06;28.0;10;28.0
1979-10-07;25.0;10;25.0
1979-10-08;37.0;10;37.0
1979-10-09;35.0;10;35.0
1979-10-10;25.0;10;25.0
1979-10-11;25.0;10;25.0
1979-10-12;27.0;10;27.0
1979-10-13;24.0;10;24.0
1979-10-14;21.0;10;21.0
1979-10-15;21.0;10;21.0
1979-10-16;34.0;10;34.0
1979-10-17;39.0;10;39.0
1979-10-18;31.0;10;31.0
1979-10-19;23.0;10;23.0
1979-10-20;22.0;10;22.0
1979-10-21;21.0;10;21.0
1979-10-22;19.0;10;19.0
1979-10-23;18.0;10;18.0
1979-10-24;18.0;10;18.0
1979-10-25;28.0;10;28.0
1979-10-26;23.0;10;23.0
1979-10-27;20.0;10;20.0
1979-10-28;22.0;10;22.0
1979-10-29;20.0;10;20.0
1979-10-30;18.0;10;18.0
1979-10-31;17.0;10;17.0
1979-11-01;17.0;11;17.0
1979-11-02;17.0;11;17.0
1979-11-03;18.0;11;18.0
1979-11-04;33.0;11;33.0
1979-11-05;26.0;11;26.0
1979-11-06;19.0;11;19.0
1979-11-07;19.0;11;19.0
1979-11-08;56.0;11;56.0
1979-11-09;28.0;11;28.0
1979-11-10;28.0;11;28.0
1979-11-11;27.0;11;27.0
1979-11-12;23.0;11;23.0
1979-11-13;20.0;11;20.0
1979-11-14;29.0;11;29.0
1979-11-15;51.0;11;51.0
1979-11-16;32.0;11;32.0
1979-11-17;25.0;11;25.0
1979-11-18;25.0;11;25.0
1979-11-19;24.0;11;24.0
1979-11-20;22.0;11;22.0
1979-11-21;25.0;11;25.0
1979-11-22;21.0;11;21.0
1979-11-23;20.0;11;20.0
1979-11-24;37.0;11;37.0
1979-11-25;94.0;11;94.0
1979-11-26;53.0;11;53.0
1979-11-27;86.0;11;86.0
1979-11-28;54.0;11;54.0
1979-11-29;34.0;11;34.0
1979-11-30;37.0;11;37.0
1979-12-01;46.0;12;46.0
1979-12-02;34.0;12;34.0
1979-12-03;36.0;12;36.0
1979-12-04;36.0;12;36.0
1979-12-05;27.0;12;27.0
1979-12-06;30.0;12;30.0
1979-12-07;43.0;12;43.0
1979-12-08;39.0;12;39.0
1979-12-09;29.0;12;29.0
1979-12-10;24.0;12;24.0
1979-12-11;26.0;12;26.0
1979-12-12;23.0;12;23.0
1979-12-13;21.0;12;21.0
1979-12-14;21.0;12;21.0
1979-12-15;22.0;12;22.0
1979-12-16;31.0;12;31.0
1979-12-17;41.0;12;41.0
1979-12-18;25.0;12;25.0
1979-12-19;24.0;12;24.0
1979-12-20;54.0;12;54.0
1979-12-21;27.0;12;27.0
1979-12-22;22.0;12;22.0
1979-12-23;21.0;12;21.0
1979-12-24;20.0;12;20.0
1979-12-25;25.0;12;25.0
1979-12-26;27.0;12;27.0
1979-12-27;27.0;12;27.0
1979-12-28;26.0;12;26.0
1979-12-29;28.0;12;28.0
1979-12-30;23.0;12;23.0
1979-12-31;30.0;12;30.0
1980-01-01;41.0;1;41.0
1980-01-02;41.0;1;41.0
1980-01-03;34.0;1;34.0
1980-01-04;33.0;1;33.0
1980-01-05;27.0;1;27.0
1980-01-06;23.0;1;23.0
1980-01-07;21.0;1;21.0
1980-01-08;22.0;1;22.0
1980-01-09;20.0;1;20.0
1980-01-10;17.0;1;17.0
1980-01-11;19.0;1;19.0
1980-01-12;21.0;1;21.0
1980-01-13;21.0;1;21.0
1980-01-14;21.0;1;21.0
1980-01-15;21.0;1;21.0
1980-01-16;21.0;1;21.0
1980-01-17;22.0;1;22.0
1980-01-18;21.0;1;21.0
1980-01-19;22.0;1;22.0
1980-01-20;21.0;1;21.0
1980-01-21;20.0;1;20.0
1980-01-22;18.0;1;18.0
1980-01-23;29.0;1;29.0
1980-01-24;21.0;1;21.0
1980-01-25;26.0;1;26.0
1980-01-26;21.0;1;21.0
1980-01-27;17.0;1;17.0
1980-01-28;17.0;1;17.0
1980-01-29;24.0;1;24.0
1980-01-30;22.0;1;22.0
1980-01-31;21.0;1;21.0
1980-02-01;21.0;2;21.0
1980-02-02;17.0;2;17.0
1980-02-03;17.0;2;17.0
1980-02-04;16.0;2;16.0
1980-02-05;16.0;2;16.0
1980-02-06;17.0;2;17.0
1980-02-07;21.0;2;21.0
1980-02-08;23.0;2;23.0
1980-02-09;19.0;2;19.0
1980-02-10;17.0;2;17.0
1980-02-11;16.0;2;16.0
1980-02-12;16.0;2;16.0
1980-02-13;15.0;2;15.0
1980-02-14;15.0;2;15.0
1980-02-15;15.0;2;15.0
1980-02-16;15.0;2;15.0
1980-02-17;15.0;2;15.0
1980-02-18;17.0;2;17.0
1980-02-19;21.0;2;21.0
1980-02-20;21.0;2;21.0
1980-02-21;22.0;2;22.0
1980-02-22;22.0;2;22.0
1980-02-23;17.0;2;17.0
1980-02-24;16.0;2;16.0
1980-02-25;15.0;2;15.0
1980-02-26;15.0;2;15.0
1980-02-27;15.0;2;15.0
1980-02-28;15.0;2;15.0
1980-02-29;14.0;2;14.0
1980-03-01;14.0;3;14.0
1980-03-02;14.0;3;14.0
1980-03-03;15.0;3;15.0
1980-03-04;14.0;3;14.0
1980-03-05;14.0;3;14.0
1980-03-06;14.0;3;14.0
1980-03-07;14.0;3;14.0
1980-03-08;13.0;3;13.0
1980-03-09;13.0;3;13.0
1980-03-10;18.0;3;18.0
1980-03-11;18.0;3;18.0
1980-03-12;15.0;3;15.0
1980-03-13;37.0;3;37.0
1980-03-14;30.0;3;30.0
1980-03-15;83.0;3;83.0
1980-03-16;27.0;3;27.0
1980-03-17;20.0;3;20.0
1980-03-18;19.0;3;19.0
1980-03-19;23.0;3;23.0
1980-03-20;20.0;3;20.0
1980-03-21;16.0;3;16.0
1980-03-22;15.0;3;15.0
1980-03-23;56.0;3;56.0
1980-03-24;32.0;3;32.0
1980-03-25;52.0;3;52.0
1980-03-26;32.0;3;32.0
1980-03-27;38.0;3;38.0
1980-03-28;60.0;3;60.0
1980-03-29;55.0;3;55.0
1980-03-30;88.0;3;88.0
1980-03-31;54.0;3;54.0
1980-04-01;33.0;4;33.0
1980-04-02;29.0;4;29.0
1980-04-03;30.0;4;30.0
1980-04-04;35.0;4;35.0
1980-04-05;24.0;4;24.0
1980-04-06;22.0;4;22.0
1980-04-07;21.0;4;21.0
1980-04-08;20.0;4;20.0
1980-04-09;55.0;4;55.0
1980-04-10;28.0;4;28.0
1980-04-11;26.0;4;26.0
1980-04-12;22.0;4;22.0
1980-04-13;25.0;4;25.0
1980-04-14;21.0;4;21.0
1980-04-15;43.0;4;43.0
1980-04-16;30.0;4;30.0
1980-04-17;66.0;4;66.0
1980-04-18;45.0;4;45.0
1980-04-19;57.0;4;57.0
1980-04-20;47.0;4;47.0
1980-04-21;64.0;4;64.0
1980-04-22;57.0;4;57.0
1980-04-23;36.0;4;36.0
1980-04-24;30.0;4;30.0
1980-04-25;27.0;4;27.0
1980-04-26;58.0;4;58.0
1980-04-27;35.0;4;35.0
1980-04-28;30.0;4;30.0
1980-04-29;27.0;4;27.0
1980-04-30;26.0;4;26.0
1980-05-01;26.0;5;26.0
1980-05-02;26.0;5;26.0
1980-05-03;26.0;5;26.0
1980-05-04;213.0;5;213.0
1980-05-05;67.0;5;67.0
1980-05-06;53.0;5;53.0
1980-05-07;48.0;5;48.0
1980-05-08;44.0;5;44.0
1980-05-09;41.0;5;41.0
1980-05-10;37.0;5;37.0
1980-05-11;34.0;5;34.0
1980-05-12;77.0;5;77.0
1980-05-13;76.0;5;76.0
1980-05-14;51.0;5;51.0
1980-05-15;41.0;5;41.0
1980-05-16;36.0;5;36.0
1980-05-17;32.0;5;32.0
1980-05-18;32.0;5;32.0
1980-05-19;95.0;5;95.0
1980-05-20;53.0;5;53.0
1980-05-21;42.0;5;42.0
1980-05-22;54.0;5;54.0
1980-05-23;55.0;5;55.0
1980-05-24;46.0;5;46.0
1980-05-25;38.0;5;38.0
1980-05-26;62.0;5;62.0
1980-05-27;50.0;5;50.0
1980-05-28;39.0;5;39.0
1980-05-29;33.0;5;33.0
1980-05-30;48.0;5;48.0
1980-05-31;37.0;5;37.0
1980-06-01;24.0;6;24.0
1980-06-02;25.0;6;25.0
1980-06-03;38.0;6;38.0
1980-06-04;52.0;6;52.0
1980-06-05;52.0;6;52.0
1980-06-06;40.0;6;40.0
1980-06-07;98.0;6;98.0
1980-06-08;88.0;6;88.0
1980-06-09;76.0;6;76.0
1980-06-10;58.0;6;58.0
1980-06-11;126.0;6;126.0
1980-06-12;70.0;6;70.0
1980-06-13;65.0;6;65.0
1980-06-14;55.0;6;55.0
1980-06-15;51.0;6;51.0
1980-06-16;47.0;6;47.0
1980-06-17;37.0;6;37.0
1980-06-18;49.0;6;49.0
1980-06-19;39.0;6;39.0
1980-06-20;60.0;6;60.0
1980-06-21;54.0;6;54.0
1980-06-22;46.0;6;46.0
1980-06-23;38.0;6;38.0
1980-06-24;33.0;6;33.0
1980-06-25;30.0;6;30.0
1980-06-26;86.0;6;86.0
1980-06-27;97.0;6;97.0
1980-06-28;70.0;6;70.0
1980-06-29;51.0;6;51.0
1980-06-30;48.0;6;48.0
1980-07-01;43.0;7;43.0
1980-07-02;56.0;7;56.0
1980-07-03;50.0;7;50.0
1980-07-04;51.0;7;51.0
1980-07-05;89.0;7;89.0
1980-07-06;49.0;7;49.0
1980-07-07;42.0;7;42.0
1980-07-08;41.0;7;41.0
1980-07-09;43.0;7;43.0
1980-07-10;91.0;7;91.0
1980-07-11;45.0;7;45.0
1980-07-12;43.0;7;43.0
1980-07-13;41.0;7;41.0
1980-07-14;71.0;7;71.0
1980-07-15;81.0;7;81.0
1980-07-16;81.0;7;81.0
1980-07-17;75.0;7;75.0
1980-07-18;57.0;7;57.0
1980-07-19;61.0;7;61.0
1980-07-20;58.0;7;58.0
1980-07-21;80.0;7;80.0
1980-07-22;134.0;7;134.0
1980-07-23;120.0;7;120.0
1980-07-24;78.0;7;78.0
1980-07-25;62.0;7;62.0
1980-07-26;58.0;7;58.0
1980-07-27;61.0;7;61.0
1980-07-28;60.0;7;60.0
1980-07-29;52.0;7;52.0
1980-07-30;47.0;7;47.0
1980-07-31;77.0;7;77.0
1980-08-01;87.0;8;87.0
1980-08-02;47.0;8;47.0
1980-08-03;47.0;8;47.0
1980-08-04;37.0;8;37.0
1980-08-05;37.0;8;37.0
1980-08-06;79.0;8;79.0
1980-08-07;47.0;8;47.0
1980-08-08;47.0;8;47.0
1980-08-09;94.0;8;94.0
1980-08-10;91.0;8;91.0
1980-08-11;49.0;8;49.0
1980-08-12;42.0;8;42.0
1980-08-13;49.0;8;49.0
1980-08-14;45.0;8;45.0
1980-08-15;37.0;8;37.0
1980-08-16;75.0;8;75.0
1980-08-17;49.0;8;49.0
1980-08-18;71.0;8;71.0
1980-08-19;47.0;8;47.0
1980-08-20;45.0;8;45.0
1980-08-21;37.0;8;37.0
1980-08-22;35.0;8;35.0
1980-08-23;33.0;8;33.0
1980-08-24;30.0;8;30.0
1980-08-25;33.0;8;33.0
1980-08-26;53.0;8;53.0
1980-08-27;43.0;8;43.0
1980-08-28;66.0;8;66.0
1980-08-29;49.0;8;49.0
1980-08-30;39.0;8;39.0
1980-08-31;35.0;8;35.0
1980-09-01;34.0;9;34.0
1980-09-02;34.0;9;34.0
1980-09-03;32.0;9;32.0
1980-09-04;36.0;9;36.0
1980-09-05;73.0;9;73.0
1980-09-06;91.0;9;91.0
1980-09-07;51.0;9;51.0
1980-09-08;46.0;9;46.0
1980-09-09;54.0;9;54.0
1980-09-10;53.0;9;53.0
1980-09-11;40.0;9;40.0
1980-09-12;64.0;9;64.0
1980-09-13;80.0;9;80.0
1980-09-14;40.0;9;40.0
1980-09-15;36.0;9;36.0
1980-09-16;44.0;9;44.0
1980-09-17;45.0;9;45.0
1980-09-18;34.0;9;34.0
1980-09-19;42.0;9;42.0
1980-09-20;37.0;9;37.0
1980-09-21;34.0;9;34.0
1980-09-22;42.0;9;42.0
1980-09-23;57.0;9;57.0
1980-09-24;41.0;9;41.0
1980-09-25;33.0;9;33.0
1980-09-26;33.0;9;33.0
1980-09-27;40.0;9;40.0
1980-09-28;36.0;9;36.0
1980-09-29;33.0;9;33.0
1980-09-30;32.0;9;32.0
1980-10-01;43.0;10;43.0
1980-10-02;40.0;10;40.0
1980-10-03;35.0;10;35.0
1980-10-04;42.0;10;42.0
1980-10-05;40.0;10;40.0
1980-10-06;69.0;10;69.0
1980-10-07;42.0;10;42.0
1980-10-08;43.0;10;43.0
1980-10-09;53.0;10;53.0
1980-10-10;43.0;10;43.0
1980-10-11;35.0;10;35.0
1980-10-12;40.0;10;40.0
1980-10-13;37.0;10;37.0
1980-10-14;41.0;10;41.0
1980-10-15;35.0;10;35.0
1980-10-16;32.0;10;32.0
1980-10-17;45.0;10;45.0
1980-10-18;112.0;10;112.0
1980-10-19;51.0;10;51.0
1980-10-20;40.0;10;40.0
1980-10-21;35.0;10;35.0
1980-10-22;34.0;10;34.0
1980-10-23;33.0;10;33.0
1980-10-24;34.0;10;34.0
1980-10-25;37.0;10;37.0
1980-10-26;97.0;10;97.0
1980-10-27;50.0;10;50.0
1980-10-28;38.0;10;38.0
1980-10-29;41.0;10;41.0
1980-10-30;38.0;10;38.0
1980-10-31;34.0;10;34.0
1980-11-01;36.0;11;36.0
1980-11-02;51.0;11;51.0
1980-11-03;43.0;11;43.0
1980-11-04;38.0;11;38.0
1980-11-05;34.0;11;34.0
1980-11-06;32.0;11;32.0
1980-11-07;29.0;11;29.0
1980-11-08;27.0;11;27.0
1980-11-09;26.0;11;26.0
1980-11-10;26.0;11;26.0
1980-11-11;25.0;11;25.0
1980-11-12;25.0;11;25.0
1980-11-13;25.0;11;25.0
1980-11-14;26.0;11;26.0
1980-11-15;25.0;11;25.0
1980-11-16;24.0;11;24.0
1980-11-17;24.0;11;24.0
1980-11-18;24.0;11;24.0
1980-11-19;27.0;11;27.0
1980-11-20;30.0;11;30.0
1980-11-21;26.0;11;26.0
1980-11-22;25.0;11;25.0
1980-11-23;39.0;11;39.0
1980-11-24;30.0;11;30.0
1980-11-25;32.0;11;32.0
1980-11-26;32.0;11;32.0
1980-11-27;32.0;11;32.0
1980-11-28;35.0;11;35.0
1980-11-29;26.0;11;26.0
1980-11-30;24.0;11;24.0
1980-12-01;25.0;12;25.0
1980-12-02;23.0;12;23.0
1980-12-03;24.0;12;24.0
1980-12-04;23.0;12;23.0
1980-12-05;25.0;12;25.0
1980-12-06;28.0;12;28.0
1980-12-07;47.0;12;47.0
1980-12-08;34.0;12;34.0
1980-12-09;32.0;12;32.0
1980-12-10;26.0;12;26.0
1980-12-11;23.0;12;23.0
1980-12-12;22.0;12;22.0
1980-12-13;22.0;12;22.0
1980-12-14;22.0;12;22.0
1980-12-15;22.0;12;22.0
1980-12-16;24.0;12;24.0
1980-12-17;22.0;12;22.0
1980-12-18;22.0;12;22.0
1980-12-19;21.0;12;21.0
1980-12-20;21.0;12;21.0
1980-12-21;20.0;12;20.0
1980-12-22;19.0;12;19.0
1980-12-23;20.0;12;20.0
1980-12-24;19.0;12;19.0
1980-12-25;20.0;12;20.0
1980-12-26;19.0;12;19.0
1980-12-27;21.0;12;21.0
1980-12-28;21.0;12;21.0
1980-12-29;19.0;12;19.0
1980-12-30;18.0;12;18.0
1980-12-31;20.0;12;20.0
1981-01-01;21.0;1;21.0
1981-01-02;20.0;1;20.0
1981-01-03;20.0;1;20.0
1981-01-04;20.0;1;20.0
1981-01-05;18.0;1;18.0
1981-01-06;18.0;1;18.0
1981-01-07;23.0;1;23.0
1981-01-08;47.0;1;47.0
1981-01-09;42.0;1;42.0
1981-01-10;24.0;1;24.0
1981-01-11;22.0;1;22.0
1981-01-12;22.0;1;22.0
1981-01-13;21.0;1;21.0
1981-01-14;20.0;1;20.0
1981-01-15;19.0;1;19.0
1981-01-16;18.0;1;18.0
1981-01-17;20.0;1;20.0
1981-01-18;18.0;1;18.0
1981-01-19;17.0;1;17.0
1981-01-20;17.0;1;17.0
1981-01-21;17.0;1;17.0
1981-01-22;16.0;1;16.0
1981-01-23;16.0;1;16.0
1981-01-24;16.0;1;16.0
1981-01-25;16.0;1;16.0
1981-01-26;16.0;1;16.0
1981-01-27;16.0;1;16.0
1981-01-28;16.0;1;16.0
1981-01-29;17.0;1;17.0
1981-01-30;20.0;1;20.0
1981-01-31;17.0;1;17.0
1981-02-01;19.0;2;19.0
1981-02-02;19.0;2;19.0
1981-02-03;17.0;2;17.0
1981-02-04;16.0;2;16.0
1981-02-05;16.0;2;16.0
1981-02-06;18.0;2;18.0
1981-02-07;17.0;2;17.0
1981-02-08;17.0;2;17.0
1981-02-09;21.0;2;21.0
1981-02-10;18.0;2;18.0
1981-02-11;16.0;2;16.0
1981-02-12;17.0;2;17.0
1981-02-13;17.0;2;17.0
1981-02-14;17.0;2;17.0
1981-02-15;18.0;2;18.0
1981-02-16;17.0;2;17.0
1981-02-17;18.0;2;18.0
1981-02-18;35.0;2;35.0
1981-02-19;28.0;2;28.0
1981-02-20;24.0;2;24.0
1981-02-21;19.0;2;19.0
1981-02-22;26.0;2;26.0
1981-02-23;25.0;2;25.0
1981-02-24;29.0;2;29.0
1981-02-25;49.0;2;49.0
1981-02-26;33.0;2;33.0
1981-02-27;70.0;2;70.0
1981-02-28;45.0;2;45.0
1981-03-01;32.0;3;32.0
1981-03-02;107.0;3;107.0
1981-03-03;43.0;3;43.0
1981-03-04;29.0;3;29.0
1981-03-05;24.0;3;24.0
1981-03-06;26.0;3;26.0
1981-03-07;29.0;3;29.0
1981-03-08;33.0;3;33.0
1981-03-09;45.0;3;45.0
1981-03-10;50.0;3;50.0
1981-03-11;29.0;3;29.0
1981-03-12;24.0;3;24.0
1981-03-13;21.0;3;21.0
1981-03-14;20.0;3;20.0
1981-03-15;46.0;3;46.0
1981-03-16;25.0;3;25.0
1981-03-17;21.0;3;21.0
1981-03-18;23.0;3;23.0
1981-03-19;21.0;3;21.0
1981-03-20;19.0;3;19.0
1981-03-21;18.0;3;18.0
1981-03-22;27.0;3;27.0
1981-03-23;21.0;3;21.0
1981-03-24;18.0;3;18.0
1981-03-25;18.0;3;18.0
1981-03-26;19.0;3;19.0
1981-03-27;20.0;3;20.0
1981-03-28;17.0;3;17.0
1981-03-29;21.0;3;21.0
1981-03-30;17.0;3;17.0
1981-03-31;15.0;3;15.0
1981-04-01;65.0;4;65.0
1981-04-02;32.0;4;32.0
1981-04-03;21.0;4;21.0
1981-04-04;22.0;4;22.0
1981-04-05;64.0;4;64.0
1981-04-06;49.0;4;49.0
1981-04-07;40.0;4;40.0
1981-04-08;41.0;4;41.0
1981-04-09;42.0;4;42.0
1981-04-10;26.0;4;26.0
1981-04-11;28.0;4;28.0
1981-04-12;116.0;4;116.0
1981-04-13;63.0;4;63.0
1981-04-14;51.0;4;51.0
1981-04-15;35.0;4;35.0
1981-04-16;35.0;4;35.0
1981-04-17;70.0;4;70.0
1981-04-18;58.0;4;58.0
1981-04-19;36.0;4;36.0
1981-04-20;39.0;4;39.0
1981-04-21;30.0;4;30.0
1981-04-22;33.0;4;33.0
1981-04-23;28.0;4;28.0
1981-04-24;30.0;4;30.0
1981-04-25;27.0;4;27.0
1981-04-26;44.0;4;44.0
1981-04-27;28.0;4;28.0
1981-04-28;27.0;4;27.0
1981-04-29;27.0;4;27.0
1981-04-30;36.0;4;36.0
1981-05-01;25.0;5;25.0
1981-05-02;22.0;5;22.0
1981-05-03;25.0;5;25.0
1981-05-04;48.0;5;48.0
1981-05-05;31.0;5;31.0
1981-05-06;30.0;5;30.0
1981-05-07;29.0;5;29.0
1981-05-08;31.0;5;31.0
1981-05-09;28.0;5;28.0
1981-05-10;26.0;5;26.0
1981-05-11;23.0;5;23.0
1981-05-12;35.0;5;35.0
1981-05-13;27.0;5;27.0
1981-05-14;25.0;5;25.0
1981-05-15;22.0;5;22.0
1981-05-16;59.0;5;59.0
1981-05-17;29.0;5;29.0
1981-05-18;27.0;5;27.0
1981-05-19;27.0;5;27.0
1981-05-20;38.0;5;38.0
1981-05-21;48.0;5;48.0
1981-05-22;74.0;5;74.0
1981-05-23;73.0;5;73.0
1981-05-24;50.0;5;50.0
1981-05-25;44.0;5;44.0
1981-05-26;38.0;5;38.0
1981-05-27;86.0;5;86.0
1981-05-28;53.0;5;53.0
1981-05-29;67.0;5;67.0
1981-05-30;50.0;5;50.0
1981-05-31;43.0;5;43.0
1981-06-01;35.0;6;35.0
1981-06-02;30.0;6;30.0
1981-06-03;29.0;6;29.0
1981-06-04;29.0;6;29.0
1981-06-05;33.0;6;33.0
1981-06-06;37.0;6;37.0
1981-06-07;50.0;6;50.0
1981-06-08;39.0;6;39.0
1981-06-09;48.0;6;48.0
1981-06-10;42.0;6;42.0
1981-06-11;43.0;6;43.0
1981-06-12;65.0;6;65.0
1981-06-13;119.0;6;119.0
1981-06-14;62.0;6;62.0
1981-06-15;51.0;6;51.0
1981-06-16;39.0;6;39.0
1981-06-17;36.0;6;36.0
1981-06-18;46.0;6;46.0
1981-06-19;54.0;6;54.0
1981-06-20;78.0;6;78.0
1981-06-21;66.0;6;66.0
1981-06-22;53.0;6;53.0
1981-06-23;63.0;6;63.0
1981-06-24;65.0;6;65.0
1981-06-25;53.0;6;53.0
1981-06-26;42.0;6;42.0
1981-06-27;50.0;6;50.0
1981-06-28;47.0;6;47.0
1981-06-29;39.0;6;39.0
1981-06-30;51.0;6;51.0
1981-07-01;92.0;7;92.0
1981-07-02;57.0;7;57.0
1981-07-03;95.0;7;95.0
1981-07-04;90.0;7;90.0
1981-07-05;58.0;7;58.0
1981-07-06;113.0;7;113.0
1981-07-07;72.0;7;72.0
1981-07-08;65.0;7;65.0
1981-07-09;61.0;7;61.0
1981-07-10;58.0;7;58.0
1981-07-11;52.0;7;52.0
1981-07-12;58.0;7;58.0
1981-07-13;60.0;7;60.0
1981-07-14;51.0;7;51.0
1981-07-15;47.0;7;47.0
1981-07-16;44.0;7;44.0
1981-07-17;46.0;7;46.0
1981-07-18;89.0;7;89.0
1981-07-19;67.0;7;67.0
1981-07-20;72.0;7;72.0
1981-07-21;58.0;7;58.0
1981-07-22;52.0;7;52.0
1981-07-23;46.0;7;46.0
1981-07-24;43.0;7;43.0
1981-07-25;42.0;7;42.0
1981-07-26;47.0;7;47.0
1981-07-27;42.0;7;42.0
1981-07-28;38.0;7;38.0
1981-07-29;35.0;7;35.0
1981-07-30;53.0;7;53.0
1981-07-31;42.0;7;42.0
1981-08-01;39.0;8;39.0
1981-08-02;34.0;8;34.0
1981-08-03;32.0;8;32.0
1981-08-04;30.0;8;30.0
1981-08-05;38.0;8;38.0
1981-08-06;32.0;8;32.0
1981-08-07;29.0;8;29.0
1981-08-08;27.0;8;27.0
1981-08-09;75.0;8;75.0
1981-08-10;50.0;8;50.0
1981-08-11;58.0;8;58.0
1981-08-12;47.0;8;47.0
1981-08-13;43.0;8;43.0
1981-08-14;38.0;8;38.0
1981-08-15;32.0;8;32.0
1981-08-16;29.0;8;29.0
1981-08-17;28.0;8;28.0
1981-08-18;28.0;8;28.0
1981-08-19;43.0;8;43.0
1981-08-20;39.0;8;39.0
1981-08-21;30.0;8;30.0
1981-08-22;28.0;8;28.0
1981-08-23;26.0;8;26.0
1981-08-24;25.0;8;25.0
1981-08-25;29.0;8;29.0
1981-08-26;27.0;8;27.0
1981-08-27;25.0;8;25.0
1981-08-28;26.0;8;26.0
1981-08-29;26.0;8;26.0
1981-08-30;28.0;8;28.0
1981-08-31;62.0;8;62.0
1981-09-01;52.0;9;52.0
1981-09-02;31.0;9;31.0
1981-09-03;27.0;9;27.0
1981-09-04;26.0;9;26.0
1981-09-05;26.0;9;26.0
1981-09-06;60.0;9;60.0
1981-09-07;35.0;9;35.0
1981-09-08;33.0;9;33.0
1981-09-09;28.0;9;28.0
1981-09-10;29.0;9;29.0
1981-09-11;39.0;9;39.0
1981-09-12;28.0;9;28.0
1981-09-13;26.0;9;26.0
1981-09-14;28.0;9;28.0
1981-09-15;68.0;9;68.0
1981-09-16;56.0;9;56.0
1981-09-17;105.0;9;105.0
1981-09-18;47.0;9;47.0
1981-09-19;37.0;9;37.0
1981-09-20;36.0;9;36.0
1981-09-21;35.0;9;35.0
1981-09-22;33.0;9;33.0
1981-09-23;46.0;9;46.0
1981-09-24;49.0;9;49.0
1981-09-25;52.0;9;52.0
1981-09-26;34.0;9;34.0
1981-09-27;31.0;9;31.0
1981-09-28;32.0;9;32.0
1981-09-29;28.0;9;28.0
1981-09-30;29.0;9;29.0
1981-10-01;61.0;10;61.0
1981-10-02;36.0;10;36.0
1981-10-03;29.0;10;29.0
1981-10-04;28.0;10;28.0
1981-10-05;27.0;10;27.0
1981-10-06;47.0;10;47.0
1981-10-07;28.0;10;28.0
1981-10-08;36.0;10;36.0
1981-10-09;38.0;10;38.0
1981-10-10;67.0;10;67.0
1981-10-11;33.0;10;33.0
1981-10-12;28.0;10;28.0
1981-10-13;30.0;10;30.0
1981-10-14;28.0;10;28.0
1981-10-15;30.0;10;30.0
1981-10-16;35.0;10;35.0
1981-10-17;89.0;10;89.0
1981-10-18;72.0;10;72.0
1981-10-19;41.0;10;41.0
1981-10-20;33.0;10;33.0
1981-10-21;31.0;10;31.0
1981-10-22;33.0;10;33.0
1981-10-23;39.0;10;39.0
1981-10-24;36.0;10;36.0
1981-10-25;33.0;10;33.0
1981-10-26;32.0;10;32.0
1981-10-27;35.0;10;35.0
1981-10-28;31.0;10;31.0
1981-10-29;30.0;10;30.0
1981-10-30;37.0;10;37.0
1981-10-31;39.0;10;39.0
1981-11-01;30.0;11;30.0
1981-11-02;27.0;11;27.0
1981-11-03;25.0;11;25.0
1981-11-04;37.0;11;37.0
1981-11-05;86.0;11;86.0
1981-11-06;31.0;11;31.0
1981-11-07;32.0;11;32.0
1981-11-08;36.0;11;36.0
1981-11-09;36.0;11;36.0
1981-11-10;27.0;11;27.0
1981-11-11;27.0;11;27.0
1981-11-12;28.0;11;28.0
1981-11-13;26.0;11;26.0
1981-11-14;44.0;11;44.0
1981-11-15;33.0;11;33.0
1981-11-16;49.0;11;49.0
1981-11-17;31.0;11;31.0
1981-11-18;27.0;11;27.0
1981-11-19;25.0;11;25.0
1981-11-20;23.0;11;23.0
1981-11-21;58.0;11;58.0
1981-11-22;27.0;11;27.0
1981-11-23;49.0;11;49.0
1981-11-24;42.0;11;42.0
1981-11-25;31.0;11;31.0
1981-11-26;24.0;11;24.0
1981-11-27;24.0;11;24.0
1981-11-28;25.0;11;25.0
1981-11-29;27.0;11;27.0
1981-11-30;32.0;11;32.0
1981-12-01;22.0;12;22.0
1981-12-02;27.0;12;27.0
1981-12-03;29.0;12;29.0
1981-12-04;22.0;12;22.0
1981-12-05;23.0;12;23.0
1981-12-06;36.0;12;36.0
1981-12-07;25.0;12;25.0
1981-12-08;53.0;12;53.0
1981-12-09;33.0;12;33.0
1981-12-10;27.0;12;27.0
1981-12-11;29.0;12;29.0
1981-12-12;34.0;12;34.0
1981-12-13;31.0;12;31.0
1981-12-14;26.0;12;26.0
1981-12-15;25.0;12;25.0
1981-12-16;25.0;12;25.0
1981-12-17;27.0;12;27.0
1981-12-18;23.0;12;23.0
1981-12-19;22.0;12;22.0
1981-12-20;25.0;12;25.0
1981-12-21;21.0;12;21.0
1981-12-22;22.0;12;22.0
1981-12-23;25.0;12;25.0
1981-12-24;26.0;12;26.0
1981-12-25;46.0;12;46.0
1981-12-26;31.0;12;31.0
1981-12-27;25.0;12;25.0
1981-12-28;45.0;12;45.0
1981-12-29;38.0;12;38.0
1981-12-30;29.0;12;29.0
1981-12-31;27.0;12;27.0
1982-01-01;25.0;1;25.0
1982-01-02;23.0;1;23.0
1982-01-03;29.0;1;29.0
1982-01-04;59.0;1;59.0
1982-01-05;33.0;1;33.0
1982-01-06;47.0;1;47.0
1982-01-07;34.0;1;34.0
1982-01-08;34.0;1;34.0
1982-01-09;31.0;1;31.0
1982-01-10;40.0;1;40.0
1982-01-11;33.0;1;33.0
1982-01-12;25.0;1;25.0
1982-01-13;22.0;1;22.0
1982-01-14;20.0;1;20.0
1982-01-15;18.0;1;18.0
1982-01-16;17.0;1;17.0
1982-01-17;17.0;1;17.0
1982-01-18;26.0;1;26.0
1982-01-19;19.0;1;19.0
1982-01-20;17.0;1;17.0
1982-01-21;16.0;1;16.0
1982-01-22;16.0;1;16.0
1982-01-23;15.0;1;15.0
1982-01-24;15.0;1;15.0
1982-01-25;14.0;1;14.0
1982-01-26;14.0;1;14.0
1982-01-27;14.0;1;14.0
1982-01-28;19.0;1;19.0
1982-01-29;21.0;1;21.0
1982-01-30;24.0;1;24.0
1982-01-31;23.0;1;23.0
1982-02-01;21.0;2;21.0
1982-02-02;20.0;2;20.0
1982-02-03;17.0;2;17.0
1982-02-04;15.0;2;15.0
1982-02-05;23.0;2;23.0
1982-02-06;21.0;2;21.0
1982-02-07;18.0;2;18.0
1982-02-08;19.0;2;19.0
1982-02-09;13.0;2;13.0
1982-02-10;12.0;2;12.0
1982-02-11;13.0;2;13.0
1982-02-12;11.0;2;11.0
1982-02-13;11.0;2;11.0
1982-02-14;14.0;2;14.0
1982-02-15;24.0;2;24.0
1982-02-16;14.0;2;14.0
1982-02-17;13.0;2;13.0
1982-02-18;24.0;2;24.0
1982-02-19;16.0;2;16.0
1982-02-20;62.0;2;62.0
1982-02-21;26.0;2;26.0
1982-02-22;55.0;2;55.0
1982-02-23;32.0;2;32.0
1982-02-24;44.0;2;44.0
1982-02-25;32.0;2;32.0
1982-02-26;27.0;2;27.0
1982-02-27;26.0;2;26.0
1982-02-28;21.0;2;21.0
1982-03-01;19.0;3;19.0
1982-03-02;18.0;3;18.0
1982-03-03;24.0;3;24.0
1982-03-04;17.0;3;17.0
1982-03-05;21.0;3;21.0
1982-03-06;22.0;3;22.0
1982-03-07;21.0;3;21.0
1982-03-08;18.0;3;18.0
1982-03-09;16.0;3;16.0
1982-03-10;15.0;3;15.0
1982-03-11;27.0;3;27.0
1982-03-12;37.0;3;37.0
1982-03-13;37.0;3;37.0
1982-03-14;24.0;3;24.0
1982-03-15;18.0;3;18.0
1982-03-16;24.0;3;24.0
1982-03-17;29.0;3;29.0
1982-03-18;20.0;3;20.0
1982-03-19;19.0;3;19.0
1982-03-20;16.0;3;16.0
1982-03-21;23.0;3;23.0
1982-03-22;22.0;3;22.0
1982-03-23;18.0;3;18.0
1982-03-24;23.0;3;23.0
1982-03-25;19.0;3;19.0
1982-03-26;19.0;3;19.0
1982-03-27;41.0;3;41.0
1982-03-28;70.0;3;70.0
1982-03-29;105.0;3;105.0
1982-03-30;50.0;3;50.0
1982-03-31;32.0;3;32.0
1982-04-01;26.0;4;26.0
1982-04-02;63.0;4;63.0
1982-04-03;44.0;4;44.0
1982-04-04;40.0;4;40.0
1982-04-05;34.0;4;34.0
1982-04-06;39.0;4;39.0
1982-04-07;27.0;4;27.0
1982-04-08;29.0;4;29.0
1982-04-09;23.0;4;23.0
1982-04-10;51.0;4;51.0
1982-04-11;32.0;4;32.0
1982-04-12;26.0;4;26.0
1982-04-13;29.0;4;29.0
1982-04-14;23.0;4;23.0
1982-04-15;23.0;4;23.0
1982-04-16;23.0;4;23.0
1982-04-17;27.0;4;27.0
1982-04-18;30.0;4;30.0
1982-04-19;28.0;4;28.0
1982-04-20;27.0;4;27.0
1982-04-21;98.0;4;98.0
1982-04-22;32.0;4;32.0
1982-04-23;24.0;4;24.0
1982-04-24;29.0;4;29.0
1982-04-25;23.0;4;23.0
1982-04-26;24.0;4;24.0
1982-04-27;26.0;4;26.0
1982-04-28;42.0;4;42.0
1982-04-29;32.0;4;32.0
1982-04-30;38.0;4;38.0
1982-05-01;31.0;5;31.0
1982-05-02;26.0;5;26.0
1982-05-03;23.0;5;23.0
1982-05-04;23.0;5;23.0
1982-05-05;21.0;5;21.0
1982-05-06;23.0;5;23.0
1982-05-07;31.0;5;31.0
1982-05-08;26.0;5;26.0
1982-05-09;35.0;5;35.0
1982-05-10;26.0;5;26.0
1982-05-11;23.0;5;23.0
1982-05-12;23.0;5;23.0
1982-05-13;27.0;5;27.0
1982-05-14;36.0;5;36.0
1982-05-15;24.0;5;24.0
1982-05-16;23.0;5;23.0
1982-05-17;21.0;5;21.0
1982-05-18;24.0;5;24.0
1982-05-19;24.0;5;24.0
1982-05-20;31.0;5;31.0
1982-05-21;49.0;5;49.0
1982-05-22;40.0;5;40.0
1982-05-23;42.0;5;42.0
1982-05-24;24.0;5;24.0
1982-05-25;29.0;5;29.0
1982-05-26;34.0;5;34.0
1982-05-27;46.0;5;46.0
1982-05-28;173.0;5;173.0
1982-05-29;58.0;5;58.0
1982-05-30;57.0;5;57.0
1982-05-31;59.0;5;59.0
1982-06-01;58.0;6;58.0
1982-06-02;45.0;6;45.0
1982-06-03;39.0;6;39.0
1982-06-04;36.0;6;36.0
1982-06-05;46.0;6;46.0
1982-06-06;62.0;6;62.0
1982-06-07;48.0;6;48.0
1982-06-08;38.0;6;38.0
1982-06-09;32.0;6;32.0
1982-06-10;32.0;6;32.0
1982-06-11;29.0;6;29.0
1982-06-12;50.0;6;50.0
1982-06-13;46.0;6;46.0
1982-06-14;54.0;6;54.0
1982-06-15;75.0;6;75.0
1982-06-16;57.0;6;57.0
1982-06-17;115.0;6;115.0
1982-06-18;50.0;6;50.0
1982-06-19;38.0;6;38.0
1982-06-20;48.0;6;48.0
1982-06-21;40.0;6;40.0
1982-06-22;36.0;6;36.0
1982-06-23;57.0;6;57.0
1982-06-24;40.0;6;40.0
1982-06-25;40.0;6;40.0
1982-06-26;35.0;6;35.0
1982-06-27;48.0;6;48.0
1982-06-28;56.0;6;56.0
1982-06-29;52.0;6;52.0
1982-06-30;51.0;6;51.0
1982-07-01;73.0;7;73.0
1982-07-02;83.0;7;83.0
1982-07-03;76.0;7;76.0
1982-07-04;61.0;7;61.0
1982-07-05;49.0;7;49.0
1982-07-06;60.0;7;60.0
1982-07-07;52.0;7;52.0
1982-07-08;65.0;7;65.0
1982-07-09;55.0;7;55.0
1982-07-10;45.0;7;45.0
1982-07-11;45.0;7;45.0
1982-07-12;67.0;7;67.0
1982-07-13;60.0;7;60.0
1982-07-14;47.0;7;47.0
1982-07-15;43.0;7;43.0
1982-07-16;57.0;7;57.0
1982-07-17;43.0;7;43.0
1982-07-18;56.0;7;56.0
1982-07-19;73.0;7;73.0
1982-07-20;91.0;7;91.0
1982-07-21;65.0;7;65.0
1982-07-22;53.0;7;53.0
1982-07-23;53.0;7;53.0
1982-07-24;47.0;7;47.0
1982-07-25;44.0;7;44.0
1982-07-26;52.0;7;52.0
1982-07-27;49.0;7;49.0
1982-07-28;71.0;7;71.0
1982-07-29;65.0;7;65.0
1982-07-30;54.0;7;54.0
1982-07-31;84.0;7;84.0
1982-08-01;53.0;8;53.0
1982-08-02;49.0;8;49.0
1982-08-03;59.0;8;59.0
1982-08-04;52.0;8;52.0
1982-08-05;45.0;8;45.0
1982-08-06;44.0;8;44.0
1982-08-07;44.0;8;44.0
1982-08-08;43.0;8;43.0
1982-08-09;38.0;8;38.0
1982-08-10;52.0;8;52.0
1982-08-11;65.0;8;65.0
1982-08-12;53.0;8;53.0
1982-08-13;44.0;8;44.0
1982-08-14;42.0;8;42.0
1982-08-15;42.0;8;42.0
1982-08-16;54.0;8;54.0
1982-08-17;42.0;8;42.0
1982-08-18;54.0;8;54.0
1982-08-19;54.0;8;54.0
1982-08-20;44.0;8;44.0
1982-08-21;46.0;8;46.0
1982-08-22;40.0;8;40.0
1982-08-23;44.0;8;44.0
1982-08-24;56.0;8;56.0
1982-08-25;84.0;8;84.0
1982-08-26;40.0;8;40.0
1982-08-27;50.0;8;50.0
1982-08-28;54.0;8;54.0
1982-08-29;109.0;8;109.0
1982-08-30;104.0;8;104.0
1982-08-31;84.0;8;84.0
1982-09-01;60.0;9;60.0
1982-09-02;133.0;9;133.0
1982-09-03;64.0;9;64.0
1982-09-04;64.0;9;64.0
1982-09-05;54.0;9;54.0
1982-09-06;52.0;9;52.0
1982-09-07;60.0;9;60.0
1982-09-08;68.0;9;68.0
1982-09-09;54.0;9;54.0
1982-09-10;51.0;9;51.0
1982-09-11;50.0;9;50.0
1982-09-12;46.0;9;46.0
1982-09-13;60.0;9;60.0
1982-09-14;44.0;9;44.0
1982-09-15;44.0;9;44.0
1982-09-16;40.0;9;40.0
1982-09-17;41.0;9;41.0
1982-09-18;50.0;9;50.0
1982-09-19;48.0;9;48.0
1982-09-20;48.0;9;48.0
1982-09-21;45.0;9;45.0
1982-09-22;42.0;9;42.0
1982-09-23;37.0;9;37.0
1982-09-24;40.0;9;40.0
1982-09-25;36.0;9;36.0
1982-09-26;36.0;9;36.0
1982-09-27;38.0;9;38.0
1982-09-28;36.0;9;36.0
1982-09-29;50.0;9;50.0
1982-09-30;44.0;9;44.0
1982-10-01;44.0;10;44.0
1982-10-02;37.0;10;37.0
1982-10-03;47.0;10;47.0
1982-10-04;42.0;10;42.0
1982-10-05;37.0;10;37.0
1982-10-06;36.0;10;36.0
1982-10-07;36.0;10;36.0
1982-10-08;36.0;10;36.0
1982-10-09;40.0;10;40.0
1982-10-10;47.0;10;47.0
1982-10-11;56.0;10;56.0
1982-10-12;44.0;10;44.0
1982-10-13;36.0;10;36.0
1982-10-14;40.0;10;40.0
1982-10-15;56.0;10;56.0
1982-10-16;38.0;10;38.0
1982-10-17;46.0;10;46.0
1982-10-18;40.0;10;40.0
1982-10-19;36.0;10;36.0
1982-10-20;36.0;10;36.0
1982-10-21;36.0;10;36.0
1982-10-22;69.0;10;69.0
1982-10-23;44.0;10;44.0
1982-10-24;56.0;10;56.0
1982-10-25;50.0;10;50.0
1982-10-26;46.0;10;46.0
1982-10-27;44.0;10;44.0
1982-10-28;36.0;10;36.0
1982-10-29;36.0;10;36.0
1982-10-30;36.0;10;36.0
1982-10-31;36.0;10;36.0
1982-11-01;35.0;11;35.0
1982-11-02;35.0;11;35.0
1982-11-03;36.0;11;36.0
1982-11-04;32.0;11;32.0
1982-11-05;32.0;11;32.0
1982-11-06;34.0;11;34.0
1982-11-07;39.0;11;39.0
1982-11-08;32.0;11;32.0
1982-11-09;40.0;11;40.0
1982-11-10;36.0;11;36.0
1982-11-11;32.0;11;32.0
1982-11-12;36.0;11;36.0
1982-11-13;35.0;11;35.0
1982-11-14;36.0;11;36.0
1982-11-15;37.0;11;37.0
1982-11-16;37.0;11;37.0
1982-11-17;39.0;11;39.0
1982-11-18;37.0;11;37.0
1982-11-19;32.0;11;32.0
1982-11-20;34.0;11;34.0
1982-11-21;38.0;11;38.0
1982-11-22;34.0;11;34.0
1982-11-23;43.0;11;43.0
1982-11-24;37.0;11;37.0
1982-11-25;36.0;11;36.0
1982-11-26;32.0;11;32.0
1982-11-27;32.0;11;32.0
1982-11-28;31.0;11;31.0
1982-11-29;29.0;11;29.0
1982-11-30;31.0;11;31.0
1982-12-01;40.0;12;40.0
1982-12-02;34.0;12;34.0
1982-12-03;34.0;12;34.0
1982-12-04;29.0;12;29.0
1982-12-05;29.0;12;29.0
1982-12-06;32.0;12;32.0
1982-12-07;31.0;12;31.0
1982-12-08;29.0;12;29.0
1982-12-09;32.0;12;32.0
1982-12-10;29.0;12;29.0
1982-12-11;26.0;12;26.0
1982-12-12;27.0;12;27.0
1982-12-13;29.0;12;29.0
1982-12-14;31.0;12;31.0
1982-12-15;29.0;12;29.0
1982-12-16;29.0;12;29.0
1982-12-17;31.0;12;31.0
1982-12-18;34.0;12;34.0
1982-12-19;36.0;12;36.0
1982-12-20;32.0;12;32.0
1982-12-21;29.0;12;29.0
1982-12-22;32.0;12;32.0
1982-12-23;27.0;12;27.0
1982-12-24;29.0;12;29.0
1982-12-25;27.0;12;27.0
1982-12-26;28.0;12;28.0
1982-12-27;26.0;12;26.0
1982-12-28;29.0;12;29.0
1982-12-29;49.0;12;49.0
1982-12-30;43.0;12;43.0
1982-12-31;31.0;12;31.0
1983-01-01;33.0;1;33.0
1983-01-02;43.0;1;43.0
1983-01-03;45.0;1;45.0
1983-01-04;47.0;1;47.0
1983-01-05;35.0;1;35.0
1983-01-06;71.0;1;71.0
1983-01-07;51.0;1;51.0
1983-01-08;45.0;1;45.0
1983-01-09;43.0;1;43.0
1983-01-10;51.0;1;51.0
1983-01-11;76.0;1;76.0
1983-01-12;72.0;1;72.0
1983-01-13;39.0;1;39.0
1983-01-14;33.0;1;33.0
1983-01-15;39.0;1;39.0
1983-01-16;39.0;1;39.0
1983-01-17;46.0;1;46.0
1983-01-18;42.0;1;42.0
1983-01-19;33.0;1;33.0
1983-01-20;39.0;1;39.0
1983-01-21;50.0;1;50.0
1983-01-22;35.0;1;35.0
1983-01-23;35.0;1;35.0
1983-01-24;31.0;1;31.0
1983-01-25;33.0;1;33.0
1983-01-26;32.0;1;32.0
1983-01-27;30.0;1;30.0
1983-01-28;29.0;1;29.0
1983-01-29;29.0;1;29.0
1983-01-30;26.0;1;26.0
1983-01-31;31.0;1;31.0
1983-02-01;29.0;2;29.0
1983-02-02;29.0;2;29.0
1983-02-03;25.0;2;25.0
1983-02-04;25.0;2;25.0
1983-02-05;25.0;2;25.0
1983-02-06;45.0;2;45.0
1983-02-07;31.0;2;31.0
1983-02-08;31.0;2;31.0
1983-02-09;30.0;2;30.0
1983-02-10;31.0;2;31.0
1983-02-11;33.0;2;33.0
1983-02-12;29.0;2;29.0
1983-02-13;27.0;2;27.0
1983-02-14;29.0;2;29.0
1983-02-15;29.0;2;29.0
1983-02-16;27.0;2;27.0
1983-02-17;24.0;2;24.0
1983-02-18;36.0;2;36.0
1983-02-19;63.0;2;63.0
1983-02-20;41.0;2;41.0
1983-02-21;34.0;2;34.0
1983-02-22;47.0;2;47.0
1983-02-23;85.0;2;85.0
1983-02-24;91.0;2;91.0
1983-02-25;181.0;2;181.0
1983-02-26;108.0;2;108.0
1983-02-27;63.0;2;63.0
1983-02-28;55.0;2;55.0
1983-03-01;63.0;3;63.0
1983-03-02;47.0;3;47.0
1983-03-03;54.0;3;54.0
1983-03-04;101.0;3;101.0
1983-03-05;58.0;3;58.0
1983-03-06;42.0;3;42.0
1983-03-07;43.0;3;43.0
1983-03-08;35.0;3;35.0
1983-03-09;33.0;3;33.0
1983-03-10;33.0;3;33.0
1983-03-11;31.0;3;31.0
1983-03-12;29.0;3;29.0
1983-03-13;25.0;3;25.0
1983-03-14;169.0;3;169.0
1983-03-15;89.0;3;89.0
1983-03-16;47.0;3;47.0
1983-03-17;42.0;3;42.0
1983-03-18;35.0;3;35.0
1983-03-19;31.0;3;31.0
1983-03-20;29.0;3;29.0
1983-03-21;29.0;3;29.0
1983-03-22;29.0;3;29.0
1983-03-23;35.0;3;35.0
1983-03-24;47.0;3;47.0
1983-03-25;37.0;3;37.0
1983-03-26;29.0;3;29.0
1983-03-27;25.0;3;25.0
1983-03-28;25.0;3;25.0
1983-03-29;64.0;3;64.0
1983-03-30;38.0;3;38.0
1983-03-31;29.0;3;29.0
1983-04-01;25.0;4;25.0
1983-04-02;29.0;4;29.0
1983-04-03;25.0;4;25.0
1983-04-04;25.0;4;25.0
1983-04-05;26.0;4;26.0
1983-04-06;55.0;4;55.0
1983-04-07;26.0;4;26.0
1983-04-08;53.0;4;53.0
1983-04-09;165.0;4;165.0
1983-04-10;65.0;4;65.0
1983-04-11;58.0;4;58.0
1983-04-12;49.0;4;49.0
1983-04-13;46.0;4;46.0
1983-04-14;63.0;4;63.0
1983-04-15;53.0;4;53.0
1983-04-16;46.0;4;46.0
1983-04-17;60.0;4;60.0
1983-04-18;55.0;4;55.0
1983-04-19;41.0;4;41.0
1983-04-20;39.0;4;39.0
1983-04-21;44.0;4;44.0
1983-04-22;171.0;4;171.0
1983-04-23;52.0;4;52.0
1983-04-24;44.0;4;44.0
1983-04-25;46.0;4;46.0
1983-04-26;69.0;4;69.0
1983-04-27;54.0;4;54.0
1983-04-28;47.0;4;47.0
1983-04-29;42.0;4;42.0
1983-04-30;66.0;4;66.0
1983-05-01;69.0;5;69.0
1983-05-02;54.0;5;54.0
1983-05-03;43.0;5;43.0
1983-05-04;49.0;5;49.0
1983-05-05;65.0;5;65.0
1983-05-06;89.0;5;89.0
1983-05-07;140.0;5;140.0
1983-05-08;71.0;5;71.0
1983-05-09;52.0;5;52.0
1983-05-10;49.0;5;49.0
1983-05-11;82.0;5;82.0
1983-05-12;62.0;5;62.0
1983-05-13;50.0;5;50.0
1983-05-14;55.0;5;55.0
1983-05-15;51.0;5;51.0
1983-05-16;51.0;5;51.0
1983-05-17;49.0;5;49.0
1983-05-18;48.0;5;48.0
1983-05-19;48.0;5;48.0
1983-05-20;50.0;5;50.0
1983-05-21;47.0;5;47.0
1983-05-22;47.0;5;47.0
1983-05-23;43.0;5;43.0
1983-05-24;43.0;5;43.0
1983-05-25;170.0;5;170.0
1983-05-26;53.0;5;53.0
1983-05-27;73.0;5;73.0
1983-05-28;85.0;5;85.0
1983-05-29;53.0;5;53.0
1983-05-30;49.0;5;49.0
1983-05-31;45.0;5;45.0
1983-06-01;51.0;6;51.0
1983-06-02;65.0;6;65.0
1983-06-03;63.0;6;63.0
1983-06-04;54.0;6;54.0
1983-06-05;61.0;6;61.0
1983-06-06;66.0;6;66.0
1983-06-07;52.0;6;52.0
1983-06-08;48.0;6;48.0
1983-06-09;48.0;6;48.0
1983-06-10;48.0;6;48.0
1983-06-11;48.0;6;48.0
1983-06-12;47.0;6;47.0
1983-06-13;52.0;6;52.0
1983-06-14;50.0;6;50.0
1983-06-15;55.0;6;55.0
1983-06-16;119.0;6;119.0
1983-06-17;59.0;6;59.0
1983-06-18;44.0;6;44.0
1983-06-19;36.0;6;36.0
1983-06-20;35.0;6;35.0
1983-06-21;38.0;6;38.0
1983-06-22;49.0;6;49.0
1983-06-23;147.0;6;147.0
1983-06-24;51.0;6;51.0
1983-06-25;43.0;6;43.0
1983-06-26;62.0;6;62.0
1983-06-27;47.0;6;47.0
1983-06-28;42.0;6;42.0
1983-06-29;39.0;6;39.0
1983-06-30;37.0;6;37.0
1983-07-01;69.0;7;69.0
1983-07-02;51.0;7;51.0
1983-07-03;46.0;7;46.0
1983-07-04;56.0;7;56.0
1983-07-05;63.0;7;63.0
1983-07-06;49.0;7;49.0
1983-07-07;47.0;7;47.0
1983-07-08;47.0;7;47.0
1983-07-09;48.0;7;48.0
1983-07-10;46.0;7;46.0
1983-07-11;45.0;7;45.0
1983-07-12;53.0;7;53.0
1983-07-13;53.0;7;53.0
1983-07-14;50.0;7;50.0
1983-07-15;46.0;7;46.0
1983-07-16;44.0;7;44.0
1983-07-17;50.0;7;50.0
1983-07-18;83.0;7;83.0
1983-07-19;61.0;7;61.0
1983-07-20;102.0;7;102.0
1983-07-21;103.0;7;103.0
1983-07-22;72.0;7;72.0
1983-07-23;56.0;7;56.0
1983-07-24;52.0;7;52.0
1983-07-25;48.0;7;48.0
1983-07-26;61.0;7;61.0
1983-07-27;65.0;7;65.0
1983-07-28;56.0;7;56.0
1983-07-29;49.0;7;49.0
1983-07-30;56.0;7;56.0
1983-07-31;228.0;7;228.0
1983-08-01;82.0;8;82.0
1983-08-02;56.0;8;56.0
1983-08-03;50.0;8;50.0
1983-08-04;51.0;8;51.0
1983-08-05;55.0;8;55.0
1983-08-06;50.0;8;50.0
1983-08-07;55.0;8;55.0
1983-08-08;52.0;8;52.0
1983-08-09;66.0;8;66.0
1983-08-10;58.0;8;58.0
1983-08-11;49.0;8;49.0
1983-08-12;62.0;8;62.0
1983-08-13;55.0;8;55.0
1983-08-14;65.0;8;65.0
1983-08-15;52.0;8;52.0
1983-08-16;49.0;8;49.0
1983-08-17;50.0;8;50.0
1983-08-18;53.0;8;53.0
1983-08-19;51.0;8;51.0
1983-08-20;49.0;8;49.0
1983-08-21;48.0;8;48.0
1983-08-22;46.0;8;46.0
1983-08-23;44.0;8;44.0
1983-08-24;59.0;8;59.0
1983-08-25;72.0;8;72.0
1983-08-26;49.0;8;49.0
1983-08-27;43.0;8;43.0
1983-08-28;40.0;8;40.0
1983-08-29;38.0;8;38.0
1983-08-30;34.0;8;34.0
1983-08-31;32.0;8;32.0
1983-09-01;34.0;9;34.0
1983-09-02;33.0;9;33.0
1983-09-03;42.0;9;42.0
1983-09-04;31.0;9;31.0
1983-09-05;29.0;9;29.0
1983-09-06;29.0;9;29.0
1983-09-07;48.0;9;48.0
1983-09-08;32.0;9;32.0
1983-09-09;29.0;9;29.0
1983-09-10;31.0;9;31.0
1983-09-11;31.0;9;31.0
1983-09-12;34.0;9;34.0
1983-09-13;36.0;9;36.0
1983-09-14;57.0;9;57.0
1983-09-15;35.0;9;35.0
1983-09-16;31.0;9;31.0
1983-09-17;53.0;9;53.0
1983-09-18;32.0;9;32.0
1983-09-19;61.0;9;61.0
1983-09-20;44.0;9;44.0
1983-09-21;60.0;9;60.0
1983-09-22;72.0;9;72.0
1983-09-23;58.0;9;58.0
1983-09-24;65.0;9;65.0
1983-09-25;56.0;9;56.0
1983-09-26;52.0;9;52.0
1983-09-27;44.0;9;44.0
1983-09-28;43.0;9;43.0
1983-09-29;67.0;9;67.0
1983-09-30;49.0;9;49.0
1983-10-01;42.0;10;42.0
1983-10-02;42.0;10;42.0
1983-10-03;63.0;10;63.0
1983-10-04;62.0;10;62.0
1983-10-05;67.0;10;67.0
1983-10-06;62.0;10;62.0
1983-10-07;49.0;10;49.0
1983-10-08;41.0;10;41.0
1983-10-09;38.0;10;38.0
1983-10-10;34.0;10;34.0
1983-10-11;38.0;10;38.0
1983-10-12;38.0;10;38.0
1983-10-13;43.0;10;43.0
1983-10-14;47.0;10;47.0
1983-10-15;40.0;10;40.0
1983-10-16;65.0;10;65.0
1983-10-17;49.0;10;49.0
1983-10-18;39.0;10;39.0
1983-10-19;34.0;10;34.0
1983-10-20;38.0;10;38.0
1983-10-21;34.0;10;34.0
1983-10-22;33.0;10;33.0
1983-10-23;30.0;10;30.0
1983-10-24;57.0;10;57.0
1983-10-25;67.0;10;67.0
1983-10-26;39.0;10;39.0
1983-10-27;37.0;10;37.0
1983-10-28;38.0;10;38.0
1983-10-29;37.0;10;37.0
1983-10-30;33.0;10;33.0
1983-10-31;39.0;10;39.0
1983-11-01;34.0;11;34.0
1983-11-02;34.0;11;34.0
1983-11-03;72.0;11;72.0
1983-11-04;46.0;11;46.0
1983-11-05;39.0;11;39.0
1983-11-06;32.0;11;32.0
1983-11-07;32.0;11;32.0
1983-11-08;33.0;11;33.0
1983-11-09;29.0;11;29.0
1983-11-10;29.0;11;29.0
1983-11-11;43.0;11;43.0
1983-11-12;40.0;11;40.0
1983-11-13;30.0;11;30.0
1983-11-14;29.0;11;29.0
1983-11-15;32.0;11;32.0
1983-11-16;39.0;11;39.0
1983-11-17;30.0;11;30.0
1983-11-18;32.0;11;32.0
1983-11-19;48.0;11;48.0
1983-11-20;35.0;11;35.0
1983-11-21;42.0;11;42.0
1983-11-22;41.0;11;41.0
1983-11-23;34.0;11;34.0
1983-11-24;49.0;11;49.0
1983-11-25;34.0;11;34.0
1983-11-26;52.0;11;52.0
1983-11-27;38.0;11;38.0
1983-11-28;33.0;11;33.0
1983-11-29;33.0;11;33.0
1983-11-30;37.0;11;37.0
1983-12-01;39.0;12;39.0
1983-12-02;41.0;12;41.0
1983-12-03;32.0;12;32.0
1983-12-04;53.0;12;53.0
1983-12-05;50.0;12;50.0
1983-12-06;50.0;12;50.0
1983-12-07;57.0;12;57.0
1983-12-08;40.0;12;40.0
1983-12-09;46.0;12;46.0
1983-12-10;41.0;12;41.0
1983-12-11;35.0;12;35.0
1983-12-12;34.0;12;34.0
1983-12-13;38.0;12;38.0
1983-12-14;39.0;12;39.0
1983-12-15;35.0;12;35.0
1983-12-16;41.0;12;41.0
1983-12-17;35.0;12;35.0
1983-12-18;35.0;12;35.0
1983-12-19;39.0;12;39.0
1983-12-20;48.0;12;48.0
1983-12-21;39.0;12;39.0
1983-12-22;37.0;12;37.0
1983-12-23;37.0;12;37.0
1983-12-24;33.0;12;33.0
1983-12-25;32.0;12;32.0
1983-12-26;31.0;12;31.0
1983-12-27;27.0;12;27.0
1983-12-28;28.0;12;28.0
1983-12-29;27.0;12;27.0
1983-12-30;26.0;12;26.0
1983-12-31;26.0;12;26.0
1984-01-01;21.0;1;21.0
1984-01-02;25.0;1;25.0
1984-01-03;35.0;1;35.0
1984-01-04;31.0;1;31.0
1984-01-05;32.0;1;32.0
1984-01-06;62.0;1;62.0
1984-01-07;40.0;1;40.0
1984-01-08;34.0;1;34.0
1984-01-09;29.0;1;29.0
1984-01-10;24.0;1;24.0
1984-01-11;23.0;1;23.0
1984-01-12;23.0;1;23.0
1984-01-13;22.0;1;22.0
1984-01-14;20.0;1;20.0
1984-01-15;19.0;1;19.0
1984-01-16;22.0;1;22.0
1984-01-17;54.0;1;54.0
1984-01-18;29.0;1;29.0
1984-01-19;23.0;1;23.0
1984-01-20;21.0;1;21.0
1984-01-21;20.0;1;20.0
1984-01-22;60.0;1;60.0
1984-01-23;30.0;1;30.0
1984-01-24;25.0;1;25.0
1984-01-25;22.0;1;22.0
1984-01-26;21.0;1;21.0
1984-01-27;25.0;1;25.0
1984-01-28;27.0;1;27.0
1984-01-29;25.0;1;25.0
1984-01-30;24.0;1;24.0
1984-01-31;22.0;1;22.0
1984-02-01;22.0;2;22.0
1984-02-02;29.0;2;29.0
1984-02-03;25.0;2;25.0
1984-02-04;20.0;2;20.0
1984-02-05;20.0;2;20.0
1984-02-06;25.0;2;25.0
1984-02-07;24.0;2;24.0
1984-02-08;21.0;2;21.0
1984-02-09;20.0;2;20.0
1984-02-10;21.0;2;21.0
1984-02-11;23.0;2;23.0
1984-02-12;21.0;2;21.0
1984-02-13;20.0;2;20.0
1984-02-14;20.0;2;20.0
1984-02-15;20.0;2;20.0
1984-02-16;21.0;2;21.0
1984-02-17;21.0;2;21.0
1984-02-18;38.0;2;38.0
1984-02-19;35.0;2;35.0
1984-02-20;24.0;2;24.0
1984-02-21;25.0;2;25.0
1984-02-22;23.0;2;23.0
1984-02-23;27.0;2;27.0
1984-02-24;29.0;2;29.0
1984-02-25;29.0;2;29.0
1984-02-26;28.0;2;28.0
1984-02-27;30.0;2;30.0
1984-02-28;25.0;2;25.0
1984-02-29;26.0;2;26.0
1984-03-01;32.0;3;32.0
1984-03-02;27.0;3;27.0
1984-03-03;24.0;3;24.0
1984-03-04;23.0;3;23.0
1984-03-05;22.0;3;22.0
1984-03-06;24.0;3;24.0
1984-03-07;25.0;3;25.0
1984-03-08;25.0;3;25.0
1984-03-09;40.0;3;40.0
1984-03-10;36.0;3;36.0
1984-03-11;46.0;3;46.0
1984-03-12;25.0;3;25.0
1984-03-13;22.0;3;22.0
1984-03-14;20.0;3;20.0
1984-03-15;19.0;3;19.0
1984-03-16;18.0;3;18.0
1984-03-17;18.0;3;18.0
1984-03-18;18.0;3;18.0
1984-03-19;20.0;3;20.0
1984-03-20;21.0;3;21.0
1984-03-21;22.0;3;22.0
1984-03-22;22.0;3;22.0
1984-03-23;19.0;3;19.0
1984-03-24;19.0;3;19.0
1984-03-25;18.0;3;18.0
1984-03-26;19.0;3;19.0
1984-03-27;18.0;3;18.0
1984-03-28;18.0;3;18.0
1984-03-29;18.0;3;18.0
1984-03-30;79.0;3;79.0
1984-03-31;42.0;3;42.0
1984-04-01;28.0;4;28.0
1984-04-02;23.0;4;23.0
1984-04-03;20.0;4;20.0
1984-04-04;22.0;4;22.0
1984-04-05;20.0;4;20.0
1984-04-06;19.0;4;19.0
1984-04-07;20.0;4;20.0
1984-04-08;34.0;4;34.0
1984-04-09;23.0;4;23.0
1984-04-10;39.0;4;39.0
1984-04-11;58.0;4;58.0
1984-04-12;32.0;4;32.0
1984-04-13;25.0;4;25.0
1984-04-14;22.0;4;22.0
1984-04-15;20.0;4;20.0
1984-04-16;19.0;4;19.0
1984-04-17;19.0;4;19.0
1984-04-18;20.0;4;20.0
1984-04-19;18.0;4;18.0
1984-04-20;18.0;4;18.0
1984-04-21;18.0;4;18.0
1984-04-22;21.0;4;21.0
1984-04-23;19.0;4;19.0
1984-04-24;22.0;4;22.0
1984-04-25;38.0;4;38.0
1984-04-26;109.0;4;109.0
1984-04-27;38.0;4;38.0
1984-04-28;25.0;4;25.0
1984-04-29;30.0;4;30.0
1984-04-30;40.0;4;40.0
1984-05-01;102.0;5;102.0
1984-05-02;38.0;5;38.0
1984-05-03;32.0;5;32.0
1984-05-04;51.0;5;51.0
1984-05-05;26.0;5;26.0
1984-05-06;22.0;5;22.0
1984-05-07;26.0;5;26.0
1984-05-08;21.0;5;21.0
1984-05-09;20.0;5;20.0
1984-05-10;25.0;5;25.0
1984-05-11;24.0;5;24.0
1984-05-12;19.0;5;19.0
1984-05-13;19.0;5;19.0
1984-05-14;20.0;5;20.0
1984-05-15;22.0;5;22.0
1984-05-16;41.0;5;41.0
1984-05-17;26.0;5;26.0
1984-05-18;25.0;5;25.0
1984-05-19;22.0;5;22.0
1984-05-20;32.0;5;32.0
1984-05-21;24.0;5;24.0
1984-05-22;35.0;5;35.0
1984-05-23;32.0;5;32.0
1984-05-24;36.0;5;36.0
1984-05-25;28.0;5;28.0
1984-05-26;37.0;5;37.0
1984-05-27;34.0;5;34.0
1984-05-28;28.0;5;28.0
1984-05-29;25.0;5;25.0
1984-05-30;50.0;5;50.0
1984-05-31;55.0;5;55.0
1984-06-01;95.0;6;95.0
1984-06-02;48.0;6;48.0
1984-06-03;40.0;6;40.0
1984-06-04;39.0;6;39.0
1984-06-05;31.0;6;31.0
1984-06-06;38.0;6;38.0
1984-06-07;57.0;6;57.0
1984-06-08;44.0;6;44.0
1984-06-09;35.0;6;35.0
1984-06-10;33.0;6;33.0
1984-06-11;62.0;6;62.0
1984-06-12;50.0;6;50.0
1984-06-13;72.0;6;72.0
1984-06-14;78.0;6;78.0
1984-06-15;85.0;6;85.0
1984-06-16;55.0;6;55.0
1984-06-17;160.0;6;160.0
1984-06-18;54.0;6;54.0
1984-06-19;51.0;6;51.0
1984-06-20;35.0;6;35.0
1984-06-21;29.0;6;29.0
1984-06-22;26.0;6;26.0
1984-06-23;38.0;6;38.0
1984-06-24;34.0;6;34.0
1984-06-25;26.0;6;26.0
1984-06-26;22.0;6;22.0
1984-06-27;23.0;6;23.0
1984-06-28;26.0;6;26.0
1984-06-29;194.0;6;194.0
1984-06-30;224.0;6;224.0
1984-07-01;160.0;7;160.0
1984-07-02;69.0;7;69.0
1984-07-03;59.0;7;59.0
1984-07-04;51.0;7;51.0
1984-07-05;45.0;7;45.0
1984-07-06;41.0;7;41.0
1984-07-07;41.0;7;41.0
1984-07-08;57.0;7;57.0
1984-07-09;58.0;7;58.0
1984-07-10;39.0;7;39.0
1984-07-11;46.0;7;46.0
1984-07-12;45.0;7;45.0
1984-07-13;39.0;7;39.0
1984-07-14;38.0;7;38.0
1984-07-15;43.0;7;43.0
1984-07-16;48.0;7;48.0
1984-07-17;63.0;7;63.0
1984-07-18;61.0;7;61.0
1984-07-19;62.0;7;62.0
1984-07-20;66.0;7;66.0
1984-07-21;64.0;7;64.0
1984-07-22;55.0;7;55.0
1984-07-23;49.0;7;49.0
1984-07-24;40.0;7;40.0
1984-07-25;78.0;7;78.0
1984-07-26;100.0;7;100.0
1984-07-27;54.0;7;54.0
1984-07-28;47.0;7;47.0
1984-07-29;58.0;7;58.0
1984-07-30;75.0;7;75.0
1984-07-31;57.0;7;57.0
1984-08-01;46.0;8;46.0
1984-08-02;41.0;8;41.0
1984-08-03;36.0;8;36.0
1984-08-04;38.0;8;38.0
1984-08-05;46.0;8;46.0
1984-08-06;44.0;8;44.0
1984-08-07;33.0;8;33.0
1984-08-08;71.0;8;71.0
1984-08-09;96.0;8;96.0
1984-08-10;53.0;8;53.0
1984-08-11;85.0;8;85.0
1984-08-12;57.0;8;57.0
1984-08-13;53.0;8;53.0
1984-08-14;43.0;8;43.0
1984-08-15;46.0;8;46.0
1984-08-16;42.0;8;42.0
1984-08-17;42.0;8;42.0
1984-08-18;36.0;8;36.0
1984-08-19;38.0;8;38.0
1984-08-20;39.0;8;39.0
1984-08-21;39.0;8;39.0
1984-08-22;35.0;8;35.0
1984-08-23;31.0;8;31.0
1984-08-24;34.0;8;34.0
1984-08-25;33.0;8;33.0
1984-08-26;62.0;8;62.0
1984-08-27;53.0;8;53.0
1984-08-28;35.0;8;35.0
1984-08-29;29.0;8;29.0
1984-08-30;26.0;8;26.0
1984-08-31;24.0;8;24.0
1984-09-01;23.0;9;23.0
1984-09-02;30.0;9;30.0
1984-09-03;28.0;9;28.0
1984-09-04;29.0;9;29.0
1984-09-05;29.0;9;29.0
1984-09-06;24.0;9;24.0
1984-09-07;22.0;9;22.0
1984-09-08;22.0;9;22.0
1984-09-09;23.0;9;23.0
1984-09-10;34.0;9;34.0
1984-09-11;25.0;9;25.0
1984-09-12;30.0;9;30.0
1984-09-13;64.0;9;64.0
1984-09-14;37.0;9;37.0
1984-09-15;27.0;9;27.0
1984-09-16;25.0;9;25.0
1984-09-17;24.0;9;24.0
1984-09-18;24.0;9;24.0
1984-09-19;25.0;9;25.0
1984-09-20;22.0;9;22.0
1984-09-21;49.0;9;49.0
1984-09-22;33.0;9;33.0
1984-09-23;30.0;9;30.0
1984-09-24;23.0;9;23.0
1984-09-25;21.0;9;21.0
1984-09-26;22.0;9;22.0
1984-09-27;24.0;9;24.0
1984-09-28;29.0;9;29.0
1984-09-29;50.0;9;50.0
1984-09-30;114.0;9;114.0
1984-10-01;52.0;10;52.0
1984-10-02;45.0;10;45.0
1984-10-03;39.0;10;39.0
1984-10-04;41.0;10;41.0
1984-10-05;37.0;10;37.0
1984-10-06;31.0;10;31.0
1984-10-07;35.0;10;35.0
1984-10-08;29.0;10;29.0
1984-10-09;26.0;10;26.0
1984-10-10;37.0;10;37.0
1984-10-11;69.0;10;69.0
1984-10-12;36.0;10;36.0
1984-10-13;35.0;10;35.0
1984-10-14;30.0;10;30.0
1984-10-15;37.0;10;37.0
1984-10-16;30.0;10;30.0
1984-10-17;32.0;10;32.0
1984-10-18;31.0;10;31.0
1984-10-19;43.0;10;43.0
1984-10-20;74.0;10;74.0
1984-10-21;48.0;10;48.0
1984-10-22;48.0;10;48.0
1984-10-23;39.0;10;39.0
1984-10-24;30.0;10;30.0
1984-10-25;40.0;10;40.0
1984-10-26;36.0;10;36.0
1984-10-27;38.0;10;38.0
1984-10-28;112.0;10;112.0
1984-10-29;35.0;10;35.0
1984-10-30;31.0;10;31.0
1984-10-31;24.0;10;24.0
1984-11-01;27.0;11;27.0
1984-11-02;22.0;11;22.0
1984-11-03;32.0;11;32.0
1984-11-04;27.0;11;27.0
1984-11-05;25.0;11;25.0
1984-11-06;68.0;11;68.0
1984-11-07;96.0;11;96.0
1984-11-08;49.0;11;49.0
1984-11-09;34.0;11;34.0
1984-11-10;32.0;11;32.0
1984-11-11;37.0;11;37.0
1984-11-12;30.0;11;30.0
1984-11-13;56.0;11;56.0
1984-11-14;77.0;11;77.0
1984-11-15;53.0;11;53.0
1984-11-16;40.0;11;40.0
1984-11-17;32.0;11;32.0
1984-11-18;34.0;11;34.0
1984-11-19;42.0;11;42.0
1984-11-20;81.0;11;81.0
1984-11-21;63.0;11;63.0
1984-11-22;39.0;11;39.0
1984-11-23;43.0;11;43.0
1984-11-24;49.0;11;49.0
1984-11-25;131.0;11;131.0
1984-11-26;54.0;11;54.0
1984-11-27;39.0;11;39.0
1984-11-28;44.0;11;44.0
1984-11-29;45.0;11;45.0
1984-11-30;37.0;11;37.0
1984-12-01;35.0;12;35.0
1984-12-02;34.0;12;34.0
1984-12-03;33.0;12;33.0
1984-12-04;32.0;12;32.0
1984-12-05;30.0;12;30.0
1984-12-06;30.0;12;30.0
1984-12-07;29.0;12;29.0
1984-12-08;28.0;12;28.0
1984-12-09;27.0;12;27.0
1984-12-10;34.0;12;34.0
1984-12-11;36.0;12;36.0
1984-12-12;36.0;12;36.0
1984-12-13;35.0;12;35.0
1984-12-14;38.0;12;38.0
1984-12-15;43.0;12;43.0
1984-12-16;36.0;12;36.0
1984-12-17;37.0;12;37.0
1984-12-18;58.0;12;58.0
1984-12-19;171.0;12;171.0
1984-12-20;40.0;12;40.0
1984-12-21;31.0;12;31.0
1984-12-22;32.0;12;32.0
1984-12-23;31.0;12;31.0
1984-12-24;30.0;12;30.0
1984-12-25;29.0;12;29.0
1984-12-26;30.0;12;30.0
1984-12-27;24.0;12;24.0
1984-12-28;135.0;12;135.0
1984-12-29;53.0;12;53.0
1984-12-30;34.0;12;34.0
1984-12-31;33.0;12;33.0
1985-01-01;20.0;1;20.0
1985-01-02;20.0;1;20.0
1985-01-03;20.0;1;20.0
1985-01-04;20.0;1;20.0
1985-01-05;20.0;1;20.0
1985-01-06;20.0;1;20.0
1985-01-07;20.0;1;20.0
1985-01-08;20.0;1;20.0
1985-01-09;20.0;1;20.0
1985-01-10;19.0;1;19.0
1985-01-11;19.0;1;19.0
1985-01-12;19.0;1;19.0
1985-01-13;19.0;1;19.0
1985-01-14;17.0;1;17.0
1985-01-15;17.0;1;17.0
1985-01-16;17.0;1;17.0
1985-01-17;17.0;1;17.0
1985-01-18;17.0;1;17.0
1985-01-19;17.0;1;17.0
1985-01-20;16.0;1;16.0
1985-01-21;16.0;1;16.0
1985-01-22;17.0;1;17.0
1985-01-23;28.0;1;28.0
1985-01-24;26.0;1;26.0
1985-01-25;17.0;1;17.0
1985-01-26;16.0;1;16.0
1985-01-27;22.0;1;22.0
1985-01-28;18.0;1;18.0
1985-01-29;17.0;1;17.0
1985-01-30;16.0;1;16.0
1985-01-31;16.0;1;16.0
1985-02-01;16.0;2;16.0
1985-02-02;16.0;2;16.0
1985-02-03;15.0;2;15.0
1985-02-04;15.0;2;15.0
1985-02-05;15.0;2;15.0
1985-02-06;15.0;2;15.0
1985-02-07;15.0;2;15.0
1985-02-08;15.0;2;15.0
1985-02-09;15.0;2;15.0
1985-02-10;19.0;2;19.0
1985-02-11;43.0;2;43.0
1985-02-12;18.0;2;18.0
1985-02-13;16.0;2;16.0
1985-02-14;15.0;2;15.0
1985-02-15;15.0;2;15.0
1985-02-16;15.0;2;15.0
1985-02-17;15.0;2;15.0
1985-02-18;15.0;2;15.0
1985-02-19;15.0;2;15.0
1985-02-20;15.0;2;15.0
1985-02-21;15.0;2;15.0
1985-02-22;13.0;2;13.0
1985-02-23;13.0;2;13.0
1985-02-24;13.0;2;13.0
1985-02-25;13.0;2;13.0
1985-02-26;13.0;2;13.0
1985-02-27;13.0;2;13.0
1985-02-28;12.0;2;12.0
1985-03-01;12.0;3;12.0
1985-03-02;12.0;3;12.0
1985-03-03;14.0;3;14.0
1985-03-04;18.0;3;18.0
1985-03-05;16.0;3;16.0
1985-03-06;15.0;3;15.0
1985-03-07;23.0;3;23.0
1985-03-08;19.0;3;19.0
1985-03-09;37.0;3;37.0
1985-03-10;18.0;3;18.0
1985-03-11;15.0;3;15.0
1985-03-12;45.0;3;45.0
1985-03-13;20.0;3;20.0
1985-03-14;21.0;3;21.0
1985-03-15;16.0;3;16.0
1985-03-16;15.0;3;15.0
1985-03-17;15.0;3;15.0
1985-03-18;14.0;3;14.0
1985-03-19;14.0;3;14.0
1985-03-20;14.0;3;14.0
1985-03-21;14.0;3;14.0
1985-03-22;14.0;3;14.0
1985-03-23;13.0;3;13.0
1985-03-24;13.0;3;13.0
1985-03-25;13.0;3;13.0
1985-03-26;13.0;3;13.0
1985-03-27;22.0;3;22.0
1985-03-28;26.0;3;26.0
1985-03-29;23.0;3;23.0
1985-03-30;17.0;3;17.0
1985-03-31;22.0;3;22.0
1985-04-01;18.0;4;18.0
1985-04-02;20.0;4;20.0
1985-04-03;16.0;4;16.0
1985-04-04;16.0;4;16.0
1985-04-05;16.0;4;16.0
1985-04-06;16.0;4;16.0
1985-04-07;20.0;4;20.0
1985-04-08;15.0;4;15.0
1985-04-09;19.0;4;19.0
1985-04-10;15.0;4;15.0
1985-04-11;16.0;4;16.0
1985-04-12;15.0;4;15.0
1985-04-13;18.0;4;18.0
1985-04-14;15.0;4;15.0
1985-04-15;16.0;4;16.0
1985-04-16;16.0;4;16.0
1985-04-17;18.0;4;18.0
1985-04-18;15.0;4;15.0
1985-04-19;15.0;4;15.0
1985-04-20;49.0;4;49.0
1985-04-21;20.0;4;20.0
1985-04-22;17.0;4;17.0
1985-04-23;18.0;4;18.0
1985-04-24;23.0;4;23.0
1985-04-25;66.0;4;66.0
1985-04-26;36.0;4;36.0
1985-04-27;57.0;4;57.0
1985-04-28;26.0;4;26.0
1985-04-29;24.0;4;24.0
1985-04-30;26.0;4;26.0
1985-05-01;24.0;5;24.0
1985-05-02;20.0;5;20.0
1985-05-03;18.0;5;18.0
1985-05-04;18.0;5;18.0
1985-05-05;17.0;5;17.0
1985-05-06;19.0;5;19.0
1985-05-07;18.0;5;18.0
1985-05-08;27.0;5;27.0
1985-05-09;28.0;5;28.0
1985-05-10;23.0;5;23.0
1985-05-11;24.0;5;24.0
1985-05-12;22.0;5;22.0
1985-05-13;19.0;5;19.0
1985-05-14;41.0;5;41.0
1985-05-15;47.0;5;47.0
1985-05-16;25.0;5;25.0
1985-05-17;20.0;5;20.0
1985-05-18;23.0;5;23.0
1985-05-19;41.0;5;41.0
1985-05-20;25.0;5;25.0
1985-05-21;23.0;5;23.0
1985-05-22;31.0;5;31.0
1985-05-23;70.0;5;70.0
1985-05-24;44.0;5;44.0
1985-05-25;35.0;5;35.0
1985-05-26;54.0;5;54.0
1985-05-27;43.0;5;43.0
1985-05-28;46.0;5;46.0
1985-05-29;84.0;5;84.0
1985-05-30;155.0;5;155.0
1985-05-31;64.0;5;64.0
1985-06-01;158.0;6;158.0
1985-06-02;82.0;6;82.0
1985-06-03;56.0;6;56.0
1985-06-04;47.0;6;47.0
1985-06-05;42.0;6;42.0
1985-06-06;54.0;6;54.0
1985-06-07;66.0;6;66.0
1985-06-08;64.0;6;64.0
1985-06-09;95.0;6;95.0
1985-06-10;61.0;6;61.0
1985-06-11;45.0;6;45.0
1985-06-12;41.0;6;41.0
1985-06-13;37.0;6;37.0
1985-06-14;33.0;6;33.0
1985-06-15;41.0;6;41.0
1985-06-16;44.0;6;44.0
1985-06-17;60.0;6;60.0
1985-06-18;106.0;6;106.0
1985-06-19;61.0;6;61.0
1985-06-20;47.0;6;47.0
1985-06-21;87.0;6;87.0
1985-06-22;81.0;6;81.0
1985-06-23;94.0;6;94.0
1985-06-24;66.0;6;66.0
1985-06-25;66.0;6;66.0
1985-06-26;73.0;6;73.0
1985-06-27;66.0;6;66.0
1985-06-28;49.0;6;49.0
1985-06-29;47.0;6;47.0
1985-06-30;53.0;6;53.0
1985-07-01;39.0;7;39.0
1985-07-02;37.0;7;37.0
1985-07-03;90.0;7;90.0
1985-07-04;79.0;7;79.0
1985-07-05;58.0;7;58.0
1985-07-06;63.0;7;63.0
1985-07-07;72.0;7;72.0
1985-07-08;46.0;7;46.0
1985-07-09;39.0;7;39.0
1985-07-10;38.0;7;38.0
1985-07-11;106.0;7;106.0
1985-07-12;92.0;7;92.0
1985-07-13;92.0;7;92.0
1985-07-14;188.0;7;188.0
1985-07-15;121.0;7;121.0
1985-07-16;83.0;7;83.0
1985-07-17;71.0;7;71.0
1985-07-18;59.0;7;59.0
1985-07-19;50.0;7;50.0
1985-07-20;74.0;7;74.0
1985-07-21;101.0;7;101.0
1985-07-22;58.0;7;58.0
1985-07-23;49.0;7;49.0
1985-07-24;43.0;7;43.0
1985-07-25;52.0;7;52.0
1985-07-26;52.0;7;52.0
1985-07-27;42.0;7;42.0
1985-07-28;40.0;7;40.0
1985-07-29;59.0;7;59.0
1985-07-30;50.0;7;50.0
1985-07-31;55.0;7;55.0
1985-08-01;51.0;8;51.0
1985-08-02;45.0;8;45.0
1985-08-03;217.0;8;217.0
1985-08-04;79.0;8;79.0
1985-08-05;57.0;8;57.0
1985-08-06;41.0;8;41.0
1985-08-07;38.0;8;38.0
1985-08-08;55.0;8;55.0
1985-08-09;89.0;8;89.0
1985-08-10;53.0;8;53.0
1985-08-11;40.0;8;40.0
1985-08-12;37.0;8;37.0
1985-08-13;37.0;8;37.0
1985-08-14;32.0;8;32.0
1985-08-15;39.0;8;39.0
1985-08-16;113.0;8;113.0
1985-08-17;87.0;8;87.0
1985-08-18;70.0;8;70.0
1985-08-19;50.0;8;50.0
1985-08-20;56.0;8;56.0
1985-08-21;194.0;8;194.0
1985-08-22;69.0;8;69.0
1985-08-23;80.0;8;80.0
1985-08-24;56.0;8;56.0
1985-08-25;46.0;8;46.0
1985-08-26;59.0;8;59.0
1985-08-27;41.0;8;41.0
1985-08-28;43.0;8;43.0
1985-08-29;221.0;8;221.0
1985-08-30;83.0;8;83.0
1985-08-31;58.0;8;58.0
1985-09-01;53.0;9;53.0
1985-09-02;48.0;9;48.0
1985-09-03;96.0;9;96.0
1985-09-04;63.0;9;63.0
1985-09-05;73.0;9;73.0
1985-09-06;85.0;9;85.0
1985-09-07;54.0;9;54.0
1985-09-08;48.0;9;48.0
1985-09-09;48.0;9;48.0
1985-09-10;46.0;9;46.0
1985-09-11;43.0;9;43.0
1985-09-12;40.0;9;40.0
1985-09-13;37.0;9;37.0
1985-09-14;37.0;9;37.0
1985-09-15;34.0;9;34.0
1985-09-16;30.0;9;30.0
1985-09-17;32.0;9;32.0
1985-09-18;32.0;9;32.0
1985-09-19;31.0;9;31.0
1985-09-20;31.0;9;31.0
1985-09-21;57.0;9;57.0
1985-09-22;43.0;9;43.0
1985-09-23;32.0;9;32.0
1985-09-24;30.0;9;30.0
1985-09-25;27.0;9;27.0
1985-09-26;49.0;9;49.0
1985-09-27;28.0;9;28.0
1985-09-28;28.0;9;28.0
1985-09-29;27.0;9;27.0
1985-09-30;47.0;9;47.0
1985-10-01;32.0;10;32.0
1985-10-02;27.0;10;27.0
1985-10-03;29.0;10;29.0
1985-10-04;36.0;10;36.0
1985-10-05;37.0;10;37.0
1985-10-06;31.0;10;31.0
1985-10-07;28.0;10;28.0
1985-10-08;26.0;10;26.0
1985-10-09;26.0;10;26.0
1985-10-10;32.0;10;32.0
1985-10-11;29.0;10;29.0
1985-10-12;27.0;10;27.0
1985-10-13;27.0;10;27.0
1985-10-14;27.0;10;27.0
1985-10-15;24.0;10;24.0
1985-10-16;25.0;10;25.0
1985-10-17;24.0;10;24.0
1985-10-18;28.0;10;28.0
1985-10-19;33.0;10;33.0
1985-10-20;28.0;10;28.0
1985-10-21;33.0;10;33.0
1985-10-22;26.0;10;26.0
1985-10-23;34.0;10;34.0
1985-10-24;27.0;10;27.0
1985-10-25;30.0;10;30.0
1985-10-26;23.0;10;23.0
1985-10-27;29.0;10;29.0
1985-10-28;33.0;10;33.0
1985-10-29;31.0;10;31.0
1985-10-30;24.0;10;24.0
1985-10-31;22.0;10;22.0
1985-11-01;21.0;11;21.0
1985-11-02;19.0;11;19.0
1985-11-03;19.0;11;19.0
1985-11-04;19.0;11;19.0
1985-11-05;19.0;11;19.0
1985-11-06;38.0;11;38.0
1985-11-07;53.0;11;53.0
1985-11-08;25.0;11;25.0
1985-11-09;22.0;11;22.0
1985-11-10;22.0;11;22.0
1985-11-11;23.0;11;23.0
1985-11-12;29.0;11;29.0
1985-11-13;47.0;11;47.0
1985-11-14;65.0;11;65.0
1985-11-15;34.0;11;34.0
1985-11-16;26.0;11;26.0
1985-11-17;29.0;11;29.0
1985-11-18;26.0;11;26.0
1985-11-19;25.0;11;25.0
1985-11-20;22.0;11;22.0
1985-11-21;20.0;11;20.0
1985-11-22;20.0;11;20.0
1985-11-23;20.0;11;20.0
1985-11-24;20.0;11;20.0
1985-11-25;19.0;11;19.0
1985-11-26;19.0;11;19.0
1985-11-27;19.0;11;19.0
1985-11-28;19.0;11;19.0
1985-11-29;19.0;11;19.0
1985-11-30;19.0;11;19.0
1985-12-01;19.0;12;19.0
1985-12-02;18.0;12;18.0
1985-12-03;18.0;12;18.0
1985-12-04;18.0;12;18.0
1985-12-05;18.0;12;18.0
1985-12-06;19.0;12;19.0
1985-12-07;18.0;12;18.0
1985-12-08;20.0;12;20.0
1985-12-09;20.0;12;20.0
1985-12-10;21.0;12;21.0
1985-12-11;20.0;12;20.0
1985-12-12;19.0;12;19.0
1985-12-13;19.0;12;19.0
1985-12-14;19.0;12;19.0
1985-12-15;19.0;12;19.0
1985-12-16;19.0;12;19.0
1985-12-17;19.0;12;19.0
1985-12-18;19.0;12;19.0
1985-12-19;19.0;12;19.0
1985-12-20;18.0;12;18.0
1985-12-21;17.0;12;17.0
1985-12-22;17.0;12;17.0
1985-12-23;17.0;12;17.0
1985-12-24;17.0;12;17.0
1985-12-25;16.0;12;16.0
1985-12-26;16.0;12;16.0
1985-12-27;16.0;12;16.0
1985-12-28;16.0;12;16.0
1985-12-29;18.0;12;18.0
1985-12-30;19.0;12;19.0
1985-12-31;18.0;12;18.0
1986-01-01;18.0;1;18.0
1986-01-02;17.0;1;17.0
1986-01-03;18.0;1;18.0
1986-01-04;19.0;1;19.0
1986-01-05;19.0;1;19.0
1986-01-06;18.0;1;18.0
1986-01-07;18.0;1;18.0
1986-01-08;17.0;1;17.0
1986-01-09;17.0;1;17.0
1986-01-10;16.0;1;16.0
1986-01-11;16.0;1;16.0
1986-01-12;16.0;1;16.0
1986-01-13;16.0;1;16.0
1986-01-14;16.0;1;16.0
1986-01-15;16.0;1;16.0
1986-01-16;16.0;1;16.0
1986-01-17;16.0;1;16.0
1986-01-18;16.0;1;16.0
1986-01-19;16.0;1;16.0
1986-01-20;16.0;1;16.0
1986-01-21;16.0;1;16.0
1986-01-22;16.0;1;16.0
1986-01-23;41.0;1;41.0
1986-01-24;41.0;1;41.0
1986-01-25;26.0;1;26.0
1986-01-26;19.0;1;19.0
1986-01-27;19.0;1;19.0
1986-01-28;29.0;1;29.0
1986-01-29;20.0;1;20.0
1986-01-30;23.0;1;23.0
1986-01-31;23.0;1;23.0
1986-02-01;23.0;2;23.0
1986-02-02;17.0;2;17.0
1986-02-03;18.0;2;18.0
1986-02-04;19.0;2;19.0
1986-02-05;29.0;2;29.0
1986-02-06;21.0;2;21.0
1986-02-07;23.0;2;23.0
1986-02-08;23.0;2;23.0
1986-02-09;21.0;2;21.0
1986-02-10;18.0;2;18.0
1986-02-11;18.0;2;18.0
1986-02-12;18.0;2;18.0
1986-02-13;17.0;2;17.0
1986-02-14;20.0;2;20.0
1986-02-15;19.0;2;19.0
1986-02-16;19.0;2;19.0
1986-02-17;18.0;2;18.0
1986-02-18;20.0;2;20.0
1986-02-19;19.0;2;19.0
1986-02-20;18.0;2;18.0
1986-02-21;19.0;2;19.0
1986-02-22;54.0;2;54.0
1986-02-23;43.0;2;43.0
1986-02-24;47.0;2;47.0
1986-02-25;35.0;2;35.0
1986-02-26;23.0;2;23.0
1986-02-27;22.0;2;22.0
1986-02-28;29.0;2;29.0
1986-03-01;25.0;3;25.0
1986-03-02;20.0;3;20.0
1986-03-03;21.0;3;21.0
1986-03-04;19.0;3;19.0
1986-03-05;24.0;3;24.0
1986-03-06;24.0;3;24.0
1986-03-07;25.0;3;25.0
1986-03-08;19.0;3;19.0
1986-03-09;18.0;3;18.0
1986-03-10;20.0;3;20.0
1986-03-11;19.0;3;19.0
1986-03-12;18.0;3;18.0
1986-03-13;37.0;3;37.0
1986-03-14;51.0;3;51.0
1986-03-15;23.0;3;23.0
1986-03-16;20.0;3;20.0
1986-03-17;19.0;3;19.0
1986-03-18;20.0;3;20.0
1986-03-19;23.0;3;23.0
1986-03-20;77.0;3;77.0
1986-03-21;48.0;3;48.0
1986-03-22;27.0;3;27.0
1986-03-23;24.0;3;24.0
1986-03-24;30.0;3;30.0
1986-03-25;25.0;3;25.0
1986-03-26;21.0;3;21.0
1986-03-27;32.0;3;32.0
1986-03-28;50.0;3;50.0
1986-03-29;33.0;3;33.0
1986-03-30;66.0;3;66.0
1986-03-31;40.0;3;40.0
1986-04-01;37.0;4;37.0
1986-04-02;30.0;4;30.0
1986-04-03;35.0;4;35.0
1986-04-04;32.0;4;32.0
1986-04-05;39.0;4;39.0
1986-04-06;27.0;4;27.0
1986-04-07;24.0;4;24.0
1986-04-08;25.0;4;25.0
1986-04-09;23.0;4;23.0
1986-04-10;23.0;4;23.0
1986-04-11;24.0;4;24.0
1986-04-12;67.0;4;67.0
1986-04-13;31.0;4;31.0
1986-04-14;26.0;4;26.0
1986-04-15;23.0;4;23.0
1986-04-16;27.0;4;27.0
1986-04-17;67.0;4;67.0
1986-04-18;42.0;4;42.0
1986-04-19;41.0;4;41.0
1986-04-20;40.0;4;40.0
1986-04-21;32.0;4;32.0
1986-04-22;50.0;4;50.0
1986-04-23;41.0;4;41.0
1986-04-24;63.0;4;63.0
1986-04-25;31.0;4;31.0
1986-04-26;27.0;4;27.0
1986-04-27;26.0;4;26.0
1986-04-28;126.0;4;126.0
1986-04-29;54.0;4;54.0
1986-04-30;37.0;4;37.0
1986-05-01;35.0;5;35.0
1986-05-02;38.0;5;38.0
1986-05-03;51.0;5;51.0
1986-05-04;103.0;5;103.0
1986-05-05;55.0;5;55.0
1986-05-06;38.0;5;38.0
1986-05-07;33.0;5;33.0
1986-05-08;27.0;5;27.0
1986-05-09;27.0;5;27.0
1986-05-10;26.0;5;26.0
1986-05-11;24.0;5;24.0
1986-05-12;24.0;5;24.0
1986-05-13;23.0;5;23.0
1986-05-14;22.0;5;22.0
1986-05-15;92.0;5;92.0
1986-05-16;48.0;5;48.0
1986-05-17;39.0;5;39.0
1986-05-18;41.0;5;41.0
1986-05-19;31.0;5;31.0
1986-05-20;47.0;5;47.0
1986-05-21;33.0;5;33.0
1986-05-22;47.0;5;47.0
1986-05-23;71.0;5;71.0
1986-05-24;39.0;5;39.0
1986-05-25;35.0;5;35.0
1986-05-26;110.0;5;110.0
1986-05-27;104.0;5;104.0
1986-05-28;52.0;5;52.0
1986-05-29;42.0;5;42.0
1986-05-30;34.0;5;34.0
1986-05-31;32.0;5;32.0
1986-06-01;34.0;6;34.0
1986-06-02;117.0;6;117.0
1986-06-03;52.0;6;52.0
1986-06-04;38.0;6;38.0
1986-06-05;32.0;6;32.0
1986-06-06;54.0;6;54.0
1986-06-07;42.0;6;42.0
1986-06-08;56.0;6;56.0
1986-06-09;46.0;6;46.0
1986-06-10;39.0;6;39.0
1986-06-11;59.0;6;59.0
1986-06-12;48.0;6;48.0
1986-06-13;68.0;6;68.0
1986-06-14;52.0;6;52.0
1986-06-15;47.0;6;47.0
1986-06-16;53.0;6;53.0
1986-06-17;120.0;6;120.0
1986-06-18;84.0;6;84.0
1986-06-19;109.0;6;109.0
1986-06-20;195.0;6;195.0
1986-06-21;126.0;6;126.0
1986-06-22;80.0;6;80.0
1986-06-23;62.0;6;62.0
1986-06-24;66.0;6;66.0
1986-06-25;126.0;6;126.0
1986-06-26;127.0;6;127.0
1986-06-27;97.0;6;97.0
1986-06-28;72.0;6;72.0
1986-06-29;59.0;6;59.0
1986-06-30;59.0;6;59.0
1986-07-01;54.0;7;54.0
1986-07-02;208.0;7;208.0
1986-07-03;148.0;7;148.0
1986-07-04;89.0;7;89.0
1986-07-05;65.0;7;65.0
1986-07-06;66.0;7;66.0
1986-07-07;196.0;7;196.0
1986-07-08;114.0;7;114.0
1986-07-09;80.0;7;80.0
1986-07-10;94.0;7;94.0
1986-07-11;92.0;7;92.0
1986-07-12;70.0;7;70.0
1986-07-13;59.0;7;59.0
1986-07-14;62.0;7;62.0
1986-07-15;60.0;7;60.0
1986-07-16;93.0;7;93.0
1986-07-17;160.0;7;160.0
1986-07-18;113.0;7;113.0
1986-07-19;64.0;7;64.0
1986-07-20;55.0;7;55.0
1986-07-21;80.0;7;80.0
1986-07-22;185.0;7;185.0
1986-07-23;269.0;7;269.0
1986-07-24;113.0;7;113.0
1986-07-25;77.0;7;77.0
1986-07-26;65.0;7;65.0
1986-07-27;62.0;7;62.0
1986-07-28;59.0;7;59.0
1986-07-29;53.0;7;53.0
1986-07-30;50.0;7;50.0
1986-07-31;49.0;7;49.0
1986-08-01;60.0;8;60.0
1986-08-02;58.0;8;58.0
1986-08-03;52.0;8;52.0
1986-08-04;48.0;8;48.0
1986-08-05;59.0;8;59.0
1986-08-06;48.0;8;48.0
1986-08-07;62.0;8;62.0
1986-08-08;53.0;8;53.0
1986-08-09;46.0;8;46.0
1986-08-10;44.0;8;44.0
1986-08-11;43.0;8;43.0
1986-08-12;56.0;8;56.0
1986-08-13;48.0;8;48.0
1986-08-14;56.0;8;56.0
1986-08-15;42.0;8;42.0
1986-08-16;44.0;8;44.0
1986-08-17;41.0;8;41.0
1986-08-18;50.0;8;50.0
1986-08-19;43.0;8;43.0
1986-08-20;40.0;8;40.0
1986-08-21;38.0;8;38.0
1986-08-22;36.0;8;36.0
1986-08-23;34.0;8;34.0
1986-08-24;45.0;8;45.0
1986-08-25;40.0;8;40.0
1986-08-26;38.0;8;38.0
1986-08-27;49.0;8;49.0
1986-08-28;50.0;8;50.0
1986-08-29;95.0;8;95.0
1986-08-30;51.0;8;51.0
1986-08-31;44.0;8;44.0
1986-09-01;40.0;9;40.0
1986-09-02;36.0;9;36.0
1986-09-03;36.0;9;36.0
1986-09-04;35.0;9;35.0
1986-09-05;33.0;9;33.0
1986-09-06;97.0;9;97.0
1986-09-07;94.0;9;94.0
1986-09-08;85.0;9;85.0
1986-09-09;69.0;9;69.0
1986-09-10;81.0;9;81.0
1986-09-11;59.0;9;59.0
1986-09-12;54.0;9;54.0
1986-09-13;50.0;9;50.0
1986-09-14;48.0;9;48.0
1986-09-15;43.0;9;43.0
1986-09-16;42.0;9;42.0
1986-09-17;43.0;9;43.0
1986-09-18;49.0;9;49.0
1986-09-19;78.0;9;78.0
1986-09-20;76.0;9;76.0
1986-09-21;78.0;9;78.0
1986-09-22;51.0;9;51.0
1986-09-23;44.0;9;44.0
1986-09-24;43.0;9;43.0
1986-09-25;82.0;9;82.0
1986-09-26;60.0;9;60.0
1986-09-27;45.0;9;45.0
1986-09-28;122.0;9;122.0
1986-09-29;135.0;9;135.0
1986-09-30;74.0;9;74.0
1986-10-01;58.0;10;58.0
1986-10-02;51.0;10;51.0
1986-10-03;48.0;10;48.0
1986-10-04;77.0;10;77.0
1986-10-05;54.0;10;54.0
1986-10-06;44.0;10;44.0
1986-10-07;47.0;10;47.0
1986-10-08;44.0;10;44.0
1986-10-09;42.0;10;42.0
1986-10-10;40.0;10;40.0
1986-10-11;39.0;10;39.0
1986-10-12;38.0;10;38.0
1986-10-13;43.0;10;43.0
1986-10-14;53.0;10;53.0
1986-10-15;41.0;10;41.0
1986-10-16;39.0;10;39.0
1986-10-17;46.0;10;46.0
1986-10-18;42.0;10;42.0
1986-10-19;84.0;10;84.0
1986-10-20;101.0;10;101.0
1986-10-21;71.0;10;71.0
1986-10-22;52.0;10;52.0
1986-10-23;70.0;10;70.0
1986-10-24;146.0;10;146.0
1986-10-25;75.0;10;75.0
1986-10-26;54.0;10;54.0
1986-10-27;89.0;10;89.0
1986-10-28;58.0;10;58.0
1986-10-29;54.0;10;54.0
1986-10-30;59.0;10;59.0
1986-10-31;50.0;10;50.0
1986-11-01;96.0;11;96.0
1986-11-02;61.0;11;61.0
1986-11-03;51.0;11;51.0
1986-11-04;49.0;11;49.0
1986-11-05;79.0;11;79.0
1986-11-06;63.0;11;63.0
1986-11-07;64.0;11;64.0
1986-11-08;63.0;11;63.0
1986-11-09;50.0;11;50.0
1986-11-10;46.0;11;46.0
1986-11-11;44.0;11;44.0
1986-11-12;200.0;11;200.0
1986-11-13;71.0;11;71.0
1986-11-14;49.0;11;49.0
1986-11-15;42.0;11;42.0
1986-11-16;39.0;11;39.0
1986-11-17;42.0;11;42.0
1986-11-18;39.0;11;39.0
1986-11-19;48.0;11;48.0
1986-11-20;39.0;11;39.0
1986-11-21;38.0;11;38.0
1986-11-22;37.0;11;37.0
1986-11-23;45.0;11;45.0
1986-11-24;41.0;11;41.0
1986-11-25;40.0;11;40.0
1986-11-26;37.0;11;37.0
1986-11-27;44.0;11;44.0
1986-11-28;44.0;11;44.0
1986-11-29;37.0;11;37.0
1986-11-30;34.0;11;34.0
1986-12-01;34.0;12;34.0
1986-12-02;32.0;12;32.0
1986-12-03;35.0;12;35.0
1986-12-04;35.0;12;35.0
1986-12-05;41.0;12;41.0
1986-12-06;47.0;12;47.0
1986-12-07;39.0;12;39.0
1986-12-08;35.0;12;35.0
1986-12-09;48.0;12;48.0
1986-12-10;47.0;12;47.0
1986-12-11;41.0;12;41.0
1986-12-12;36.0;12;36.0
1986-12-13;33.0;12;33.0
1986-12-14;31.0;12;31.0
1986-12-15;33.0;12;33.0
1986-12-16;34.0;12;34.0
1986-12-17;28.0;12;28.0
1986-12-18;33.0;12;33.0
1986-12-19;28.0;12;28.0
1986-12-20;38.0;12;38.0
1986-12-21;33.0;12;33.0
1986-12-22;38.0;12;38.0
1986-12-23;59.0;12;59.0
1986-12-24;31.0;12;31.0
1986-12-25;27.0;12;27.0
1986-12-26;26.0;12;26.0
1986-12-27;24.0;12;24.0
1986-12-28;24.0;12;24.0
1986-12-29;24.0;12;24.0
1986-12-30;24.0;12;24.0
1986-12-31;24.0;12;24.0
1987-01-01;23.0;1;23.0
1987-01-02;25.0;1;25.0
1987-01-03;31.0;1;31.0
1987-01-04;26.0;1;26.0
1987-01-05;24.0;1;24.0
1987-01-06;31.0;1;31.0
1987-01-07;28.0;1;28.0
1987-01-08;27.0;1;27.0
1987-01-09;46.0;1;46.0
1987-01-10;62.0;1;62.0
1987-01-11;44.0;1;44.0
1987-01-12;36.0;1;36.0
1987-01-13;34.0;1;34.0
1987-01-14;29.0;1;29.0
1987-01-15;30.0;1;30.0
1987-01-16;29.0;1;29.0
1987-01-17;34.0;1;34.0
1987-01-18;51.0;1;51.0
1987-01-19;37.0;1;37.0
1987-01-20;31.0;1;31.0
1987-01-21;27.0;1;27.0
1987-01-22;25.0;1;25.0
1987-01-23;24.0;1;24.0
1987-01-24;24.0;1;24.0
1987-01-25;23.0;1;23.0
1987-01-26;25.0;1;25.0
1987-01-27;23.0;1;23.0
1987-01-28;24.0;1;24.0
1987-01-29;23.0;1;23.0
1987-01-30;28.0;1;28.0
1987-01-31;26.0;1;26.0
1987-02-01;23.0;2;23.0
1987-02-02;22.0;2;22.0
1987-02-03;68.0;2;68.0
1987-02-04;35.0;2;35.0
1987-02-05;29.0;2;29.0
1987-02-06;22.0;2;22.0
1987-02-07;21.0;2;21.0
1987-02-08;20.0;2;20.0
1987-02-09;21.0;2;21.0
1987-02-10;30.0;2;30.0
1987-02-11;46.0;2;46.0
1987-02-12;36.0;2;36.0
1987-02-13;27.0;2;27.0
1987-02-14;64.0;2;64.0
1987-02-15;36.0;2;36.0
1987-02-16;28.0;2;28.0
1987-02-17;25.0;2;25.0
1987-02-18;23.0;2;23.0
1987-02-19;41.0;2;41.0
1987-02-20;31.0;2;31.0
1987-02-21;32.0;2;32.0
1987-02-22;26.0;2;26.0
1987-02-23;27.0;2;27.0
1987-02-24;28.0;2;28.0
1987-02-25;24.0;2;24.0
1987-02-26;23.0;2;23.0
1987-02-27;54.0;2;54.0
1987-02-28;38.0;2;38.0
1987-03-01;27.0;3;27.0
1987-03-02;26.0;3;26.0
1987-03-03;23.0;3;23.0
1987-03-04;25.0;3;25.0
1987-03-05;33.0;3;33.0
1987-03-06;33.0;3;33.0
1987-03-07;26.0;3;26.0
1987-03-08;35.0;3;35.0
1987-03-09;38.0;3;38.0
1987-03-10;25.0;3;25.0
1987-03-11;23.0;3;23.0
1987-03-12;23.0;3;23.0
1987-03-13;22.0;3;22.0
1987-03-14;21.0;3;21.0
1987-03-15;24.0;3;24.0
1987-03-16;43.0;3;43.0
1987-03-17;56.0;3;56.0
1987-03-18;30.0;3;30.0
1987-03-19;25.0;3;25.0
1987-03-20;23.0;3;23.0
1987-03-21;27.0;3;27.0
1987-03-22;27.0;3;27.0
1987-03-23;30.0;3;30.0
1987-03-24;24.0;3;24.0
1987-03-25;40.0;3;40.0
1987-03-26;25.0;3;25.0
1987-03-27;24.0;3;24.0
1987-03-28;23.0;3;23.0
1987-03-29;22.0;3;22.0
1987-03-30;22.0;3;22.0
1987-03-31;22.0;3;22.0
1987-04-01;25.0;4;25.0
1987-04-02;41.0;4;41.0
1987-04-03;46.0;4;46.0
1987-04-04;43.0;4;43.0
1987-04-05;31.0;4;31.0
1987-04-06;25.0;4;25.0
1987-04-07;28.0;4;28.0
1987-04-08;49.0;4;49.0
1987-04-09;40.0;4;40.0
1987-04-10;31.0;4;31.0
1987-04-11;32.0;4;32.0
1987-04-12;41.0;4;41.0
1987-04-13;42.0;4;42.0
1987-04-14;42.0;4;42.0
1987-04-15;28.0;4;28.0
1987-04-16;43.0;4;43.0
1987-04-17;32.0;4;32.0
1987-04-18;81.0;4;81.0
1987-04-19;162.0;4;162.0
1987-04-20;62.0;4;62.0
1987-04-21;39.0;4;39.0
1987-04-22;34.0;4;34.0
1987-04-23;47.0;4;47.0
1987-04-24;97.0;4;97.0
1987-04-25;51.0;4;51.0
1987-04-26;33.0;4;33.0
1987-04-27;32.0;4;32.0
1987-04-28;43.0;4;43.0
1987-04-29;49.0;4;49.0
1987-04-30;44.0;4;44.0
1987-05-01;31.0;5;31.0
1987-05-02;27.0;5;27.0
1987-05-03;28.0;5;28.0
1987-05-04;31.0;5;31.0
1987-05-05;25.0;5;25.0
1987-05-06;34.0;5;34.0
1987-05-07;33.0;5;33.0
1987-05-08;39.0;5;39.0
1987-05-09;42.0;5;42.0
1987-05-10;58.0;5;58.0
1987-05-11;40.0;5;40.0
1987-05-12;87.0;5;87.0
1987-05-13;57.0;5;57.0
1987-05-14;44.0;5;44.0
1987-05-15;33.0;5;33.0
1987-05-16;27.0;5;27.0
1987-05-17;25.0;5;25.0
1987-05-18;25.0;5;25.0
1987-05-19;42.0;5;42.0
1987-05-20;59.0;5;59.0
1987-05-21;31.0;5;31.0
1987-05-22;31.0;5;31.0
1987-05-23;31.0;5;31.0
1987-05-24;67.0;5;67.0
1987-05-25;43.0;5;43.0
1987-05-26;58.0;5;58.0
1987-05-27;56.0;5;56.0
1987-05-28;39.0;5;39.0
1987-05-29;30.0;5;30.0
1987-05-30;29.0;5;29.0
1987-05-31;28.0;5;28.0
1987-06-01;53.0;6;53.0
1987-06-02;43.0;6;43.0
1987-06-03;30.0;6;30.0
1987-06-04;33.0;6;33.0
1987-06-05;33.0;6;33.0
1987-06-06;32.0;6;32.0
1987-06-07;28.0;6;28.0
1987-06-08;88.0;6;88.0
1987-06-09;101.0;6;101.0
1987-06-10;90.0;6;90.0
1987-06-11;58.0;6;58.0
1987-06-12;41.0;6;41.0
1987-06-13;39.0;6;39.0
1987-06-14;102.0;6;102.0
1987-06-15;70.0;6;70.0
1987-06-16;58.0;6;58.0
1987-06-17;65.0;6;65.0
1987-06-18;65.0;6;65.0
1987-06-19;84.0;6;84.0
1987-06-20;60.0;6;60.0
1987-06-21;46.0;6;46.0
1987-06-22;42.0;6;42.0
1987-06-23;46.0;6;46.0
1987-06-24;63.0;6;63.0
1987-06-25;58.0;6;58.0
1987-06-26;108.0;6;108.0
1987-06-27;56.0;6;56.0
1987-06-28;43.0;6;43.0
1987-06-29;39.0;6;39.0
1987-06-30;36.0;6;36.0
1987-07-01;38.0;7;38.0
1987-07-02;35.0;7;35.0
1987-07-03;93.0;7;93.0
1987-07-04;124.0;7;124.0
1987-07-05;140.0;7;140.0
1987-07-06;81.0;7;81.0
1987-07-07;58.0;7;58.0
1987-07-08;60.0;7;60.0
1987-07-09;51.0;7;51.0
1987-07-10;101.0;7;101.0
1987-07-11;94.0;7;94.0
1987-07-12;68.0;7;68.0
1987-07-13;79.0;7;79.0
1987-07-14;97.0;7;97.0
1987-07-15;76.0;7;76.0
1987-07-16;64.0;7;64.0
1987-07-17;51.0;7;51.0
1987-07-18;47.0;7;47.0
1987-07-19;50.0;7;50.0
1987-07-20;65.0;7;65.0
1987-07-21;97.0;7;97.0
1987-07-22;61.0;7;61.0
1987-07-23;48.0;7;48.0
1987-07-24;47.0;7;47.0
1987-07-25;90.0;7;90.0
1987-07-26;95.0;7;95.0
1987-07-27;55.0;7;55.0
1987-07-28;48.0;7;48.0
1987-07-29;45.0;7;45.0
1987-07-30;83.0;7;83.0
1987-07-31;115.0;7;115.0
1987-08-01;151.0;8;151.0
1987-08-02;69.0;8;69.0
1987-08-03;55.0;8;55.0
1987-08-04;55.0;8;55.0
1987-08-05;42.0;8;42.0
1987-08-06;39.0;8;39.0
1987-08-07;36.0;8;36.0
1987-08-08;132.0;8;132.0
1987-08-09;155.0;8;155.0
1987-08-10;164.0;8;164.0
1987-08-11;91.0;8;91.0
1987-08-12;91.0;8;91.0
1987-08-13;67.0;8;67.0
1987-08-14;58.0;8;58.0
1987-08-15;73.0;8;73.0
1987-08-16;58.0;8;58.0
1987-08-17;53.0;8;53.0
1987-08-18;65.0;8;65.0
1987-08-19;54.0;8;54.0
1987-08-20;83.0;8;83.0
1987-08-21;156.0;8;156.0
1987-08-22;141.0;8;141.0
1987-08-23;102.0;8;102.0
1987-08-24;85.0;8;85.0
1987-08-25;74.0;8;74.0
1987-08-26;64.0;8;64.0
1987-08-27;57.0;8;57.0
1987-08-28;51.0;8;51.0
1987-08-29;50.0;8;50.0
1987-08-30;50.0;8;50.0
1987-08-31;117.0;8;117.0
1987-09-01;91.0;9;91.0
1987-09-02;60.0;9;60.0
1987-09-03;50.0;9;50.0
1987-09-04;57.0;9;57.0
1987-09-05;48.0;9;48.0
1987-09-06;44.0;9;44.0
1987-09-07;48.0;9;48.0
1987-09-08;56.0;9;56.0
1987-09-09;55.0;9;55.0
1987-09-10;46.0;9;46.0
1987-09-11;40.0;9;40.0
1987-09-12;44.0;9;44.0
1987-09-13;53.0;9;53.0
1987-09-14;42.0;9;42.0
1987-09-15;36.0;9;36.0
1987-09-16;44.0;9;44.0
1987-09-17;49.0;9;49.0
1987-09-18;47.0;9;47.0
1987-09-19;35.0;9;35.0
1987-09-20;49.0;9;49.0
1987-09-21;43.0;9;43.0
1987-09-22;39.0;9;39.0
1987-09-23;41.0;9;41.0
1987-09-24;34.0;9;34.0
1987-09-25;66.0;9;66.0
1987-09-26;47.0;9;47.0
1987-09-27;34.0;9;34.0
1987-09-28;31.0;9;31.0
1987-09-29;32.0;9;32.0
1987-09-30;31.0;9;31.0
1987-10-01;30.0;10;30.0
1987-10-02;81.0;10;81.0
1987-10-03;37.0;10;37.0
1987-10-04;32.0;10;32.0
1987-10-05;32.0;10;32.0
1987-10-06;35.0;10;35.0
1987-10-07;32.0;10;32.0
1987-10-08;37.0;10;37.0
1987-10-09;38.0;10;38.0
1987-10-10;46.0;10;46.0
1987-10-11;39.0;10;39.0
1987-10-12;39.0;10;39.0
1987-10-13;36.0;10;36.0
1987-10-14;29.0;10;29.0
1987-10-15;32.0;10;32.0
1987-10-16;27.0;10;27.0
1987-10-17;26.0;10;26.0
1987-10-18;29.0;10;29.0
1987-10-19;34.0;10;34.0
1987-10-20;63.0;10;63.0
1987-10-21;33.0;10;33.0
1987-10-22;37.0;10;37.0
1987-10-23;35.0;10;35.0
1987-10-24;32.0;10;32.0
1987-10-25;33.0;10;33.0
1987-10-26;31.0;10;31.0
1987-10-27;29.0;10;29.0
1987-10-28;124.0;10;124.0
1987-10-29;52.0;10;52.0
1987-10-30;46.0;10;46.0
1987-10-31;34.0;10;34.0
1987-11-01;31.0;11;31.0
1987-11-02;28.0;11;28.0
1987-11-03;30.0;11;30.0
1987-11-04;61.0;11;61.0
1987-11-05;39.0;11;39.0
1987-11-06;46.0;11;46.0
1987-11-07;30.0;11;30.0
1987-11-08;26.0;11;26.0
1987-11-09;26.0;11;26.0
1987-11-10;24.0;11;24.0
1987-11-11;25.0;11;25.0
1987-11-12;28.0;11;28.0
1987-11-13;28.0;11;28.0
1987-11-14;26.0;11;26.0
1987-11-15;30.0;11;30.0
1987-11-16;30.0;11;30.0
1987-11-17;28.0;11;28.0
1987-11-18;26.0;11;26.0
1987-11-19;33.0;11;33.0
1987-11-20;30.0;11;30.0
1987-11-21;36.0;11;36.0
1987-11-22;29.0;11;29.0
1987-11-23;29.0;11;29.0
1987-11-24;30.0;11;30.0
1987-11-25;27.0;11;27.0
1987-11-26;25.0;11;25.0
1987-11-27;29.0;11;29.0
1987-11-28;20.0;11;20.0
1987-11-29;19.0;11;19.0
1987-11-30;28.0;11;28.0
1987-12-01;25.0;12;25.0
1987-12-02;47.0;12;47.0
1987-12-03;38.0;12;38.0
1987-12-04;28.0;12;28.0
1987-12-05;25.0;12;25.0
1987-12-06;22.0;12;22.0
1987-12-07;23.0;12;23.0
1987-12-08;23.0;12;23.0
1987-12-09;20.0;12;20.0
1987-12-10;31.0;12;31.0
1987-12-11;25.0;12;25.0
1987-12-12;40.0;12;40.0
1987-12-13;25.0;12;25.0
1987-12-14;24.0;12;24.0
1987-12-15;22.0;12;22.0
1987-12-16;19.0;12;19.0
1987-12-17;18.0;12;18.0
1987-12-18;19.0;12;19.0
1987-12-19;26.0;12;26.0
1987-12-20;30.0;12;30.0
1987-12-21;33.0;12;33.0
1987-12-22;24.0;12;24.0
1987-12-23;32.0;12;32.0
1987-12-24;23.0;12;23.0
1987-12-25;20.0;12;20.0
1987-12-26;18.0;12;18.0
1987-12-27;17.0;12;17.0
1987-12-28;16.0;12;16.0
1987-12-29;16.0;12;16.0
1987-12-30;31.0;12;31.0
1987-12-31;107.0;12;107.0
1988-01-01;28.0;1;28.0
1988-01-02;23.0;1;23.0
1988-01-03;20.0;1;20.0
1988-01-04;20.0;1;20.0
1988-01-05;18.0;1;18.0
1988-01-06;18.0;1;18.0
1988-01-07;18.0;1;18.0
1988-01-08;17.0;1;17.0
1988-01-09;17.0;1;17.0
1988-01-10;17.0;1;17.0
1988-01-11;16.0;1;16.0
1988-01-12;17.0;1;17.0
1988-01-13;16.0;1;16.0
1988-01-14;16.0;1;16.0
1988-01-15;16.0;1;16.0
1988-01-16;16.0;1;16.0
1988-01-17;17.0;1;17.0
1988-01-18;16.0;1;16.0
1988-01-19;22.0;1;22.0
1988-01-20;56.0;1;56.0
1988-01-21;25.0;1;25.0
1988-01-22;18.0;1;18.0
1988-01-23;19.0;1;19.0
1988-01-24;19.0;1;19.0
1988-01-25;17.0;1;17.0
1988-01-26;17.0;1;17.0
1988-01-27;16.0;1;16.0
1988-01-28;16.0;1;16.0
1988-01-29;17.0;1;17.0
1988-01-30;21.0;1;21.0
1988-01-31;37.0;1;37.0
1988-02-01;32.0;2;32.0
1988-02-02;21.0;2;21.0
1988-02-03;19.0;2;19.0
1988-02-04;18.0;2;18.0
1988-02-05;20.0;2;20.0
1988-02-06;52.0;2;52.0
1988-02-07;81.0;2;81.0
1988-02-08;48.0;2;48.0
1988-02-09;32.0;2;32.0
1988-02-10;28.0;2;28.0
1988-02-11;33.0;2;33.0
1988-02-12;33.0;2;33.0
1988-02-13;44.0;2;44.0
1988-02-14;33.0;2;33.0
1988-02-15;26.0;2;26.0
1988-02-16;24.0;2;24.0
1988-02-17;21.0;2;21.0
1988-02-18;20.0;2;20.0
1988-02-19;18.0;2;18.0
1988-02-20;18.0;2;18.0
1988-02-21;34.0;2;34.0
1988-02-22;29.0;2;29.0
1988-02-23;25.0;2;25.0
1988-02-24;43.0;2;43.0
1988-02-25;35.0;2;35.0
1988-02-26;47.0;2;47.0
1988-02-27;23.0;2;23.0
1988-02-28;32.0;2;32.0
1988-02-29;23.0;2;23.0
1988-03-01;24.0;3;24.0
1988-03-02;22.0;3;22.0
1988-03-03;19.0;3;19.0
1988-03-04;18.0;3;18.0
1988-03-05;17.0;3;17.0
1988-03-06;16.0;3;16.0
1988-03-07;16.0;3;16.0
1988-03-08;17.0;3;17.0
1988-03-09;16.0;3;16.0
1988-03-10;16.0;3;16.0
1988-03-11;16.0;3;16.0
1988-03-12;16.0;3;16.0
1988-03-13;16.0;3;16.0
1988-03-14;24.0;3;24.0
1988-03-15;16.0;3;16.0
1988-03-16;35.0;3;35.0
1988-03-17;25.0;3;25.0
1988-03-18;21.0;3;21.0
1988-03-19;22.0;3;22.0
1988-03-20;16.0;3;16.0
1988-03-21;15.0;3;15.0
1988-03-22;23.0;3;23.0
1988-03-23;15.0;3;15.0
1988-03-24;14.0;3;14.0
1988-03-25;13.0;3;13.0
1988-03-26;13.0;3;13.0
1988-03-27;19.0;3;19.0
1988-03-28;14.0;3;14.0
1988-03-29;76.0;3;76.0
1988-03-30;39.0;3;39.0
1988-03-31;22.0;3;22.0
1988-04-01;21.0;4;21.0
1988-04-02;20.0;4;20.0
1988-04-03;32.0;4;32.0
1988-04-04;26.0;4;26.0
1988-04-05;37.0;4;37.0
1988-04-06;42.0;4;42.0
1988-04-07;59.0;4;59.0
1988-04-08;30.0;4;30.0
1988-04-09;31.0;4;31.0
1988-04-10;37.0;4;37.0
1988-04-11;25.0;4;25.0
1988-04-12;22.0;4;22.0
1988-04-13;23.0;4;23.0
1988-04-14;25.0;4;25.0
1988-04-15;25.0;4;25.0
1988-04-16;24.0;4;24.0
1988-04-17;21.0;4;21.0
1988-04-18;30.0;4;30.0
1988-04-19;26.0;4;26.0
1988-04-20;27.0;4;27.0
1988-04-21;23.0;4;23.0
1988-04-22;20.0;4;20.0
1988-04-23;21.0;4;21.0
1988-04-24;29.0;4;29.0
1988-04-25;25.0;4;25.0
1988-04-26;23.0;4;23.0
1988-04-27;22.0;4;22.0
1988-04-28;20.0;4;20.0
1988-04-29;22.0;4;22.0
1988-04-30;35.0;4;35.0
1988-05-01;32.0;5;32.0
1988-05-02;26.0;5;26.0
1988-05-03;26.0;5;26.0
1988-05-04;53.0;5;53.0
1988-05-05;32.0;5;32.0
1988-05-06;38.0;5;38.0
1988-05-07;28.0;5;28.0
1988-05-08;118.0;5;118.0
1988-05-09;85.0;5;85.0
1988-05-10;61.0;5;61.0
1988-05-11;41.0;5;41.0
1988-05-12;36.0;5;36.0
1988-05-13;28.0;5;28.0
1988-05-14;27.0;5;27.0
1988-05-15;26.0;5;26.0
1988-05-16;31.0;5;31.0
1988-05-17;41.0;5;41.0
1988-05-18;38.0;5;38.0
1988-05-19;32.0;5;32.0
1988-05-20;28.0;5;28.0
1988-05-21;46.0;5;46.0
1988-05-22;42.0;5;42.0
1988-05-23;31.0;5;31.0
1988-05-24;29.0;5;29.0
1988-05-25;30.0;5;30.0
1988-05-26;30.0;5;30.0
1988-05-27;98.0;5;98.0
1988-05-28;46.0;5;46.0
1988-05-29;32.0;5;32.0
1988-05-30;33.0;5;33.0
1988-05-31;28.0;5;28.0
1988-06-01;68.0;6;68.0
1988-06-02;49.0;6;49.0
1988-06-03;28.0;6;28.0
1988-06-04;55.0;6;55.0
1988-06-05;227.0;6;227.0
1988-06-06;81.0;6;81.0
1988-06-07;51.0;6;51.0
1988-06-08;47.0;6;47.0
1988-06-09;126.0;6;126.0
1988-06-10;184.0;6;184.0
1988-06-11;143.0;6;143.0
1988-06-12;89.0;6;89.0
1988-06-13;61.0;6;61.0
1988-06-14;107.0;6;107.0
1988-06-15;79.0;6;79.0
1988-06-16;54.0;6;54.0
1988-06-17;60.0;6;60.0
1988-06-18;157.0;6;157.0
1988-06-19;76.0;6;76.0
1988-06-20;70.0;6;70.0
1988-06-21;52.0;6;52.0
1988-06-22;51.0;6;51.0
1988-06-23;55.0;6;55.0
1988-06-24;53.0;6;53.0
1988-06-25;79.0;6;79.0
1988-06-26;63.0;6;63.0
1988-06-27;45.0;6;45.0
1988-06-28;45.0;6;45.0
1988-06-29;47.0;6;47.0
1988-06-30;58.0;6;58.0
1988-07-01;56.0;7;56.0
1988-07-02;46.0;7;46.0
1988-07-03;58.0;7;58.0
1988-07-04;74.0;7;74.0
1988-07-05;53.0;7;53.0
1988-07-06;66.0;7;66.0
1988-07-07;73.0;7;73.0
1988-07-08;159.0;7;159.0
1988-07-09;95.0;7;95.0
1988-07-10;93.0;7;93.0
1988-07-11;70.0;7;70.0
1988-07-12;109.0;7;109.0
1988-07-13;117.0;7;117.0
1988-07-14;71.0;7;71.0
1988-07-15;57.0;7;57.0
1988-07-16;52.0;7;52.0
1988-07-17;59.0;7;59.0
1988-07-18;73.0;7;73.0
1988-07-19;52.0;7;52.0
1988-07-20;53.0;7;53.0
1988-07-21;95.0;7;95.0
1988-07-22;79.0;7;79.0
1988-07-23;55.0;7;55.0
1988-07-24;55.0;7;55.0
1988-07-25;81.0;7;81.0
1988-07-26;107.0;7;107.0
1988-07-27;61.0;7;61.0
1988-07-28;51.0;7;51.0
1988-07-29;47.0;7;47.0
1988-07-30;44.0;7;44.0
1988-07-31;41.0;7;41.0
1988-08-01;44.0;8;44.0
1988-08-02;57.0;8;57.0
1988-08-03;52.0;8;52.0
1988-08-04;44.0;8;44.0
1988-08-05;40.0;8;40.0
1988-08-06;64.0;8;64.0
1988-08-07;55.0;8;55.0
1988-08-08;43.0;8;43.0
1988-08-09;38.0;8;38.0
1988-08-10;47.0;8;47.0
1988-08-11;41.0;8;41.0
1988-08-12;36.0;8;36.0
1988-08-13;33.0;8;33.0
1988-08-14;32.0;8;32.0
1988-08-15;32.0;8;32.0
1988-08-16;40.0;8;40.0
1988-08-17;36.0;8;36.0
1988-08-18;45.0;8;45.0
1988-08-19;40.0;8;40.0
1988-08-20;37.0;8;37.0
1988-08-21;103.0;8;103.0
1988-08-22;55.0;8;55.0
1988-08-23;47.0;8;47.0
1988-08-24;40.0;8;40.0
1988-08-25;34.0;8;34.0
1988-08-26;33.0;8;33.0
1988-08-27;63.0;8;63.0
1988-08-28;72.0;8;72.0
1988-08-29;38.0;8;38.0
1988-08-30;45.0;8;45.0
1988-08-31;36.0;8;36.0
1988-09-01;38.0;9;38.0
1988-09-02;40.0;9;40.0
1988-09-03;41.0;9;41.0
1988-09-04;33.0;9;33.0
1988-09-05;43.0;9;43.0
1988-09-06;41.0;9;41.0
1988-09-07;42.0;9;42.0
1988-09-08;39.0;9;39.0
1988-09-09;30.0;9;30.0
1988-09-10;33.0;9;33.0
1988-09-11;30.0;9;30.0
1988-09-12;34.0;9;34.0
1988-09-13;41.0;9;41.0
1988-09-14;35.0;9;35.0
1988-09-15;31.0;9;31.0
1988-09-16;30.0;9;30.0
1988-09-17;39.0;9;39.0
1988-09-18;76.0;9;76.0
1988-09-19;67.0;9;67.0
1988-09-20;65.0;9;65.0
1988-09-21;57.0;9;57.0
1988-09-22;39.0;9;39.0
1988-09-23;34.0;9;34.0
1988-09-24;44.0;9;44.0
1988-09-25;41.0;9;41.0
1988-09-26;43.0;9;43.0
1988-09-27;36.0;9;36.0
1988-09-28;32.0;9;32.0
1988-09-29;32.0;9;32.0
1988-09-30;29.0;9;29.0
1988-10-01;77.0;10;77.0
1988-10-02;101.0;10;101.0
1988-10-03;72.0;10;72.0
1988-10-04;49.0;10;49.0
1988-10-05;39.0;10;39.0
1988-10-06;57.0;10;57.0
1988-10-07;50.0;10;50.0
1988-10-08;42.0;10;42.0
1988-10-09;35.0;10;35.0
1988-10-10;34.0;10;34.0
1988-10-11;32.0;10;32.0
1988-10-12;42.0;10;42.0
1988-10-13;32.0;10;32.0
1988-10-14;31.0;10;31.0
1988-10-15;29.0;10;29.0
1988-10-16;28.0;10;28.0
1988-10-17;28.0;10;28.0
1988-10-18;31.0;10;31.0
1988-10-19;28.0;10;28.0
1988-10-20;35.0;10;35.0
1988-10-21;29.0;10;29.0
1988-10-22;29.0;10;29.0
1988-10-23;28.0;10;28.0
1988-10-24;28.0;10;28.0
1988-10-25;27.0;10;27.0
1988-10-26;26.0;10;26.0
1988-10-27;26.0;10;26.0
1988-10-28;36.0;10;36.0
1988-10-29;34.0;10;34.0
1988-10-30;41.0;10;41.0
1988-10-31;32.0;10;32.0
1988-11-01;42.0;11;42.0
1988-11-02;66.0;11;66.0
1988-11-03;47.0;11;47.0
1988-11-04;32.0;11;32.0
1988-11-05;29.0;11;29.0
1988-11-06;28.0;11;28.0
1988-11-07;36.0;11;36.0
1988-11-08;27.0;11;27.0
1988-11-09;30.0;11;30.0
1988-11-10;26.0;11;26.0
1988-11-11;74.0;11;74.0
1988-11-12;51.0;11;51.0
1988-11-13;58.0;11;58.0
1988-11-14;35.0;11;35.0
1988-11-15;76.0;11;76.0
1988-11-16;144.0;11;144.0
1988-11-17;55.0;11;55.0
1988-11-18;39.0;11;39.0
1988-11-19;34.0;11;34.0
1988-11-20;30.0;11;30.0
1988-11-21;28.0;11;28.0
1988-11-22;31.0;11;31.0
1988-11-23;37.0;11;37.0
1988-11-24;46.0;11;46.0
1988-11-25;29.0;11;29.0
1988-11-26;28.0;11;28.0
1988-11-27;28.0;11;28.0
1988-11-28;41.0;11;41.0
1988-11-29;35.0;11;35.0
1988-11-30;29.0;11;29.0
1988-12-01;41.0;12;41.0
1988-12-02;34.0;12;34.0
1988-12-03;31.0;12;31.0
1988-12-04;31.0;12;31.0
1988-12-05;33.0;12;33.0
1988-12-06;28.0;12;28.0
1988-12-07;32.0;12;32.0
1988-12-08;33.0;12;33.0
1988-12-09;28.0;12;28.0
1988-12-10;27.0;12;27.0
1988-12-11;26.0;12;26.0
1988-12-12;25.0;12;25.0
1988-12-13;26.0;12;26.0
1988-12-14;29.0;12;29.0
1988-12-15;27.0;12;27.0
1988-12-16;33.0;12;33.0
1988-12-17;29.0;12;29.0
1988-12-18;25.0;12;25.0
1988-12-19;25.0;12;25.0
1988-12-20;24.0;12;24.0
1988-12-21;23.0;12;23.0
1988-12-22;22.0;12;22.0
1988-12-23;27.0;12;27.0
1988-12-24;26.0;12;26.0
1988-12-25;26.0;12;26.0
1988-12-26;30.0;12;30.0
1988-12-27;36.0;12;36.0
1988-12-28;26.0;12;26.0
1988-12-29;24.0;12;24.0
1988-12-30;50.0;12;50.0
1988-12-31;30.0;12;30.0
