# River:                 RIO PALO
# Station:               PTO.TEJADA
# Latitude (DD):       3.23
# Longitude (DD):      -76.42

YYYY-MM-DD;Value;month;Value_imputed
1978-01-01;40.0;1;40.0
1978-01-02;36.0;1;36.0
1978-01-03;26.0;1;26.0
1978-01-04;21.0;1;21.0
1978-01-05;22.0;1;22.0
1978-01-06;18.0;1;18.0
1978-01-07;23.0;1;23.0
1978-01-08;18.0;1;18.0
1978-01-09;17.0;1;17.0
1978-01-10;43.0;1;43.0
1978-01-11;90.0;1;90.0
1978-01-12;22.0;1;22.0
1978-01-13;63.0;1;63.0
1978-01-14;53.0;1;53.0
1978-01-15;51.0;1;51.0
1978-01-16;38.0;1;38.0
1978-01-17;21.0;1;21.0
1978-01-18;23.0;1;23.0
1978-01-19;23.0;1;23.0
1978-01-20;19.0;1;19.0
1978-01-21;27.0;1;27.0
1978-01-22;24.0;1;24.0
1978-01-23;16.0;1;16.0
1978-01-24;17.0;1;17.0
1978-01-25;19.0;1;19.0
1978-01-26;17.0;1;17.0
1978-01-27;15.0;1;15.0
1978-01-28;18.0;1;18.0
1978-01-29;14.0;1;14.0
1978-01-30;16.0;1;16.0
1978-01-31;17.0;1;17.0
1978-02-01;14.0;2;14.0
1978-02-02;13.0;2;13.0
1978-02-03;13.0;2;13.0
1978-02-04;11.0;2;11.0
1978-02-05;12.0;2;12.0
1978-02-06;13.0;2;13.0
1978-02-07;15.0;2;15.0
1978-02-08;18.0;2;18.0
1978-02-09;17.0;2;17.0
1978-02-10;14.0;2;14.0
1978-02-11;13.0;2;13.0
1978-02-12;11.0;2;11.0
1978-02-13;12.0;2;12.0
1978-02-14;11.0;2;11.0
1978-02-15;9.0;2;9.0
1978-02-16;10.0;2;10.0
1978-02-17;9.0;2;9.0
1978-02-18;9.0;2;9.0
1978-02-19;9.0;2;9.0
1978-02-20;9.0;2;9.0
1978-02-21;11.0;2;11.0
1978-02-22;9.0;2;9.0
1978-02-23;8.0;2;8.0
1978-02-24;7.0;2;7.0
1978-02-25;7.0;2;7.0
1978-02-26;10.0;2;10.0
1978-02-27;11.0;2;11.0
1978-02-28;9.0;2;9.0
1978-03-01;23.0;3;23.0
1978-03-02;46.0;3;46.0
1978-03-03;17.0;3;17.0
1978-03-04;15.0;3;15.0
1978-03-05;14.0;3;14.0
1978-03-06;12.0;3;12.0
1978-03-07;17.0;3;17.0
1978-03-08;31.0;3;31.0
1978-03-09;27.0;3;27.0
1978-03-10;26.0;3;26.0
1978-03-11;20.0;3;20.0
1978-03-12;11.0;3;11.0
1978-03-13;16.0;3;16.0
1978-03-14;12.0;3;12.0
1978-03-15;12.0;3;12.0
1978-03-16;10.0;3;10.0
1978-03-17;9.0;3;9.0
1978-03-18;9.0;3;9.0
1978-03-19;9.0;3;9.0
1978-03-20;8.0;3;8.0
1978-03-21;9.0;3;9.0
1978-03-22;9.0;3;9.0
1978-03-23;13.0;3;13.0
1978-03-24;12.0;3;12.0
1978-03-25;9.0;3;9.0
1978-03-26;24.0;3;24.0
1978-03-27;15.0;3;15.0
1978-03-28;50.0;3;50.0
1978-03-29;23.0;3;23.0
1978-03-30;43.0;3;43.0
1978-03-31;25.0;3;25.0
1978-04-01;77.0;4;77.0
1978-04-02;50.0;4;50.0
1978-04-03;41.0;4;41.0
1978-04-04;37.0;4;37.0
1978-04-05;35.0;4;35.0
1978-04-06;45.0;4;45.0
1978-04-07;41.0;4;41.0
1978-04-08;27.0;4;27.0
1978-04-09;48.0;4;48.0
1978-04-10;39.0;4;39.0
1978-04-11;27.0;4;27.0
1978-04-12;36.0;4;36.0
1978-04-13;31.0;4;31.0
1978-04-14;32.0;4;32.0
1978-04-15;45.0;4;45.0
1978-04-16;165.0;4;165.0
1978-04-17;121.0;4;121.0
1978-04-18;121.0;4;121.0
1978-04-19;78.0;4;78.0
1978-04-20;88.0;4;88.0
1978-04-21;71.0;4;71.0
1978-04-22;73.0;4;73.0
1978-04-23;55.0;4;55.0
1978-04-24;54.0;4;54.0
1978-04-25;118.0;4;118.0
1978-04-26;81.0;4;81.0
1978-04-27;77.0;4;77.0
1978-04-28;78.0;4;78.0
1978-04-29;87.0;4;87.0
1978-04-30;78.0;4;78.0
1978-05-01;54.0;5;54.0
1978-05-02;69.0;5;69.0
1978-05-03;73.0;5;73.0
1978-05-04;80.0;5;80.0
1978-05-05;63.0;5;63.0
1978-05-06;63.0;5;63.0
1978-05-07;55.0;5;55.0
1978-05-08;51.0;5;51.0
1978-05-09;47.0;5;47.0
1978-05-10;82.0;5;82.0
1978-05-11;54.0;5;54.0
1978-05-12;29.0;5;29.0
1978-05-13;31.0;5;31.0
1978-05-14;30.0;5;30.0
1978-05-15;30.0;5;30.0
1978-05-16;26.0;5;26.0
1978-05-17;28.0;5;28.0
1978-05-18;28.0;5;28.0
1978-05-19;29.0;5;29.0
1978-05-20;26.0;5;26.0
1978-05-21;21.0;5;21.0
1978-05-22;24.0;5;24.0
1978-05-23;22.0;5;22.0
1978-05-24;19.0;5;19.0
1978-05-25;53.0;5;53.0
1978-05-26;91.0;5;91.0
1978-05-27;71.0;5;71.0
1978-05-28;109.0;5;109.0
1978-05-29;63.0;5;63.0
1978-05-30;67.0;5;67.0
1978-05-31;44.0;5;44.0
1978-06-01;65.0;6;65.0
1978-06-02;72.0;6;72.0
1978-06-03;52.0;6;52.0
1978-06-04;43.0;6;43.0
1978-06-05;43.0;6;43.0
1978-06-06;41.0;6;41.0
1978-06-07;35.0;6;35.0
1978-06-08;36.0;6;36.0
1978-06-09;32.0;6;32.0
1978-06-10;33.0;6;33.0
1978-06-11;32.0;6;32.0
1978-06-12;32.0;6;32.0
1978-06-13;28.0;6;28.0
1978-06-14;30.0;6;30.0
1978-06-15;28.0;6;28.0
1978-06-16;45.0;6;45.0
1978-06-17;31.0;6;31.0
1978-06-18;30.0;6;30.0
1978-06-19;27.0;6;27.0
1978-06-20;28.0;6;28.0
1978-06-21;27.0;6;27.0
1978-06-22;32.0;6;32.0
1978-06-23;22.0;6;22.0
1978-06-24;20.0;6;20.0
1978-06-25;41.0;6;41.0
1978-06-26;27.0;6;27.0
1978-06-27;23.0;6;23.0
1978-06-28;18.0;6;18.0
1978-06-29;18.0;6;18.0
1978-06-30;15.0;6;15.0
1978-07-01;18.0;7;18.0
1978-07-02;22.0;7;22.0
1978-07-03;17.0;7;17.0
1978-07-04;19.0;7;19.0
1978-07-05;18.0;7;18.0
1978-07-06;15.0;7;15.0
1978-07-07;17.0;7;17.0
1978-07-08;18.0;7;18.0
1978-07-09;24.0;7;24.0
1978-07-10;22.0;7;22.0
1978-07-11;24.0;7;24.0
1978-07-12;26.0;7;26.0
1978-07-13;36.0;7;36.0
1978-07-14;34.0;7;34.0
1978-07-15;27.0;7;27.0
1978-07-16;21.0;7;21.0
1978-07-17;23.0;7;23.0
1978-07-18;16.0;7;16.0
1978-07-19;18.0;7;18.0
1978-07-20;21.0;7;21.0
1978-07-21;28.0;7;28.0
1978-07-22;22.0;7;22.0
1978-07-23;15.0;7;15.0
1978-07-24;16.0;7;16.0
1978-07-25;11.0;7;11.0
1978-07-26;11.0;7;11.0
1978-07-27;12.0;7;12.0
1978-07-28;11.0;7;11.0
1978-07-29;12.0;7;12.0
1978-07-30;11.0;7;11.0
1978-07-31;11.0;7;11.0
1978-08-01;11.0;8;11.0
1978-08-02;15.0;8;15.0
1978-08-03;13.0;8;13.0
1978-08-04;12.0;8;12.0
1978-08-05;11.0;8;11.0
1978-08-06;11.0;8;11.0
1978-08-07;15.0;8;15.0
1978-08-08;17.0;8;17.0
1978-08-09;14.0;8;14.0
1978-08-10;23.0;8;23.0
1978-08-11;19.0;8;19.0
1978-08-12;14.0;8;14.0
1978-08-13;12.0;8;12.0
1978-08-14;18.0;8;18.0
1978-08-15;34.0;8;34.0
1978-08-16;21.0;8;21.0
1978-08-17;14.0;8;14.0
1978-08-18;12.0;8;12.0
1978-08-19;9.0;8;9.0
1978-08-20;9.0;8;9.0
1978-08-21;9.0;8;9.0
1978-08-22;8.0;8;8.0
1978-08-23;9.0;8;9.0
1978-08-24;9.0;8;9.0
1978-08-25;9.0;8;9.0
1978-08-26;9.0;8;9.0
1978-08-27;9.0;8;9.0
1978-08-28;9.0;8;9.0
1978-08-29;10.0;8;10.0
1978-08-30;9.0;8;9.0
1978-08-31;9.0;8;9.0
1978-09-01;9.0;9;9.0
1978-09-02;13.0;9;13.0
1978-09-03;12.0;9;12.0
1978-09-04;9.0;9;9.0
1978-09-05;9.0;9;9.0
1978-09-06;10.0;9;10.0
1978-09-07;10.0;9;10.0
1978-09-08;9.0;9;9.0
1978-09-09;12.0;9;12.0
1978-09-10;11.0;9;11.0
1978-09-11;16.0;9;16.0
1978-09-12;14.0;9;14.0
1978-09-13;13.0;9;13.0
1978-09-14;12.0;9;12.0
1978-09-15;12.0;9;12.0
1978-09-16;11.0;9;11.0
1978-09-17;14.0;9;14.0
1978-09-18;11.0;9;11.0
1978-09-19;11.0;9;11.0
1978-09-20;10.0;9;10.0
1978-09-21;9.0;9;9.0
1978-09-22;9.0;9;9.0
1978-09-23;9.0;9;9.0
1978-09-24;9.0;9;9.0
1978-09-25;10.0;9;10.0
1978-09-26;13.0;9;13.0
1978-09-27;17.0;9;17.0
1978-09-28;20.0;9;20.0
1978-09-29;17.0;9;17.0
1978-09-30;18.0;9;18.0
1978-10-01;19.0;10;19.0
1978-10-02;19.0;10;19.0
1978-10-03;14.0;10;14.0
1978-10-04;13.0;10;13.0
1978-10-05;11.0;10;11.0
1978-10-06;10.0;10;10.0
1978-10-07;10.0;10;10.0
1978-10-08;11.0;10;11.0
1978-10-09;12.0;10;12.0
1978-10-10;12.0;10;12.0
1978-10-11;22.0;10;22.0
1978-10-12;15.0;10;15.0
1978-10-13;13.0;10;13.0
1978-10-14;11.0;10;11.0
1978-10-15;15.0;10;15.0
1978-10-16;26.0;10;26.0
1978-10-17;23.0;10;23.0
1978-10-18;26.0;10;26.0
1978-10-19;21.0;10;21.0
1978-10-20;31.0;10;31.0
1978-10-21;39.0;10;39.0
1978-10-22;23.0;10;23.0
1978-10-23;28.0;10;28.0
1978-10-24;21.0;10;21.0
1978-10-25;17.0;10;17.0
1978-10-26;16.0;10;16.0
1978-10-27;15.0;10;15.0
1978-10-28;18.0;10;18.0
1978-10-29;17.0;10;17.0
1978-10-30;15.0;10;15.0
1978-10-31;13.0;10;13.0
1978-11-01;18.0;11;18.0
1978-11-02;14.0;11;14.0
1978-11-03;13.0;11;13.0
1978-11-04;12.0;11;12.0
1978-11-05;12.0;11;12.0
1978-11-06;12.0;11;12.0
1978-11-07;36.0;11;36.0
1978-11-08;25.0;11;25.0
1978-11-09;43.0;11;43.0
1978-11-10;40.0;11;40.0
1978-11-11;24.0;11;24.0
1978-11-12;79.0;11;79.0
1978-11-13;54.0;11;54.0
1978-11-14;33.0;11;33.0
1978-11-15;24.0;11;24.0
1978-11-16;27.0;11;27.0
1978-11-17;23.0;11;23.0
1978-11-18;61.0;11;61.0
1978-11-19;47.0;11;47.0
1978-11-20;26.0;11;26.0
1978-11-21;23.0;11;23.0
1978-11-22;21.0;11;21.0
1978-11-23;19.0;11;19.0
1978-11-24;18.0;11;18.0
1978-11-25;26.0;11;26.0
1978-11-26;19.0;11;19.0
1978-11-27;27.0;11;27.0
1978-11-28;15.0;11;15.0
1978-11-29;16.0;11;16.0
1978-11-30;11.0;11;11.0
1978-12-01;15.0;12;15.0
1978-12-02;27.0;12;27.0
1978-12-03;25.0;12;25.0
1978-12-04;81.0;12;81.0
1978-12-05;77.0;12;77.0
1978-12-06;47.0;12;47.0
1978-12-07;28.0;12;28.0
1978-12-08;27.0;12;27.0
1978-12-09;90.0;12;90.0
1978-12-10;115.0;12;115.0
1978-12-11;71.0;12;71.0
1978-12-12;35.0;12;35.0
1978-12-13;46.0;12;46.0
1978-12-14;62.0;12;62.0
1978-12-15;74.0;12;74.0
1978-12-16;87.0;12;87.0
1978-12-17;55.0;12;55.0
1978-12-18;63.0;12;63.0
1978-12-19;76.0;12;76.0
1978-12-20;78.0;12;78.0
1978-12-21;61.0;12;61.0
1978-12-22;76.0;12;76.0
1978-12-23;58.0;12;58.0
1978-12-24;46.0;12;46.0
1978-12-25;40.0;12;40.0
1978-12-26;35.0;12;35.0
1978-12-27;32.0;12;32.0
1978-12-28;30.0;12;30.0
1978-12-29;28.0;12;28.0
1978-12-30;25.0;12;25.0
1978-12-31;24.0;12;24.0
1979-01-01;23.0;1;23.0
1979-01-02;22.0;1;22.0
1979-01-03;20.0;1;20.0
1979-01-04;19.0;1;19.0
1979-01-05;23.0;1;23.0
1979-01-06;22.0;1;22.0
1979-01-07;23.0;1;23.0
1979-01-08;30.0;1;30.0
1979-01-09;56.0;1;56.0
1979-01-10;32.0;1;32.0
1979-01-11;24.0;1;24.0
1979-01-12;24.0;1;24.0
1979-01-13;21.0;1;21.0
1979-01-14;20.0;1;20.0
1979-01-15;24.0;1;24.0
1979-01-16;24.0;1;24.0
1979-01-17;20.0;1;20.0
1979-01-18;19.0;1;19.0
1979-01-19;18.0;1;18.0
1979-01-20;17.0;1;17.0
1979-01-21;17.0;1;17.0
1979-01-22;18.0;1;18.0
1979-01-23;21.0;1;21.0
1979-01-24;16.0;1;16.0
1979-01-25;15.0;1;15.0
1979-01-26;14.0;1;14.0
1979-01-27;16.0;1;16.0
1979-01-28;17.0;1;17.0
1979-01-29;29.0;1;29.0
1979-01-30;21.0;1;21.0
1979-01-31;18.0;1;18.0
1979-02-01;15.0;2;15.0
1979-02-02;13.0;2;13.0
1979-02-03;12.0;2;12.0
1979-02-04;12.0;2;12.0
1979-02-05;11.0;2;11.0
1979-02-06;10.0;2;10.0
1979-02-07;10.0;2;10.0
1979-02-08;10.0;2;10.0
1979-02-09;10.0;2;10.0
1979-02-10;9.0;2;9.0
1979-02-11;9.0;2;9.0
1979-02-12;9.0;2;9.0
1979-02-13;10.0;2;10.0
1979-02-14;12.0;2;12.0
1979-02-15;9.0;2;9.0
1979-02-16;10.0;2;10.0
1979-02-17;13.0;2;13.0
1979-02-18;13.0;2;13.0
1979-02-19;11.0;2;11.0
1979-02-20;10.0;2;10.0
1979-02-21;9.0;2;9.0
1979-02-22;8.0;2;8.0
1979-02-23;10.0;2;10.0
1979-02-24;13.0;2;13.0
1979-02-25;18.0;2;18.0
1979-02-26;14.0;2;14.0
1979-02-27;17.0;2;17.0
1979-02-28;12.0;2;12.0
1979-03-01;12.0;3;12.0
1979-03-02;11.0;3;11.0
1979-03-03;15.0;3;15.0
1979-03-04;15.0;3;15.0
1979-03-05;15.0;3;15.0
1979-03-06;23.0;3;23.0
1979-03-07;34.0;3;34.0
1979-03-08;44.0;3;44.0
1979-03-09;46.0;3;46.0
1979-03-10;27.0;3;27.0
1979-03-11;21.0;3;21.0
1979-03-12;19.0;3;19.0
1979-03-13;17.0;3;17.0
1979-03-14;16.0;3;16.0
1979-03-15;15.0;3;15.0
1979-03-16;15.0;3;15.0
1979-03-17;14.0;3;14.0
1979-03-18;65.0;3;65.0
1979-03-19;57.0;3;57.0
1979-03-20;29.0;3;29.0
1979-03-21;23.0;3;23.0
1979-03-22;36.0;3;36.0
1979-03-23;26.0;3;26.0
1979-03-24;44.0;3;44.0
1979-03-25;47.0;3;47.0
1979-03-26;30.0;3;30.0
1979-03-27;25.0;3;25.0
1979-03-28;22.0;3;22.0
1979-03-29;21.0;3;21.0
1979-03-30;19.0;3;19.0
1979-03-31;18.0;3;18.0
1979-04-01;17.0;4;17.0
1979-04-02;17.0;4;17.0
1979-04-03;22.0;4;22.0
1979-04-04;19.0;4;19.0
1979-04-05;16.0;4;16.0
1979-04-06;17.0;4;17.0
1979-04-07;16.0;4;16.0
1979-04-08;17.0;4;17.0
1979-04-09;17.0;4;17.0
1979-04-10;16.0;4;16.0
1979-04-11;14.0;4;14.0
1979-04-12;25.0;4;25.0
1979-04-13;24.0;4;24.0
1979-04-14;20.0;4;20.0
1979-04-15;29.0;4;29.0
1979-04-16;24.0;4;24.0
1979-04-17;19.0;4;19.0
1979-04-18;18.0;4;18.0
1979-04-19;27.0;4;27.0
1979-04-20;24.0;4;24.0
1979-04-21;19.0;4;19.0
1979-04-22;42.0;4;42.0
1979-04-23;60.0;4;60.0
1979-04-24;35.0;4;35.0
1979-04-25;72.0;4;72.0
1979-04-26;60.0;4;60.0
1979-04-27;135.0;4;135.0
1979-04-28;176.0;4;176.0
1979-04-29;102.0;4;102.0
1979-04-30;55.0;4;55.0
1979-05-01;45.0;5;45.0
1979-05-02;40.0;5;40.0
1979-05-03;31.0;5;31.0
1979-05-04;31.0;5;31.0
1979-05-05;30.0;5;30.0
1979-05-06;27.0;5;27.0
1979-05-07;24.0;5;24.0
1979-05-08;21.0;5;21.0
1979-05-09;21.0;5;21.0
1979-05-10;19.0;5;19.0
1979-05-11;19.0;5;19.0
1979-05-12;19.0;5;19.0
1979-05-13;21.0;5;21.0
1979-05-14;20.0;5;20.0
1979-05-15;22.0;5;22.0
1979-05-16;26.0;5;26.0
1979-05-17;31.0;5;31.0
1979-05-18;38.0;5;38.0
1979-05-19;35.0;5;35.0
1979-05-20;35.0;5;35.0
1979-05-21;30.0;5;30.0
1979-05-22;33.0;5;33.0
1979-05-23;49.0;5;49.0
1979-05-24;40.0;5;40.0
1979-05-25;32.0;5;32.0
1979-05-26;37.0;5;37.0
1979-05-27;35.0;5;35.0
1979-05-28;35.0;5;35.0
1979-05-29;47.0;5;47.0
1979-05-30;53.0;5;53.0
1979-05-31;43.0;5;43.0
1979-06-01;46.0;6;46.0
1979-06-02;46.0;6;46.0
1979-06-03;36.0;6;36.0
1979-06-04;31.0;6;31.0
1979-06-05;35.0;6;35.0
1979-06-06;53.0;6;53.0
1979-06-07;60.0;6;60.0
1979-06-08;56.0;6;56.0
1979-06-09;53.0;6;53.0
1979-06-10;41.0;6;41.0
1979-06-11;33.0;6;33.0
1979-06-12;31.0;6;31.0
1979-06-13;33.0;6;33.0
1979-06-14;32.0;6;32.0
1979-06-15;35.0;6;35.0
1979-06-16;34.0;6;34.0
1979-06-17;32.0;6;32.0
1979-06-18;29.0;6;29.0
1979-06-19;28.0;6;28.0
1979-06-20;26.0;6;26.0
1979-06-21;26.0;6;26.0
1979-06-22;29.0;6;29.0
1979-06-23;31.0;6;31.0
1979-06-24;27.0;6;27.0
1979-06-25;17.0;6;17.0
1979-06-26;31.0;6;31.0
1979-06-27;28.0;6;28.0
1979-06-28;25.0;6;25.0
1979-06-29;30.0;6;30.0
1979-06-30;22.0;6;22.0
1979-07-01;19.0;7;19.0
1979-07-02;18.0;7;18.0
1979-07-03;18.0;7;18.0
1979-07-04;19.0;7;19.0
1979-07-05;19.0;7;19.0
1979-07-06;18.0;7;18.0
1979-07-07;19.0;7;19.0
1979-07-08;18.0;7;18.0
1979-07-09;16.0;7;16.0
1979-07-10;16.0;7;16.0
1979-07-11;16.0;7;16.0
1979-07-12;17.0;7;17.0
1979-07-13;15.0;7;15.0
1979-07-14;16.0;7;16.0
1979-07-15;19.0;7;19.0
1979-07-16;19.0;7;19.0
1979-07-17;17.0;7;17.0
1979-07-18;26.0;7;26.0
1979-07-19;18.0;7;18.0
1979-07-20;16.0;7;16.0
1979-07-21;15.0;7;15.0
1979-07-22;15.0;7;15.0
1979-07-23;15.0;7;15.0
1979-07-24;13.0;7;13.0
1979-07-25;13.0;7;13.0
1979-07-26;13.0;7;13.0
1979-07-27;12.0;7;12.0
1979-07-28;13.0;7;13.0
1979-07-29;13.0;7;13.0
1979-07-30;12.0;7;12.0
1979-07-31;11.0;7;11.0
1979-08-01;18.0;8;18.0
1979-08-02;19.0;8;19.0
1979-08-03;12.0;8;12.0
1979-08-04;16.0;8;16.0
1979-08-05;13.0;8;13.0
1979-08-06;14.0;8;14.0
1979-08-07;13.0;8;13.0
1979-08-08;9.0;8;9.0
1979-08-09;9.0;8;9.0
1979-08-10;9.0;8;9.0
1979-08-11;10.0;8;10.0
1979-08-12;9.0;8;9.0
1979-08-13;9.0;8;9.0
1979-08-14;9.0;8;9.0
1979-08-15;9.0;8;9.0
1979-08-16;9.0;8;9.0
1979-08-17;8.0;8;8.0
1979-08-18;8.0;8;8.0
1979-08-19;8.0;8;8.0
1979-08-20;8.0;8;8.0
1979-08-21;10.0;8;10.0
1979-08-22;10.0;8;10.0
1979-08-23;10.0;8;10.0
1979-08-24;11.0;8;11.0
1979-08-25;14.0;8;14.0
1979-08-26;16.0;8;16.0
1979-08-27;69.0;8;69.0
1979-08-28;37.0;8;37.0
1979-08-29;38.0;8;38.0
1979-08-30;39.0;8;39.0
1979-08-31;88.0;8;88.0
1979-09-01;68.0;9;68.0
1979-09-02;43.0;9;43.0
1979-09-03;32.0;9;32.0
1979-09-04;26.0;9;26.0
1979-09-05;22.0;9;22.0
1979-09-06;20.0;9;20.0
1979-09-07;19.0;9;19.0
1979-09-08;32.0;9;32.0
1979-09-09;20.0;9;20.0
1979-09-10;58.0;9;58.0
1979-09-11;88.0;9;88.0
1979-09-12;41.0;9;41.0
1979-09-13;35.0;9;35.0
1979-09-14;38.0;9;38.0
1979-09-15;71.0;9;71.0
1979-09-16;39.0;9;39.0
1979-09-17;46.0;9;46.0
1979-09-18;36.0;9;36.0
1979-09-19;61.0;9;61.0
1979-09-20;38.0;9;38.0
1979-09-21;35.0;9;35.0
1979-09-22;36.0;9;36.0
1979-09-23;37.0;9;37.0
1979-09-24;34.0;9;34.0
1979-09-25;26.0;9;26.0
1979-09-26;21.0;9;21.0
1979-09-27;21.0;9;21.0
1979-09-28;39.0;9;39.0
1979-09-29;39.0;9;39.0
1979-09-30;38.0;9;38.0
1979-10-01;37.0;10;37.0
1979-10-02;36.0;10;36.0
1979-10-03;36.0;10;36.0
1979-10-04;26.0;10;26.0
1979-10-05;16.0;10;16.0
1979-10-06;15.0;10;15.0
1979-10-07;15.0;10;15.0
1979-10-08;14.0;10;14.0
1979-10-09;14.0;10;14.0
1979-10-10;14.0;10;14.0
1979-10-11;16.0;10;16.0
1979-10-12;22.0;10;22.0
1979-10-13;21.0;10;21.0
1979-10-14;22.0;10;22.0
1979-10-15;23.0;10;23.0
1979-10-16;66.0;10;66.0
1979-10-17;106.0;10;106.0
1979-10-18;54.0;10;54.0
1979-10-19;70.0;10;70.0
1979-10-20;75.0;10;75.0
1979-10-21;50.0;10;50.0
1979-10-22;43.0;10;43.0
1979-10-23;62.0;10;62.0
1979-10-24;39.0;10;39.0
1979-10-25;42.0;10;42.0
1979-10-26;93.0;10;93.0
1979-10-27;7.0;10;7.0
1979-10-28;101.0;10;101.0
1979-10-29;98.0;10;98.0
1979-10-30;57.0;10;57.0
1979-10-31;48.0;10;48.0
1979-11-01;43.0;11;43.0
1979-11-02;42.0;11;42.0
1979-11-03;45.0;11;45.0
1979-11-04;45.0;11;45.0
1979-11-05;43.0;11;43.0
1979-11-06;48.0;11;48.0
1979-11-07;62.0;11;62.0
1979-11-08;131.0;11;131.0
1979-11-09;70.0;11;70.0
1979-11-10;54.0;11;54.0
1979-11-11;70.0;11;70.0
1979-11-12;64.0;11;64.0
1979-11-13;55.0;11;55.0
1979-11-14;62.0;11;62.0
1979-11-15;101.0;11;101.0
1979-11-16;189.0;11;189.0
1979-11-17;101.0;11;101.0
1979-11-18;86.0;11;86.0
1979-11-19;67.0;11;67.0
1979-11-20;76.0;11;76.0
1979-11-21;59.0;11;59.0
1979-11-22;55.0;11;55.0
1979-11-23;52.0;11;52.0
1979-11-24;62.0;11;62.0
1979-11-25;94.0;11;94.0
1979-11-26;91.0;11;91.0
1979-11-27;72.0;11;72.0
1979-11-28;58.0;11;58.0
1979-11-29;50.0;11;50.0
1979-11-30;44.0;11;44.0
1979-12-01;44.0;12;44.0
1979-12-02;42.0;12;42.0
1979-12-03;40.0;12;40.0
1979-12-04;38.0;12;38.0
1979-12-05;36.0;12;36.0
1979-12-06;34.0;12;34.0
1979-12-07;33.0;12;33.0
1979-12-08;34.0;12;34.0
1979-12-09;34.0;12;34.0
1979-12-10;31.0;12;31.0
1979-12-11;30.0;12;30.0
1979-12-12;28.0;12;28.0
1979-12-13;27.0;12;27.0
1979-12-14;26.0;12;26.0
1979-12-15;26.0;12;26.0
1979-12-16;29.0;12;29.0
1979-12-17;28.0;12;28.0
1979-12-18;27.0;12;27.0
1979-12-19;52.0;12;52.0
1979-12-20;36.0;12;36.0
1979-12-21;33.0;12;33.0
1979-12-22;45.0;12;45.0
1979-12-23;35.0;12;35.0
1979-12-24;36.0;12;36.0
1979-12-25;32.0;12;32.0
1979-12-26;34.0;12;34.0
1979-12-27;30.0;12;30.0
1979-12-28;27.0;12;27.0
1979-12-29;24.0;12;24.0
1979-12-30;23.0;12;23.0
1979-12-31;23.0;12;23.0
1980-01-01;23.0;1;23.0
1980-01-02;23.0;1;23.0
1980-01-03;23.0;1;23.0
1980-01-04;23.0;1;23.0
1980-01-05;21.0;1;21.0
1980-01-06;20.0;1;20.0
1980-01-07;19.0;1;19.0
1980-01-08;18.0;1;18.0
1980-01-09;17.0;1;17.0
1980-01-10;16.0;1;16.0
1980-01-11;18.0;1;18.0
1980-01-12;43.0;1;43.0
1980-01-13;29.0;1;29.0
1980-01-14;29.0;1;29.0
1980-01-15;45.0;1;45.0
1980-01-16;56.0;1;56.0
1980-01-17;67.0;1;67.0
1980-01-18;44.0;1;44.0
1980-01-19;40.0;1;40.0
1980-01-20;38.0;1;38.0
1980-01-21;35.0;1;35.0
1980-01-22;33.0;1;33.0
1980-01-23;30.0;1;30.0
1980-01-24;28.0;1;28.0
1980-01-25;27.0;1;27.0
1980-01-26;26.0;1;26.0
1980-01-27;19.0;1;19.0
1980-01-28;15.0;1;15.0
1980-01-29;40.0;1;40.0
1980-01-30;40.0;1;40.0
1980-01-31;42.0;1;42.0
1980-02-01;38.0;2;38.0
1980-02-02;91.0;2;91.0
1980-02-03;78.0;2;78.0
1980-02-04;91.0;2;91.0
1980-02-05;60.0;2;60.0
1980-02-06;72.0;2;72.0
1980-02-07;63.0;2;63.0
1980-02-08;57.0;2;57.0
1980-02-09;42.0;2;42.0
1980-02-10;37.0;2;37.0
1980-02-11;36.0;2;36.0
1980-02-12;34.0;2;34.0
1980-02-13;31.0;2;31.0
1980-02-14;29.0;2;29.0
1980-02-15;27.0;2;27.0
1980-02-16;38.0;2;38.0
1980-02-17;43.0;2;43.0
1980-02-18;33.0;2;33.0
1980-02-19;31.0;2;31.0
1980-02-20;46.0;2;46.0
1980-02-21;59.0;2;59.0
1980-02-22;64.0;2;64.0
1980-02-23;44.0;2;44.0
1980-02-24;36.0;2;36.0
1980-02-25;37.0;2;37.0
1980-02-26;63.0;2;63.0
1980-02-27;58.0;2;58.0
1980-02-28;42.0;2;42.0
1980-02-29;46.0;2;46.0
1980-03-01;47.0;3;47.0
1980-03-02;37.0;3;37.0
1980-03-03;66.0;3;66.0
1980-03-04;50.0;3;50.0
1980-03-05;38.0;3;38.0
1980-03-06;36.0;3;36.0
1980-03-07;33.0;3;33.0
1980-03-08;31.0;3;31.0
1980-03-09;30.0;3;30.0
1980-03-10;28.0;3;28.0
1980-03-11;26.0;3;26.0
1980-03-12;25.0;3;25.0
1980-03-13;25.0;3;25.0
1980-03-14;25.0;3;25.0
1980-03-15;24.0;3;24.0
1980-03-16;24.0;3;24.0
1980-03-17;23.0;3;23.0
1980-03-18;38.0;3;38.0
1980-03-19;34.0;3;34.0
1980-03-20;27.0;3;27.0
1980-03-21;23.0;3;23.0
1980-03-22;24.0;3;24.0
1980-03-23;23.0;3;23.0
1980-03-24;22.0;3;22.0
1980-03-25;20.0;3;20.0
1980-03-26;22.0;3;22.0
1980-03-27;24.0;3;24.0
1980-03-28;22.0;3;22.0
1980-03-29;21.0;3;21.0
1980-03-30;22.0;3;22.0
1980-03-31;27.0;3;27.0
1980-04-01;22.0;4;22.0
1980-04-02;21.0;4;21.0
1980-04-03;22.0;4;22.0
1980-04-04;26.0;4;26.0
1980-04-05;36.0;4;36.0
1980-04-06;33.0;4;33.0
1980-04-07;54.0;4;54.0
1980-04-08;59.0;4;59.0
1980-04-09;39.0;4;39.0
1980-04-10;48.0;4;48.0
1980-04-11;40.0;4;40.0
1980-04-12;34.0;4;34.0
1980-04-13;30.0;4;30.0
1980-04-14;36.0;4;36.0
1980-04-15;31.0;4;31.0
1980-04-16;28.0;4;28.0
1980-04-17;25.0;4;25.0
1980-04-18;24.0;4;24.0
1980-04-19;25.0;4;25.0
1980-04-20;27.0;4;27.0
1980-04-21;30.0;4;30.0
1980-04-22;40.0;4;40.0
1980-04-23;40.0;4;40.0
1980-04-24;40.0;4;40.0
1980-04-25;35.0;4;35.0
1980-04-26;40.0;4;40.0
1980-04-27;37.0;4;37.0
1980-04-28;33.0;4;33.0
1980-04-29;33.0;4;33.0
1980-04-30;28.0;4;28.0
1980-05-01;26.0;5;26.0
1980-05-02;39.0;5;39.0
1980-05-03;37.0;5;37.0
1980-05-04;37.0;5;37.0
1980-05-05;25.0;5;25.0
1980-05-06;22.0;5;22.0
1980-05-07;28.0;5;28.0
1980-05-08;25.0;5;25.0
1980-05-09;28.0;5;28.0
1980-05-10;23.0;5;23.0
1980-05-11;22.0;5;22.0
1980-05-12;21.0;5;21.0
1980-05-13;22.0;5;22.0
1980-05-14;26.0;5;26.0
1980-05-15;23.0;5;23.0
1980-05-16;25.0;5;25.0
1980-05-17;28.0;5;28.0
1980-05-18;36.0;5;36.0
1980-05-19;30.0;5;30.0
1980-05-20;27.0;5;27.0
1980-05-21;21.0;5;21.0
1980-05-22;19.0;5;19.0
1980-05-23;19.0;5;19.0
1980-05-24;19.0;5;19.0
1980-05-25;18.0;5;18.0
1980-05-26;19.0;5;19.0
1980-05-27;20.0;5;20.0
1980-05-28;20.0;5;20.0
1980-05-29;18.0;5;18.0
1980-05-30;18.0;5;18.0
1980-05-31;18.0;5;18.0
1980-06-01;17.0;6;17.0
1980-06-02;24.0;6;24.0
1980-06-03;28.0;6;28.0
1980-06-04;23.0;6;23.0
1980-06-05;24.0;6;24.0
1980-06-06;25.0;6;25.0
1980-06-07;24.0;6;24.0
1980-06-08;26.0;6;26.0
1980-06-09;28.0;6;28.0
1980-06-10;26.0;6;26.0
1980-06-11;52.0;6;52.0
1980-06-12;49.0;6;49.0
1980-06-13;61.0;6;61.0
1980-06-14;42.0;6;42.0
1980-06-15;29.0;6;29.0
1980-06-16;24.0;6;24.0
1980-06-17;21.0;6;21.0
1980-06-18;19.0;6;19.0
1980-06-19;18.0;6;18.0
1980-06-20;18.0;6;18.0
1980-06-21;19.0;6;19.0
1980-06-22;20.0;6;20.0
1980-06-23;19.0;6;19.0
1980-06-24;17.0;6;17.0
1980-06-25;15.0;6;15.0
1980-06-26;14.0;6;14.0
1980-06-27;14.0;6;14.0
1980-06-28;13.0;6;13.0
1980-06-29;13.0;6;13.0
1980-06-30;13.0;6;13.0
1980-07-01;13.0;7;13.0
1980-07-02;13.0;7;13.0
1980-07-03;12.0;7;12.0
1980-07-04;12.0;7;12.0
1980-07-05;13.0;7;13.0
1980-07-06;19.0;7;19.0
1980-07-07;12.0;7;12.0
1980-07-08;9.0;7;9.0
1980-07-09;11.0;7;11.0
1980-07-10;8.0;7;8.0
1980-07-11;12.0;7;12.0
1980-07-12;12.0;7;12.0
1980-07-13;11.0;7;11.0
1980-07-14;8.0;7;8.0
1980-07-15;12.0;7;12.0
1980-07-16;12.0;7;12.0
1980-07-17;16.0;7;16.0
1980-07-18;16.0;7;16.0
1980-07-19;13.0;7;13.0
1980-07-20;14.0;7;14.0
1980-07-21;11.0;7;11.0
1980-07-22;16.0;7;16.0
1980-07-23;24.0;7;24.0
1980-07-24;34.0;7;34.0
1980-07-25;20.0;7;20.0
1980-07-26;14.0;7;14.0
1980-07-27;12.0;7;12.0
1980-07-28;12.0;7;12.0
1980-07-29;11.0;7;11.0
1980-07-30;11.0;7;11.0
1980-07-31;11.0;7;11.0
1980-08-01;9.0;8;9.0
1980-08-02;9.0;8;9.0
1980-08-03;13.0;8;13.0
1980-08-04;12.0;8;12.0
1980-08-05;11.0;8;11.0
1980-08-06;11.0;8;11.0
1980-08-07;13.0;8;13.0
1980-08-08;13.0;8;13.0
1980-08-09;13.0;8;13.0
1980-08-10;17.0;8;17.0
1980-08-11;15.0;8;15.0
1980-08-12;14.0;8;14.0
1980-08-13;12.0;8;12.0
1980-08-14;9.0;8;9.0
1980-08-15;10.0;8;10.0
1980-08-16;9.0;8;9.0
1980-08-17;10.0;8;10.0
1980-08-18;10.0;8;10.0
1980-08-19;8.0;8;8.0
1980-08-20;8.0;8;8.0
1980-08-21;10.0;8;10.0
1980-08-22;9.0;8;9.0
1980-08-23;8.0;8;8.0
1980-08-24;8.0;8;8.0
1980-08-25;7.0;8;7.0
1980-08-26;6.0;8;6.0
1980-08-27;5.0;8;5.0
1980-08-28;7.0;8;7.0
1980-08-29;17.0;8;17.0
1980-08-30;15.0;8;15.0
1980-08-31;15.0;8;15.0
1980-09-01;13.0;9;13.0
1980-09-02;13.0;9;13.0
1980-09-03;9.0;9;9.0
1980-09-04;7.0;9;7.0
1980-09-05;10.0;9;10.0
1980-09-06;8.0;9;8.0
1980-09-07;8.0;9;8.0
1980-09-08;10.0;9;10.0
1980-09-09;7.0;9;7.0
1980-09-10;10.0;9;10.0
1980-09-11;11.0;9;11.0
1980-09-12;10.0;9;10.0
1980-09-13;14.0;9;14.0
1980-09-14;14.0;9;14.0
1980-09-15;11.0;9;11.0
1980-09-16;12.0;9;12.0
1980-09-17;11.0;9;11.0
1980-09-18;10.0;9;10.0
1980-09-19;22.0;9;22.0
1980-09-20;19.0;9;19.0
1980-09-21;15.0;9;15.0
1980-09-22;13.0;9;13.0
1980-09-23;11.0;9;11.0
1980-09-24;10.0;9;10.0
1980-09-25;9.0;9;9.0
1980-09-26;10.0;9;10.0
1980-09-27;11.0;9;11.0
1980-09-28;14.0;9;14.0
1980-09-29;15.0;9;15.0
1980-09-30;25.0;9;25.0
1980-10-01;19.0;10;19.0
1980-10-02;14.0;10;14.0
1980-10-03;12.0;10;12.0
1980-10-04;16.0;10;16.0
1980-10-05;22.0;10;22.0
1980-10-06;51.0;10;51.0
1980-10-07;59.0;10;59.0
1980-10-08;48.0;10;48.0
1980-10-09;39.0;10;39.0
1980-10-10;36.0;10;36.0
1980-10-11;43.0;10;43.0
1980-10-12;26.0;10;26.0
1980-10-13;24.0;10;24.0
1980-10-14;19.0;10;19.0
1980-10-15;18.0;10;18.0
1980-10-16;16.0;10;16.0
1980-10-17;25.0;10;25.0
1980-10-18;47.0;10;47.0
1980-10-19;46.0;10;46.0
1980-10-20;29.0;10;29.0
1980-10-21;25.0;10;25.0
1980-10-22;23.0;10;23.0
1980-10-23;19.0;10;19.0
1980-10-24;18.0;10;18.0
1980-10-25;17.0;10;17.0
1980-10-26;17.0;10;17.0
1980-10-27;19.0;10;19.0
1980-10-28;18.0;10;18.0
1980-10-29;17.0;10;17.0
1980-10-30;22.0;10;22.0
1980-10-31;15.0;10;15.0
1980-11-01;14.0;11;14.0
1980-11-02;16.0;11;16.0
1980-11-03;15.0;11;15.0
1980-11-04;21.0;11;21.0
1980-11-05;79.0;11;79.0
1980-11-06;117.0;11;117.0
1980-11-07;76.0;11;76.0
1980-11-08;73.0;11;73.0
1980-11-09;42.0;11;42.0
1980-11-10;38.0;11;38.0
1980-11-11;25.0;11;25.0
1980-11-12;29.0;11;29.0
1980-11-13;23.0;11;23.0
1980-11-14;21.0;11;21.0
1980-11-15;32.0;11;32.0
1980-11-16;27.0;11;27.0
1980-11-17;25.0;11;25.0
1980-11-18;24.0;11;24.0
1980-11-19;24.0;11;24.0
1980-11-20;25.0;11;25.0
1980-11-21;20.0;11;20.0
1980-11-22;23.0;11;23.0
1980-11-23;22.0;11;22.0
1980-11-24;24.0;11;24.0
1980-11-25;23.0;11;23.0
1980-11-26;21.0;11;21.0
1980-11-27;25.0;11;25.0
1980-11-28;22.0;11;22.0
1980-11-29;25.0;11;25.0
1980-11-30;27.0;11;27.0
1980-12-01;27.0;12;27.0
1980-12-02;20.0;12;20.0
1980-12-03;17.0;12;17.0
1980-12-04;36.0;12;36.0
1980-12-05;25.0;12;25.0
1980-12-06;18.0;12;18.0
1980-12-07;22.0;12;22.0
1980-12-08;17.0;12;17.0
1980-12-09;19.0;12;19.0
1980-12-10;16.0;12;16.0
1980-12-11;16.0;12;16.0
1980-12-12;14.0;12;14.0
1980-12-13;18.0;12;18.0
1980-12-14;16.0;12;16.0
1980-12-15;27.0;12;27.0
1980-12-16;20.0;12;20.0
1980-12-17;40.0;12;40.0
1980-12-18;31.0;12;31.0
1980-12-19;20.0;12;20.0
1980-12-20;54.0;12;54.0
1980-12-21;50.0;12;50.0
1980-12-22;33.0;12;33.0
1980-12-23;25.0;12;25.0
1980-12-24;21.0;12;21.0
1980-12-25;23.0;12;23.0
1980-12-26;40.0;12;40.0
1980-12-27;30.0;12;30.0
1980-12-28;81.0;12;81.0
1980-12-29;68.0;12;68.0
1980-12-30;37.0;12;37.0
1980-12-31;72.0;12;72.0
1981-01-01;56.0;1;56.0
1981-01-02;41.0;1;41.0
1981-01-03;34.0;1;34.0
1981-01-04;31.0;1;31.0
1981-01-05;28.0;1;28.0
1981-01-06;25.0;1;25.0
1981-01-07;24.0;1;24.0
1981-01-08;23.0;1;23.0
1981-01-09;25.0;1;25.0
1981-01-10;22.0;1;22.0
1981-01-11;20.0;1;20.0
1981-01-12;21.0;1;21.0
1981-01-13;27.0;1;27.0
1981-01-14;21.0;1;21.0
1981-01-15;18.0;1;18.0
1981-01-16;17.0;1;17.0
1981-01-17;18.0;1;18.0
1981-01-18;15.0;1;15.0
1981-01-19;15.0;1;15.0
1981-01-20;14.0;1;14.0
1981-01-21;12.0;1;12.0
1981-01-22;12.0;1;12.0
1981-01-23;11.0;1;11.0
1981-01-24;11.0;1;11.0
1981-01-25;11.0;1;11.0
1981-01-26;11.0;1;11.0
1981-01-27;10.0;1;10.0
1981-01-28;9.0;1;9.0
1981-01-29;10.0;1;10.0
1981-01-30;15.0;1;15.0
1981-01-31;13.0;1;13.0
1981-02-01;12.0;2;12.0
1981-02-02;11.0;2;11.0
1981-02-03;10.0;2;10.0
1981-02-04;10.0;2;10.0
1981-02-05;13.0;2;13.0
1981-02-06;15.0;2;15.0
1981-02-07;11.0;2;11.0
1981-02-08;12.0;2;12.0
1981-02-09;15.0;2;15.0
1981-02-10;11.0;2;11.0
1981-02-11;10.0;2;10.0
1981-02-12;37.0;2;37.0
1981-02-13;18.0;2;18.0
1981-02-14;34.0;2;34.0
1981-02-15;26.0;2;26.0
1981-02-16;19.0;2;19.0
1981-02-17;18.0;2;18.0
1981-02-18;18.0;2;18.0
1981-02-19;16.0;2;16.0
1981-02-20;17.0;2;17.0
1981-02-21;15.0;2;15.0
1981-02-22;15.0;2;15.0
1981-02-23;18.0;2;18.0
1981-02-24;37.0;2;37.0
1981-02-25;24.0;2;24.0
1981-02-26;19.0;2;19.0
1981-02-27;17.0;2;17.0
1981-02-28;16.0;2;16.0
1981-03-01;16.0;3;16.0
1981-03-02;14.0;3;14.0
1981-03-03;13.0;3;13.0
1981-03-04;12.0;3;12.0
1981-03-05;11.0;3;11.0
1981-03-06;15.0;3;15.0
1981-03-07;14.0;3;14.0
1981-03-08;19.0;3;19.0
1981-03-09;23.0;3;23.0
1981-03-10;21.0;3;21.0
1981-03-11;26.0;3;26.0
1981-03-12;18.0;3;18.0
1981-03-13;18.0;3;18.0
1981-03-14;15.0;3;15.0
1981-03-15;19.0;3;19.0
1981-03-16;17.0;3;17.0
1981-03-17;17.0;3;17.0
1981-03-18;23.0;3;23.0
1981-03-19;17.0;3;17.0
1981-03-20;16.0;3;16.0
1981-03-21;16.0;3;16.0
1981-03-22;16.0;3;16.0
1981-03-23;18.0;3;18.0
1981-03-24;17.0;3;17.0
1981-03-25;15.0;3;15.0
1981-03-26;36.0;3;36.0
1981-03-27;23.0;3;23.0
1981-03-28;16.0;3;16.0
1981-03-29;16.0;3;16.0
1981-03-30;19.0;3;19.0
1981-03-31;14.0;3;14.0
1981-04-01;13.0;4;13.0
1981-04-02;12.0;4;12.0
1981-04-03;14.0;4;14.0
1981-04-04;14.0;4;14.0
1981-04-05;14.0;4;14.0
1981-04-06;21.0;4;21.0
1981-04-07;18.0;4;18.0
1981-04-08;17.0;4;17.0
1981-04-09;22.0;4;22.0
1981-04-10;17.0;4;17.0
1981-04-11;15.0;4;15.0
1981-04-12;17.0;4;17.0
1981-04-13;21.0;4;21.0
1981-04-14;32.0;4;32.0
1981-04-15;38.0;4;38.0
1981-04-16;34.0;4;34.0
1981-04-17;32.0;4;32.0
1981-04-18;36.0;4;36.0
1981-04-19;105.0;4;105.0
1981-04-20;74.0;4;74.0
1981-04-21;39.0;4;39.0
1981-04-22;71.0;4;71.0
1981-04-23;54.0;4;54.0
1981-04-24;43.0;4;43.0
1981-04-25;35.0;4;35.0
1981-04-26;30.0;4;30.0
1981-04-27;30.0;4;30.0
1981-04-28;44.0;4;44.0
1981-04-29;48.0;4;48.0
1981-04-30;49.0;4;49.0
1981-05-01;92.0;5;92.0
1981-05-02;67.0;5;67.0
1981-05-03;103.0;5;103.0
1981-05-04;68.0;5;68.0
1981-05-05;64.0;5;64.0
1981-05-06;100.0;5;100.0
1981-05-07;72.0;5;72.0
1981-05-08;114.0;5;114.0
1981-05-09;82.0;5;82.0
1981-05-10;62.0;5;62.0
1981-05-11;64.0;5;64.0
1981-05-12;58.0;5;58.0
1981-05-13;61.0;5;61.0
1981-05-14;93.0;5;93.0
1981-05-15;82.0;5;82.0
1981-05-16;62.0;5;62.0
1981-05-17;53.0;5;53.0
1981-05-18;50.0;5;50.0
1981-05-19;43.0;5;43.0
1981-05-20;39.0;5;39.0
1981-05-21;36.0;5;36.0
1981-05-22;35.0;5;35.0
1981-05-23;34.0;5;34.0
1981-05-24;39.0;5;39.0
1981-05-25;44.0;5;44.0
1981-05-26;47.0;5;47.0
1981-05-27;40.0;5;40.0
1981-05-28;43.0;5;43.0
1981-05-29;42.0;5;42.0
1981-05-30;71.0;5;71.0
1981-05-31;106.0;5;106.0
1981-06-01;64.0;6;64.0
1981-06-02;42.0;6;42.0
1981-06-03;36.0;6;36.0
1981-06-04;35.0;6;35.0
1981-06-05;32.0;6;32.0
1981-06-06;30.0;6;30.0
1981-06-07;28.0;6;28.0
1981-06-08;29.0;6;29.0
1981-06-09;43.0;6;43.0
1981-06-10;35.0;6;35.0
1981-06-11;33.0;6;33.0
1981-06-12;44.0;6;44.0
1981-06-13;43.0;6;43.0
1981-06-14;34.0;6;34.0
1981-06-15;31.0;6;31.0
1981-06-16;36.0;6;36.0
1981-06-17;34.0;6;34.0
1981-06-18;34.0;6;34.0
1981-06-19;32.0;6;32.0
1981-06-20;28.0;6;28.0
1981-06-21;28.0;6;28.0
1981-06-22;26.0;6;26.0
1981-06-23;25.0;6;25.0
1981-06-24;23.0;6;23.0
1981-06-25;24.0;6;24.0
1981-06-26;22.0;6;22.0
1981-06-27;22.0;6;22.0
1981-06-28;23.0;6;23.0
1981-06-29;25.0;6;25.0
1981-06-30;26.0;6;26.0
1981-07-01;40.0;7;40.0
1981-07-02;35.0;7;35.0
1981-07-03;34.0;7;34.0
1981-07-04;34.0;7;34.0
1981-07-05;35.0;7;35.0
1981-07-06;35.0;7;35.0
1981-07-07;32.0;7;32.0
1981-07-08;30.0;7;30.0
1981-07-09;35.0;7;35.0
1981-07-10;36.0;7;36.0
1981-07-11;34.0;7;34.0
1981-07-12;41.0;7;41.0
1981-07-13;34.0;7;34.0
1981-07-14;28.0;7;28.0
1981-07-15;24.0;7;24.0
1981-07-16;29.0;7;29.0
1981-07-17;42.0;7;42.0
1981-07-18;30.0;7;30.0
1981-07-19;29.0;7;29.0
1981-07-20;33.0;7;33.0
1981-07-21;26.0;7;26.0
1981-07-22;20.0;7;20.0
1981-07-23;17.0;7;17.0
1981-07-24;17.0;7;17.0
1981-07-25;15.0;7;15.0
1981-07-26;14.0;7;14.0
1981-07-27;14.0;7;14.0
1981-07-28;13.0;7;13.0
1981-07-29;12.0;7;12.0
1981-07-30;12.0;7;12.0
1981-07-31;11.0;7;11.0
1981-08-01;11.0;8;11.0
1981-08-02;11.0;8;11.0
1981-08-03;11.0;8;11.0
1981-08-04;10.0;8;10.0
1981-08-05;10.0;8;10.0
1981-08-06;9.0;8;9.0
1981-08-07;9.0;8;9.0
1981-08-08;13.0;8;13.0
1981-08-09;12.0;8;12.0
1981-08-10;12.0;8;12.0
1981-08-11;10.0;8;10.0
1981-08-12;9.0;8;9.0
1981-08-13;16.0;8;16.0
1981-08-14;13.0;8;13.0
1981-08-15;11.0;8;11.0
1981-08-16;11.0;8;11.0
1981-08-17;11.0;8;11.0
1981-08-18;13.0;8;13.0
1981-08-19;11.0;8;11.0
1981-08-20;12.0;8;12.0
1981-08-21;10.0;8;10.0
1981-08-22;10.0;8;10.0
1981-08-23;12.0;8;12.0
1981-08-24;12.0;8;12.0
1981-08-25;13.0;8;13.0
1981-08-26;13.0;8;13.0
1981-08-27;13.0;8;13.0
1981-08-28;13.0;8;13.0
1981-08-29;13.0;8;13.0
1981-08-30;19.0;8;19.0
1981-08-31;13.0;8;13.0
1981-09-01;13.0;9;13.0
1981-09-02;13.0;9;13.0
1981-09-03;12.0;9;12.0
1981-09-04;11.0;9;11.0
1981-09-05;10.0;9;10.0
1981-09-06;10.0;9;10.0
1981-09-07;10.0;9;10.0
1981-09-08;13.0;9;13.0
1981-09-09;16.0;9;16.0
1981-09-10;15.0;9;15.0
1981-09-11;15.0;9;15.0
1981-09-12;19.0;9;19.0
1981-09-13;16.0;9;16.0
1981-09-14;14.0;9;14.0
1981-09-15;15.0;9;15.0
1981-09-16;17.0;9;17.0
1981-09-17;14.0;9;14.0
1981-09-18;13.0;9;13.0
1981-09-19;12.0;9;12.0
1981-09-20;15.0;9;15.0
1981-09-21;18.0;9;18.0
1981-09-22;16.0;9;16.0
1981-09-23;11.0;9;11.0
1981-09-24;9.0;9;9.0
1981-09-25;8.0;9;8.0
1981-09-26;9.0;9;9.0
1981-09-27;8.0;9;8.0
1981-09-28;8.0;9;8.0
1981-09-29;8.0;9;8.0
1981-09-30;9.0;9;9.0
1981-10-01;11.0;10;11.0
1981-10-02;9.0;10;9.0
1981-10-03;8.0;10;8.0
1981-10-04;13.0;10;13.0
1981-10-05;9.0;10;9.0
1981-10-06;9.0;10;9.0
1981-10-07;9.0;10;9.0
1981-10-08;15.0;10;15.0
1981-10-09;13.0;10;13.0
1981-10-10;23.0;10;23.0
1981-10-11;24.0;10;24.0
1981-10-12;21.0;10;21.0
1981-10-13;46.0;10;46.0
1981-10-14;52.0;10;52.0
1981-10-15;52.0;10;52.0
1981-10-16;53.0;10;53.0
1981-10-17;27.0;10;27.0
1981-10-18;21.0;10;21.0
1981-10-19;22.0;10;22.0
1981-10-20;17.0;10;17.0
1981-10-21;11.0;10;11.0
1981-10-22;17.0;10;17.0
1981-10-23;19.0;10;19.0
1981-10-24;18.0;10;18.0
1981-10-25;19.0;10;19.0
1981-10-26;19.0;10;19.0
1981-10-27;23.0;10;23.0
1981-10-28;21.0;10;21.0
1981-10-29;32.0;10;32.0
1981-10-30;40.0;10;40.0
1981-10-31;29.0;10;29.0
1981-11-01;81.0;11;81.0
1981-11-02;46.0;11;46.0
1981-11-03;29.0;11;29.0
1981-11-04;26.0;11;26.0
1981-11-05;24.0;11;24.0
1981-11-06;25.0;11;25.0
1981-11-07;22.0;11;22.0
1981-11-08;22.0;11;22.0
1981-11-09;22.0;11;22.0
1981-11-10;34.0;11;34.0
1981-11-11;35.0;11;35.0
1981-11-12;36.0;11;36.0
1981-11-13;29.0;11;29.0
1981-11-14;23.0;11;23.0
1981-11-15;39.0;11;39.0
1981-11-16;38.0;11;38.0
1981-11-17;43.0;11;43.0
1981-11-18;41.0;11;41.0
1981-11-19;39.0;11;39.0
1981-11-20;45.0;11;45.0
1981-11-21;80.0;11;80.0
1981-11-22;55.0;11;55.0
1981-11-23;53.0;11;53.0
1981-11-24;45.0;11;45.0
1981-11-25;57.0;11;57.0
1981-11-26;46.0;11;46.0
1981-11-27;57.0;11;57.0
1981-11-28;53.0;11;53.0
1981-11-29;90.0;11;90.0
1981-11-30;110.0;11;110.0
1981-12-01;75.0;12;75.0
1981-12-02;67.0;12;67.0
1981-12-03;44.0;12;44.0
1981-12-04;38.0;12;38.0
1981-12-05;52.0;12;52.0
1981-12-06;132.0;12;132.0
1981-12-07;73.0;12;73.0
1981-12-08;60.0;12;60.0
1981-12-09;45.0;12;45.0
1981-12-10;39.0;12;39.0
1981-12-11;38.0;12;38.0
1981-12-12;36.0;12;36.0
1981-12-13;34.0;12;34.0
1981-12-14;32.0;12;32.0
1981-12-15;30.0;12;30.0
1981-12-16;27.0;12;27.0
1981-12-17;25.0;12;25.0
1981-12-18;24.0;12;24.0
1981-12-19;26.0;12;26.0
1981-12-20;24.0;12;24.0
1981-12-21;29.0;12;29.0
1981-12-22;30.0;12;30.0
1981-12-23;33.0;12;33.0
1981-12-24;26.0;12;26.0
1981-12-25;25.0;12;25.0
1981-12-26;35.0;12;35.0
1981-12-27;26.0;12;26.0
1981-12-28;23.0;12;23.0
1981-12-29;22.0;12;22.0
1981-12-30;30.0;12;30.0
1981-12-31;32.0;12;32.0
1982-01-01;52.0;1;52.0
1982-01-02;79.0;1;79.0
1982-01-03;92.0;1;92.0
1982-01-04;139.0;1;139.0
1982-01-05;206.0;1;206.0
1982-01-06;193.0;1;193.0
1982-01-07;138.0;1;138.0
1982-01-08;113.0;1;113.0
1982-01-09;99.0;1;99.0
1982-01-10;118.0;1;118.0
1982-01-11;94.0;1;94.0
1982-01-12;75.0;1;75.0
1982-01-13;65.0;1;65.0
1982-01-14;59.0;1;59.0
1982-01-15;58.0;1;58.0
1982-01-16;52.0;1;52.0
1982-01-17;47.0;1;47.0
1982-01-18;43.0;1;43.0
1982-01-19;39.0;1;39.0
1982-01-20;36.0;1;36.0
1982-01-21;34.0;1;34.0
1982-01-22;32.0;1;32.0
1982-01-23;30.0;1;30.0
1982-01-24;30.0;1;30.0
1982-01-25;32.0;1;32.0
1982-01-26;40.0;1;40.0
1982-01-27;49.0;1;49.0
1982-01-28;58.0;1;58.0
1982-01-29;45.0;1;45.0
1982-01-30;37.0;1;37.0
1982-01-31;36.0;1;36.0
1982-02-01;32.0;2;32.0
1982-02-02;32.0;2;32.0
1982-02-03;31.0;2;31.0
1982-02-04;30.0;2;30.0
1982-02-05;29.0;2;29.0
1982-02-06;34.0;2;34.0
1982-02-07;64.0;2;64.0
1982-02-08;51.0;2;51.0
1982-02-09;45.0;2;45.0
1982-02-10;37.0;2;37.0
1982-02-11;37.0;2;37.0
1982-02-12;39.0;2;39.0
1982-02-13;38.0;2;38.0
1982-02-14;69.0;2;69.0
1982-02-15;88.0;2;88.0
1982-02-16;73.0;2;73.0
1982-02-17;82.0;2;82.0
1982-02-18;100.0;2;100.0
1982-02-19;73.0;2;73.0
1982-02-20;84.0;2;84.0
1982-02-21;89.0;2;89.0
1982-02-22;64.0;2;64.0
1982-02-23;56.0;2;56.0
1982-02-24;51.0;2;51.0
1982-02-25;47.0;2;47.0
1982-02-26;45.0;2;45.0
1982-02-27;58.0;2;58.0
1982-02-28;45.0;2;45.0
1982-03-01;41.0;3;41.0
1982-03-02;59.0;3;59.0
1982-03-03;90.0;3;90.0
1982-03-04;59.0;3;59.0
1982-03-05;78.0;3;78.0
1982-03-06;56.0;3;56.0
1982-03-07;49.0;3;49.0
1982-03-08;60.0;3;60.0
1982-03-09;97.0;3;97.0
1982-03-10;58.0;3;58.0
1982-03-11;71.0;3;71.0
1982-03-12;54.0;3;54.0
1982-03-13;46.0;3;46.0
1982-03-14;46.0;3;46.0
1982-03-15;60.0;3;60.0
1982-03-16;99.0;3;99.0
1982-03-17;127.0;3;127.0
1982-03-18;104.0;3;104.0
1982-03-19;82.0;3;82.0
1982-03-20;88.0;3;88.0
1982-03-21;66.0;3;66.0
1982-03-22;54.0;3;54.0
1982-03-23;49.0;3;49.0
1982-03-24;57.0;3;57.0
1982-03-25;64.0;3;64.0
1982-03-26;48.0;3;48.0
1982-03-27;62.0;3;62.0
1982-03-28;78.0;3;78.0
1982-03-29;54.0;3;54.0
1982-03-30;48.0;3;48.0
1982-03-31;44.0;3;44.0
1982-04-01;43.0;4;43.0
1982-04-02;41.0;4;41.0
1982-04-03;40.0;4;40.0
1982-04-04;83.0;4;83.0
1982-04-05;118.0;4;118.0
1982-04-06;103.0;4;103.0
1982-04-07;89.0;4;89.0
1982-04-08;85.0;4;85.0
1982-04-09;91.0;4;91.0
1982-04-10;104.0;4;104.0
1982-04-11;95.0;4;95.0
1982-04-12;207.0;4;207.0
1982-04-13;187.0;4;187.0
1982-04-14;102.0;4;102.0
1982-04-15;83.0;4;83.0
1982-04-16;71.0;4;71.0
1982-04-17;121.0;4;121.0
1982-04-18;148.0;4;148.0
1982-04-19;97.0;4;97.0
1982-04-20;77.0;4;77.0
1982-04-21;72.0;4;72.0
1982-04-22;79.0;4;79.0
1982-04-23;66.0;4;66.0
1982-04-24;60.0;4;60.0
1982-04-25;55.0;4;55.0
1982-04-26;55.0;4;55.0
1982-04-27;56.0;4;56.0
1982-04-28;69.0;4;69.0
1982-04-29;94.0;4;94.0
1982-04-30;82.0;4;82.0
1982-05-01;87.0;5;87.0
1982-05-02;69.0;5;69.0
1982-05-03;62.0;5;62.0
1982-05-04;57.0;5;57.0
1982-05-05;52.0;5;52.0
1982-05-06;53.0;5;53.0
1982-05-07;51.0;5;51.0
1982-05-08;47.0;5;47.0
1982-05-09;52.0;5;52.0
1982-05-10;57.0;5;57.0
1982-05-11;47.0;5;47.0
1982-05-12;44.0;5;44.0
1982-05-13;40.0;5;40.0
1982-05-14;40.0;5;40.0
1982-05-15;51.0;5;51.0
1982-05-16;47.0;5;47.0
1982-05-17;41.0;5;41.0
1982-05-18;41.0;5;41.0
1982-05-19;48.0;5;48.0
1982-05-20;48.0;5;48.0
1982-05-21;61.0;5;61.0
1982-05-22;63.0;5;63.0
1982-05-23;111.0;5;111.0
1982-05-24;71.0;5;71.0
1982-05-25;74.0;5;74.0
1982-05-26;70.0;5;70.0
1982-05-27;63.0;5;63.0
1982-05-28;63.0;5;63.0
1982-05-29;61.0;5;61.0
1982-05-30;57.0;5;57.0
1982-05-31;56.0;5;56.0
1982-06-01;62.0;6;62.0
1982-06-02;53.0;6;53.0
1982-06-03;49.0;6;49.0
1982-06-04;45.0;6;45.0
1982-06-05;43.0;6;43.0
1982-06-06;45.0;6;45.0
1982-06-07;41.0;6;41.0
1982-06-08;48.0;6;48.0
1982-06-09;41.0;6;41.0
1982-06-10;43.0;6;43.0
1982-06-11;37.0;6;37.0
1982-06-12;37.0;6;37.0
1982-06-13;50.0;6;50.0
1982-06-14;32.0;6;32.0
1982-06-15;32.0;6;32.0
1982-06-16;31.0;6;31.0
1982-06-17;30.0;6;30.0
1982-06-18;37.0;6;37.0
1982-06-19;32.0;6;32.0
1982-06-20;31.0;6;31.0
1982-06-21;31.0;6;31.0
1982-06-22;31.0;6;31.0
1982-06-23;30.0;6;30.0
1982-06-24;29.0;6;29.0
1982-06-25;28.0;6;28.0
1982-06-26;27.0;6;27.0
1982-06-27;26.0;6;26.0
1982-06-28;26.0;6;26.0
1982-06-29;25.0;6;25.0
1982-06-30;24.0;6;24.0
1982-07-01;24.0;7;24.0
1982-07-02;55.0;7;55.0
1982-07-03;59.0;7;59.0
1982-07-04;46.0;7;46.0
1982-07-05;36.0;7;36.0
1982-07-06;32.0;7;32.0
1982-07-07;30.0;7;30.0
1982-07-08;30.0;7;30.0
1982-07-09;29.0;7;29.0
1982-07-10;27.0;7;27.0
1982-07-11;27.0;7;27.0
1982-07-12;30.0;7;30.0
1982-07-13;29.0;7;29.0
1982-07-14;28.0;7;28.0
1982-07-15;26.0;7;26.0
1982-07-16;24.0;7;24.0
1982-07-17;23.0;7;23.0
1982-07-18;22.0;7;22.0
1982-07-19;24.0;7;24.0
1982-07-20;32.0;7;32.0
1982-07-21;34.0;7;34.0
1982-07-22;25.0;7;25.0
1982-07-23;21.0;7;21.0
1982-07-24;25.0;7;25.0
1982-07-25;28.0;7;28.0
1982-07-26;22.0;7;22.0
1982-07-27;23.0;7;23.0
1982-07-28;35.0;7;35.0
1982-07-29;40.0;7;40.0
1982-07-30;52.0;7;52.0
1982-07-31;39.0;7;39.0
1982-08-01;28.0;8;28.0
1982-08-02;26.0;8;26.0
1982-08-03;29.0;8;29.0
1982-08-04;23.0;8;23.0
1982-08-05;20.0;8;20.0
1982-08-06;17.0;8;17.0
1982-08-07;19.0;8;19.0
1982-08-08;26.0;8;26.0
1982-08-09;25.0;8;25.0
1982-08-10;18.0;8;18.0
1982-08-11;16.0;8;16.0
1982-08-12;16.0;8;16.0
1982-08-13;17.0;8;17.0
1982-08-14;14.0;8;14.0
1982-08-15;17.0;8;17.0
1982-08-16;16.0;8;16.0
1982-08-17;17.0;8;17.0
1982-08-18;18.0;8;18.0
1982-08-19;17.0;8;17.0
1982-08-20;27.0;8;27.0
1982-08-21;26.0;8;26.0
1982-08-22;19.0;8;19.0
1982-08-23;14.0;8;14.0
1982-08-24;15.0;8;15.0
1982-08-25;14.0;8;14.0
1982-08-26;14.0;8;14.0
1982-08-27;13.0;8;13.0
1982-08-28;13.0;8;13.0
1982-08-29;13.0;8;13.0
1982-08-30;13.0;8;13.0
1982-08-31;12.0;8;12.0
1982-09-01;13.0;9;13.0
1982-09-02;12.0;9;12.0
1982-09-03;15.0;9;15.0
1982-09-04;16.0;9;16.0
1982-09-05;19.0;9;19.0
1982-09-06;24.0;9;24.0
1982-09-07;15.0;9;15.0
1982-09-08;12.0;9;12.0
1982-09-09;12.0;9;12.0
1982-09-10;11.0;9;11.0
1982-09-11;11.0;9;11.0
1982-09-12;13.0;9;13.0
1982-09-13;14.0;9;14.0
1982-09-14;13.0;9;13.0
1982-09-15;16.0;9;16.0
1982-09-16;18.0;9;18.0
1982-09-17;29.0;9;29.0
1982-09-18;31.0;9;31.0
1982-09-19;36.0;9;36.0
1982-09-20;29.0;9;29.0
1982-09-21;22.0;9;22.0
1982-09-22;19.0;9;19.0
1982-09-23;17.0;9;17.0
1982-09-24;17.0;9;17.0
1982-09-25;19.0;9;19.0
1982-09-26;30.0;9;30.0
1982-09-27;22.0;9;22.0
1982-09-28;33.0;9;33.0
1982-09-29;28.0;9;28.0
1982-09-30;27.0;9;27.0
1982-10-01;25.0;10;25.0
1982-10-02;41.0;10;41.0
1982-10-03;59.0;10;59.0
1982-10-04;50.0;10;50.0
1982-10-05;40.0;10;40.0
1982-10-06;30.0;10;30.0
1982-10-07;28.0;10;28.0
1982-10-08;42.0;10;42.0
1982-10-09;44.0;10;44.0
1982-10-10;43.0;10;43.0
1982-10-11;43.0;10;43.0
1982-10-12;40.0;10;40.0
1982-10-13;32.0;10;32.0
1982-10-14;28.0;10;28.0
1982-10-15;32.0;10;32.0
1982-10-16;32.0;10;32.0
1982-10-17;27.0;10;27.0
1982-10-18;25.0;10;25.0
1982-10-19;26.0;10;26.0
1982-10-20;84.0;10;84.0
1982-10-21;58.0;10;58.0
1982-10-22;68.0;10;68.0
1982-10-23;80.0;10;80.0
1982-10-24;78.0;10;78.0
1982-10-25;83.0;10;83.0
1982-10-26;95.0;10;95.0
1982-10-27;61.0;10;61.0
1982-10-28;41.0;10;41.0
1982-10-29;37.0;10;37.0
1982-10-30;43.0;10;43.0
1982-10-31;34.0;10;34.0
1982-11-01;32.0;11;32.0
1982-11-02;54.0;11;54.0
1982-11-03;58.0;11;58.0
1982-11-04;69.0;11;69.0
1982-11-05;53.0;11;53.0
1982-11-06;40.0;11;40.0
1982-11-07;38.0;11;38.0
1982-11-08;37.0;11;37.0
1982-11-09;33.0;11;33.0
1982-11-10;31.0;11;31.0
1982-11-11;44.0;11;44.0
1982-11-12;61.0;11;61.0
1982-11-13;46.0;11;46.0
1982-11-14;37.0;11;37.0
1982-11-15;33.0;11;33.0
1982-11-16;37.0;11;37.0
1982-11-17;34.0;11;34.0
1982-11-18;36.0;11;36.0
1982-11-19;63.0;11;63.0
1982-11-20;43.0;11;43.0
1982-11-21;61.0;11;61.0
1982-11-22;77.0;11;77.0
1982-11-23;46.0;11;46.0
1982-11-24;44.0;11;44.0
1982-11-25;41.0;11;41.0
1982-11-26;36.0;11;36.0
1982-11-27;40.0;11;40.0
1982-11-28;36.0;11;36.0
1982-11-29;33.0;11;33.0
1982-11-30;32.0;11;32.0
1982-12-01;29.0;12;29.0
1982-12-02;28.0;12;28.0
1982-12-03;28.0;12;28.0
1982-12-04;44.0;12;44.0
1982-12-05;40.0;12;40.0
1982-12-06;46.0;12;46.0
1982-12-07;44.0;12;44.0
1982-12-08;74.0;12;74.0
1982-12-09;63.0;12;63.0
1982-12-10;53.0;12;53.0
1982-12-11;41.0;12;41.0
1982-12-12;50.0;12;50.0
1982-12-13;43.0;12;43.0
1982-12-14;46.0;12;46.0
1982-12-15;35.0;12;35.0
1982-12-16;34.0;12;34.0
1982-12-17;34.0;12;34.0
1982-12-18;46.0;12;46.0
1982-12-19;55.0;12;55.0
1982-12-20;46.0;12;46.0
1982-12-21;40.0;12;40.0
1982-12-22;74.0;12;74.0
1982-12-23;56.0;12;56.0
1982-12-24;38.0;12;38.0
1982-12-25;45.0;12;45.0
1982-12-26;36.0;12;36.0
1982-12-27;50.0;12;50.0
1982-12-28;93.0;12;93.0
1982-12-29;52.0;12;52.0
1982-12-30;53.0;12;53.0
1982-12-31;41.0;12;41.0
1983-01-01;37.0;1;37.0
1983-01-02;36.0;1;36.0
1983-01-03;37.0;1;37.0
1983-01-04;39.0;1;39.0
1983-01-05;42.0;1;42.0
1983-01-06;37.0;1;37.0
1983-01-07;35.0;1;35.0
1983-01-08;33.0;1;33.0
1983-01-09;31.0;1;31.0
1983-01-10;30.0;1;30.0
1983-01-11;29.0;1;29.0
1983-01-12;28.0;1;28.0
1983-01-13;27.0;1;27.0
1983-01-14;26.0;1;26.0
1983-01-15;25.0;1;25.0
1983-01-16;24.0;1;24.0
1983-01-17;24.0;1;24.0
1983-01-18;21.0;1;21.0
1983-01-19;19.0;1;19.0
1983-01-20;18.0;1;18.0
1983-01-21;16.0;1;16.0
1983-01-22;15.0;1;15.0
1983-01-23;15.0;1;15.0
1983-01-24;14.0;1;14.0
1983-01-25;13.0;1;13.0
1983-01-26;12.0;1;12.0
1983-01-27;13.0;1;13.0
1983-01-28;15.0;1;15.0
1983-01-29;15.0;1;15.0
1983-01-30;17.0;1;17.0
1983-01-31;21.0;1;21.0
1983-02-01;22.0;2;22.0
1983-02-02;21.0;2;21.0
1983-02-03;17.0;2;17.0
1983-02-04;14.0;2;14.0
1983-02-05;13.0;2;13.0
1983-02-06;14.0;2;14.0
1983-02-07;28.0;2;28.0
1983-02-08;25.0;2;25.0
1983-02-09;27.0;2;27.0
1983-02-10;32.0;2;32.0
1983-02-11;29.0;2;29.0
1983-02-12;22.0;2;22.0
1983-02-13;20.0;2;20.0
1983-02-14;18.0;2;18.0
1983-02-15;15.0;2;15.0
1983-02-16;14.0;2;14.0
1983-02-17;13.0;2;13.0
1983-02-18;13.0;2;13.0
1983-02-19;13.0;2;13.0
1983-02-20;14.0;2;14.0
1983-02-21;13.0;2;13.0
1983-02-22;12.0;2;12.0
1983-02-23;12.0;2;12.0
1983-02-24;12.0;2;12.0
1983-02-25;12.0;2;12.0
1983-02-26;12.0;2;12.0
1983-02-27;12.0;2;12.0
1983-02-28;11.0;2;11.0
1983-03-01;11.0;3;11.0
1983-03-02;11.0;3;11.0
1983-03-03;12.0;3;12.0
1983-03-04;17.0;3;17.0
1983-03-05;22.0;3;22.0
1983-03-06;35.0;3;35.0
1983-03-07;22.0;3;22.0
1983-03-08;71.0;3;71.0
1983-03-09;58.0;3;58.0
1983-03-10;62.0;3;62.0
1983-03-11;54.0;3;54.0
1983-03-12;37.0;3;37.0
1983-03-13;34.0;3;34.0
1983-03-14;31.0;3;31.0
1983-03-15;29.0;3;29.0
1983-03-16;28.0;3;28.0
1983-03-17;26.0;3;26.0
1983-03-18;24.0;3;24.0
1983-03-19;23.0;3;23.0
1983-03-20;21.0;3;21.0
1983-03-21;18.0;3;18.0
1983-03-22;16.0;3;16.0
1983-03-23;15.0;3;15.0
1983-03-24;14.0;3;14.0
1983-03-25;19.0;3;19.0
1983-03-26;36.0;3;36.0
1983-03-27;123.0;3;123.0
1983-03-28;69.0;3;69.0
1983-03-29;72.0;3;72.0
1983-03-30;66.0;3;66.0
1983-03-31;42.0;3;42.0
1983-04-01;38.0;4;38.0
1983-04-02;35.0;4;35.0
1983-04-03;34.0;4;34.0
1983-04-04;31.0;4;31.0
1983-04-05;33.0;4;33.0
1983-04-06;49.0;4;49.0
1983-04-07;83.0;4;83.0
1983-04-08;124.0;4;124.0
1983-04-09;136.0;4;136.0
1983-04-10;136.0;4;136.0
1983-04-11;100.0;4;100.0
1983-04-12;91.0;4;91.0
1983-04-13;129.0;4;129.0
1983-04-14;131.0;4;131.0
1983-04-15;85.0;4;85.0
1983-04-16;83.0;4;83.0
1983-04-17;72.0;4;72.0
1983-04-18;73.0;4;73.0
1983-04-19;66.0;4;66.0
1983-04-20;50.0;4;50.0
1983-04-21;58.0;4;58.0
1983-04-22;86.0;4;86.0
1983-04-23;58.0;4;58.0
1983-04-24;52.0;4;52.0
1983-04-25;46.0;4;46.0
1983-04-26;43.0;4;43.0
1983-04-27;46.0;4;46.0
1983-04-28;54.0;4;54.0
1983-04-29;61.0;4;61.0
1983-04-30;73.0;4;73.0
1983-05-01;58.0;5;58.0
1983-05-02;51.0;5;51.0
1983-05-03;46.0;5;46.0
1983-05-04;56.0;5;56.0
1983-05-05;48.0;5;48.0
1983-05-06;42.0;5;42.0
1983-05-07;45.0;5;45.0
1983-05-08;43.0;5;43.0
1983-05-09;37.0;5;37.0
1983-05-10;32.0;5;32.0
1983-05-11;35.0;5;35.0
1983-05-12;37.0;5;37.0
1983-05-13;35.0;5;35.0
1983-05-14;31.0;5;31.0
1983-05-15;33.0;5;33.0
1983-05-16;30.0;5;30.0
1983-05-17;33.0;5;33.0
1983-05-18;30.0;5;30.0
1983-05-19;42.0;5;42.0
1983-05-20;48.0;5;48.0
1983-05-21;45.0;5;45.0
1983-05-22;55.0;5;55.0
1983-05-23;59.0;5;59.0
1983-05-24;49.0;5;49.0
1983-05-25;38.0;5;38.0
1983-05-26;35.0;5;35.0
1983-05-27;51.0;5;51.0
1983-05-28;42.0;5;42.0
1983-05-29;47.0;5;47.0
1983-05-30;38.0;5;38.0
1983-05-31;34.0;5;34.0
1983-06-01;31.0;6;31.0
1983-06-02;31.0;6;31.0
1983-06-03;44.0;6;44.0
1983-06-04;46.0;6;46.0
1983-06-05;47.0;6;47.0
1983-06-06;40.0;6;40.0
1983-06-07;35.0;6;35.0
1983-06-08;33.0;6;33.0
1983-06-09;40.0;6;40.0
1983-06-10;34.0;6;34.0
1983-06-11;32.0;6;32.0
1983-06-12;30.0;6;30.0
1983-06-13;30.0;6;30.0
1983-06-14;36.0;6;36.0
1983-06-15;29.0;6;29.0
1983-06-16;28.0;6;28.0
1983-06-17;32.0;6;32.0
1983-06-18;29.0;6;29.0
1983-06-19;26.0;6;26.0
1983-06-20;23.0;6;23.0
1983-06-21;22.0;6;22.0
1983-06-22;20.0;6;20.0
1983-06-23;19.0;6;19.0
1983-06-24;19.0;6;19.0
1983-06-25;17.0;6;17.0
1983-06-26;18.0;6;18.0
1983-06-27;18.0;6;18.0
1983-06-28;16.0;6;16.0
1983-06-29;15.0;6;15.0
1983-06-30;16.0;6;16.0
1983-07-01;15.0;7;15.0
1983-07-02;20.0;7;20.0
1983-07-03;18.0;7;18.0
1983-07-04;15.0;7;15.0
1983-07-05;15.0;7;15.0
1983-07-06;18.0;7;18.0
1983-07-07;14.0;7;14.0
1983-07-08;14.0;7;14.0
1983-07-09;16.0;7;16.0
1983-07-10;26.0;7;26.0
1983-07-11;18.0;7;18.0
1983-07-12;15.0;7;15.0
1983-07-13;13.0;7;13.0
1983-07-14;13.0;7;13.0
1983-07-15;12.0;7;12.0
1983-07-16;12.0;7;12.0
1983-07-17;13.0;7;13.0
1983-07-18;13.0;7;13.0
1983-07-19;12.0;7;12.0
1983-07-20;12.0;7;12.0
1983-07-21;20.0;7;20.0
1983-07-22;35.0;7;35.0
1983-07-23;28.0;7;28.0
1983-07-24;21.0;7;21.0
1983-07-25;16.0;7;16.0
1983-07-26;12.0;7;12.0
1983-07-27;11.0;7;11.0
1983-07-28;12.0;7;12.0
1983-07-29;12.0;7;12.0
1983-07-30;11.0;7;11.0
1983-07-31;20.0;7;20.0
1983-08-01;33.0;8;33.0
1983-08-02;36.0;8;36.0
1983-08-03;29.0;8;29.0
1983-08-04;19.0;8;19.0
1983-08-05;15.0;8;15.0
1983-08-06;18.0;8;18.0
1983-08-07;22.0;8;22.0
1983-08-08;30.0;8;30.0
1983-08-09;17.0;8;17.0
1983-08-10;16.0;8;16.0
1983-08-11;16.0;8;16.0
1983-08-12;12.0;8;12.0
1983-08-13;13.0;8;13.0
1983-08-14;12.0;8;12.0
1983-08-15;11.0;8;11.0
1983-08-16;11.0;8;11.0
1983-08-17;9.0;8;9.0
1983-08-18;12.0;8;12.0
1983-08-19;16.0;8;16.0
1983-08-20;15.0;8;15.0
1983-08-21;14.0;8;14.0
1983-08-22;13.0;8;13.0
1983-08-23;12.0;8;12.0
1983-08-24;12.0;8;12.0
1983-08-25;12.0;8;12.0
1983-08-26;12.0;8;12.0
1983-08-27;11.0;8;11.0
1983-08-28;11.0;8;11.0
1983-08-29;13.0;8;13.0
1983-08-30;19.0;8;19.0
1983-08-31;19.0;8;19.0
1983-09-01;13.0;9;13.0
1983-09-02;12.0;9;12.0
1983-09-03;12.0;9;12.0
1983-09-04;14.0;9;14.0
1983-09-05;12.0;9;12.0
1983-09-06;11.0;9;11.0
1983-09-07;13.0;9;13.0
1983-09-08;13.0;9;13.0
1983-09-09;12.0;9;12.0
1983-09-10;12.0;9;12.0
1983-09-11;11.0;9;11.0
1983-09-12;10.0;9;10.0
1983-09-13;9.0;9;9.0
1983-09-14;9.0;9;9.0
1983-09-15;11.0;9;11.0
1983-09-16;10.0;9;10.0
1983-09-17;10.0;9;10.0
1983-09-18;12.0;9;12.0
1983-09-19;10.0;9;10.0
1983-09-20;10.0;9;10.0
1983-09-21;11.0;9;11.0
1983-09-22;9.0;9;9.0
1983-09-23;9.0;9;9.0
1983-09-24;8.0;9;8.0
1983-09-25;9.0;9;9.0
1983-09-26;8.0;9;8.0
1983-09-27;8.0;9;8.0
1983-09-28;7.0;9;7.0
1983-09-29;7.0;9;7.0
1983-09-30;7.0;9;7.0
1983-10-01;7.0;10;7.0
1983-10-02;7.0;10;7.0
1983-10-03;8.0;10;8.0
1983-10-04;8.0;10;8.0
1983-10-05;19.0;10;19.0
1983-10-06;19.0;10;19.0
1983-10-07;11.0;10;11.0
1983-10-08;9.0;10;9.0
1983-10-09;9.0;10;9.0
1983-10-10;9.0;10;9.0
1983-10-11;9.0;10;9.0
1983-10-12;9.0;10;9.0
1983-10-13;12.0;10;12.0
1983-10-14;17.0;10;17.0
1983-10-15;59.0;10;59.0
1983-10-16;76.0;10;76.0
1983-10-17;43.0;10;43.0
1983-10-18;23.0;10;23.0
1983-10-19;18.0;10;18.0
1983-10-20;37.0;10;37.0
1983-10-21;34.0;10;34.0
1983-10-22;25.0;10;25.0
1983-10-23;19.0;10;19.0
1983-10-24;16.0;10;16.0
1983-10-25;14.0;10;14.0
1983-10-26;16.0;10;16.0
1983-10-27;28.0;10;28.0
1983-10-28;23.0;10;23.0
1983-10-29;28.0;10;28.0
1983-10-30;28.0;10;28.0
1983-10-31;36.0;10;36.0
1983-11-01;36.0;11;36.0
1983-11-02;30.0;11;30.0
1983-11-03;29.0;11;29.0
1983-11-04;21.0;11;21.0
1983-11-05;19.0;11;19.0
1983-11-06;15.0;11;15.0
1983-11-07;14.0;11;14.0
1983-11-08;16.0;11;16.0
1983-11-09;13.0;11;13.0
1983-11-10;20.0;11;20.0
1983-11-11;24.0;11;24.0
1983-11-12;21.0;11;21.0
1983-11-13;17.0;11;17.0
1983-11-14;29.0;11;29.0
1983-11-15;25.0;11;25.0
1983-11-16;31.0;11;31.0
1983-11-17;31.0;11;31.0
1983-11-18;30.0;11;30.0
1983-11-19;19.0;11;19.0
1983-11-20;16.0;11;16.0
1983-11-21;14.0;11;14.0
1983-11-22;14.0;11;14.0
1983-11-23;14.0;11;14.0
1983-11-24;73.0;11;73.0
1983-11-25;47.0;11;47.0
1983-11-26;28.0;11;28.0
1983-11-27;23.0;11;23.0
1983-11-28;31.0;11;31.0
1983-11-29;26.0;11;26.0
1983-11-30;91.0;11;91.0
1983-12-01;59.0;12;59.0
1983-12-02;44.0;12;44.0
1983-12-03;52.0;12;52.0
1983-12-04;57.0;12;57.0
1983-12-05;69.0;12;69.0
1983-12-06;115.0;12;115.0
1983-12-07;138.0;12;138.0
1983-12-08;121.0;12;121.0
1983-12-09;95.0;12;95.0
1983-12-10;132.0;12;132.0
1983-12-11;107.0;12;107.0
1983-12-12;97.0;12;97.0
1983-12-13;88.0;12;88.0
1983-12-14;64.0;12;64.0
1983-12-15;51.0;12;51.0
1983-12-16;46.0;12;46.0
1983-12-17;41.0;12;41.0
1983-12-18;50.0;12;50.0
1983-12-19;44.0;12;44.0
1983-12-20;52.0;12;52.0
1983-12-21;38.0;12;38.0
1983-12-22;33.0;12;33.0
1983-12-23;34.0;12;34.0
1983-12-24;29.0;12;29.0
1983-12-25;28.0;12;28.0
1983-12-26;29.0;12;29.0
1983-12-27;29.0;12;29.0
1983-12-28;26.0;12;26.0
1983-12-29;24.0;12;24.0
1983-12-30;34.0;12;34.0
1983-12-31;52.0;12;52.0
1984-01-01;85.0;1;85.0
1984-01-02;106.0;1;106.0
1984-01-03;72.0;1;72.0
1984-01-04;73.0;1;73.0
1984-01-05;77.0;1;77.0
1984-01-06;97.0;1;97.0
1984-01-07;98.0;1;98.0
1984-01-08;111.0;1;111.0
1984-01-09;93.0;1;93.0
1984-01-10;74.0;1;74.0
1984-01-11;79.0;1;79.0
1984-01-12;72.0;1;72.0
1984-01-13;58.0;1;58.0
1984-01-14;52.0;1;52.0
1984-01-15;46.0;1;46.0
1984-01-16;42.0;1;42.0
1984-01-17;38.0;1;38.0
1984-01-18;36.0;1;36.0
1984-01-19;34.0;1;34.0
1984-01-20;43.0;1;43.0
1984-01-21;41.0;1;41.0
1984-01-22;72.0;1;72.0
1984-01-23;81.0;1;81.0
1984-01-24;57.0;1;57.0
1984-01-25;48.0;1;48.0
1984-01-26;38.0;1;38.0
1984-01-27;40.0;1;40.0
1984-01-28;65.0;1;65.0
1984-01-29;68.0;1;68.0
1984-01-30;47.0;1;47.0
1984-01-31;39.0;1;39.0
1984-02-01;36.0;2;36.0
1984-02-02;35.0;2;35.0
1984-02-03;49.0;2;49.0
1984-02-04;63.0;2;63.0
1984-02-05;95.0;2;95.0
1984-02-06;114.0;2;114.0
1984-02-07;90.0;2;90.0
1984-02-08;66.0;2;66.0
1984-02-09;69.0;2;69.0
1984-02-10;50.0;2;50.0
1984-02-11;44.0;2;44.0
1984-02-12;40.0;2;40.0
1984-02-13;40.0;2;40.0
1984-02-14;44.0;2;44.0
1984-02-15;61.0;2;61.0
1984-02-16;52.0;2;52.0
1984-02-17;63.0;2;63.0
1984-02-18;48.0;2;48.0
1984-02-19;43.0;2;43.0
1984-02-20;41.0;2;41.0
1984-02-21;64.0;2;64.0
1984-02-22;43.0;2;43.0
1984-02-23;39.0;2;39.0
1984-02-24;43.0;2;43.0
1984-02-25;48.0;2;48.0
1984-02-26;71.0;2;71.0
1984-02-27;43.0;2;43.0
1984-02-28;40.0;2;40.0
1984-02-29;33.0;2;33.0
1984-03-01;33.0;3;33.0
1984-03-02;33.0;3;33.0
1984-03-03;33.0;3;33.0
1984-03-04;30.0;3;30.0
1984-03-05;28.0;3;28.0
1984-03-06;27.0;3;27.0
1984-03-07;27.0;3;27.0
1984-03-08;29.0;3;29.0
1984-03-09;30.0;3;30.0
1984-03-10;27.0;3;27.0
1984-03-11;26.0;3;26.0
1984-03-12;24.0;3;24.0
1984-03-13;22.0;3;22.0
1984-03-14;20.0;3;20.0
1984-03-15;18.0;3;18.0
1984-03-16;20.0;3;20.0
1984-03-17;28.0;3;28.0
1984-03-18;44.0;3;44.0
1984-03-19;28.0;3;28.0
1984-03-20;26.0;3;26.0
1984-03-21;27.0;3;27.0
1984-03-22;24.0;3;24.0
1984-03-23;22.0;3;22.0
1984-03-24;23.0;3;23.0
1984-03-25;25.0;3;25.0
1984-03-26;23.0;3;23.0
1984-03-27;20.0;3;20.0
1984-03-28;19.0;3;19.0
1984-03-29;19.0;3;19.0
1984-03-30;39.0;3;39.0
1984-03-31;32.0;3;32.0
1984-04-01;35.0;4;35.0
1984-04-02;51.0;4;51.0
1984-04-03;34.0;4;34.0
1984-04-04;30.0;4;30.0
1984-04-05;40.0;4;40.0
1984-04-06;29.0;4;29.0
1984-04-07;26.0;4;26.0
1984-04-08;24.0;4;24.0
1984-04-09;30.0;4;30.0
1984-04-10;29.0;4;29.0
1984-04-11;25.0;4;25.0
1984-04-12;24.0;4;24.0
1984-04-13;24.0;4;24.0
1984-04-14;24.0;4;24.0
1984-04-15;26.0;4;26.0
1984-04-16;24.0;4;24.0
1984-04-17;23.0;4;23.0
1984-04-18;20.0;4;20.0
1984-04-19;18.0;4;18.0
1984-04-20;17.0;4;17.0
1984-04-21;23.0;4;23.0
1984-04-22;24.0;4;24.0
1984-04-23;36.0;4;36.0
1984-04-24;70.0;4;70.0
1984-04-25;42.0;4;42.0
1984-04-26;43.0;4;43.0
1984-04-27;57.0;4;57.0
1984-04-28;75.0;4;75.0
1984-04-29;108.0;4;108.0
1984-04-30;62.0;4;62.0
1984-05-01;95.0;5;95.0
1984-05-02;92.0;5;92.0
1984-05-03;102.0;5;102.0
1984-05-04;58.0;5;58.0
1984-05-05;45.0;5;45.0
1984-05-06;37.0;5;37.0
1984-05-07;44.0;5;44.0
1984-05-08;49.0;5;49.0
1984-05-09;49.0;5;49.0
1984-05-10;62.0;5;62.0
1984-05-11;73.0;5;73.0
1984-05-12;81.0;5;81.0
1984-05-13;108.0;5;108.0
1984-05-14;127.0;5;127.0
1984-05-15;115.0;5;115.0
1984-05-16;84.0;5;84.0
1984-05-17;80.0;5;80.0
1984-05-18;65.0;5;65.0
1984-05-19;64.0;5;64.0
1984-05-20;59.0;5;59.0
1984-05-21;55.0;5;55.0
1984-05-22;64.0;5;64.0
1984-05-23;68.0;5;68.0
1984-05-24;73.0;5;73.0
1984-05-25;80.0;5;80.0
1984-05-26;130.0;5;130.0
1984-05-27;109.0;5;109.0
1984-05-28;90.0;5;90.0
1984-05-29;72.0;5;72.0
1984-05-30;62.0;5;62.0
1984-05-31;56.0;5;56.0
1984-06-01;76.0;6;76.0
1984-06-02;89.0;6;89.0
1984-06-03;74.0;6;74.0
1984-06-04;71.0;6;71.0
1984-06-05;65.0;6;65.0
1984-06-06;55.0;6;55.0
1984-06-07;69.0;6;69.0
1984-06-08;70.0;6;70.0
1984-06-09;63.0;6;63.0
1984-06-10;47.0;6;47.0
1984-06-11;42.0;6;42.0
1984-06-12;39.0;6;39.0
1984-06-13;38.0;6;38.0
1984-06-14;43.0;6;43.0
1984-06-15;47.0;6;47.0
1984-06-16;38.0;6;38.0
1984-06-17;37.0;6;37.0
1984-06-18;36.0;6;36.0
1984-06-19;33.0;6;33.0
1984-06-20;30.0;6;30.0
1984-06-21;29.0;6;29.0
1984-06-22;28.0;6;28.0
1984-06-23;30.0;6;30.0
1984-06-24;36.0;6;36.0
1984-06-25;35.0;6;35.0
1984-06-26;30.0;6;30.0
1984-06-27;29.0;6;29.0
1984-06-28;26.0;6;26.0
1984-06-29;26.0;6;26.0
1984-06-30;28.0;6;28.0
1984-07-01;37.0;7;37.0
1984-07-02;39.0;7;39.0
1984-07-03;32.0;7;32.0
1984-07-04;31.0;7;31.0
1984-07-05;35.0;7;35.0
1984-07-06;29.0;7;29.0
1984-07-07;27.0;7;27.0
1984-07-08;26.0;7;26.0
1984-07-09;31.0;7;31.0
1984-07-10;29.0;7;29.0
1984-07-11;27.0;7;27.0
1984-07-12;30.0;7;30.0
1984-07-13;42.0;7;42.0
1984-07-14;28.0;7;28.0
1984-07-15;29.0;7;29.0
1984-07-16;42.0;7;42.0
1984-07-17;30.0;7;30.0
1984-07-18;28.0;7;28.0
1984-07-19;32.0;7;32.0
1984-07-20;36.0;7;36.0
1984-07-21;35.0;7;35.0
1984-07-22;27.0;7;27.0
1984-07-23;24.0;7;24.0
1984-07-24;22.0;7;22.0
1984-07-25;21.0;7;21.0
1984-07-26;37.0;7;37.0
1984-07-27;32.0;7;32.0
1984-07-28;19.0;7;19.0
1984-07-29;28.0;7;28.0
1984-07-30;30.0;7;30.0
1984-07-31;29.0;7;29.0
1984-08-01;23.0;8;23.0
1984-08-02;20.0;8;20.0
1984-08-03;17.0;8;17.0
1984-08-04;42.0;8;42.0
1984-08-05;30.0;8;30.0
1984-08-06;24.0;8;24.0
1984-08-07;21.0;8;21.0
1984-08-08;19.0;8;19.0
1984-08-09;18.0;8;18.0
1984-08-10;20.0;8;20.0
1984-08-11;19.0;8;19.0
1984-08-12;21.0;8;21.0
1984-08-13;19.0;8;19.0
1984-08-14;17.0;8;17.0
1984-08-15;15.0;8;15.0
1984-08-16;13.0;8;13.0
1984-08-17;12.0;8;12.0
1984-08-18;32.0;8;32.0
1984-08-19;24.0;8;24.0
1984-08-20;62.0;8;62.0
1984-08-21;40.0;8;40.0
1984-08-22;62.0;8;62.0
1984-08-23;35.0;8;35.0
1984-08-24;26.0;8;26.0
1984-08-25;22.0;8;22.0
1984-08-26;23.0;8;23.0
1984-08-27;29.0;8;29.0
1984-08-28;23.0;8;23.0
1984-08-29;20.0;8;20.0
1984-08-30;18.0;8;18.0
1984-08-31;16.0;8;16.0
1984-09-01;15.0;9;15.0
1984-09-02;14.0;9;14.0
1984-09-03;14.0;9;14.0
1984-09-04;14.0;9;14.0
1984-09-05;14.0;9;14.0
1984-09-06;14.0;9;14.0
1984-09-07;20.0;9;20.0
1984-09-08;21.0;9;21.0
1984-09-09;27.0;9;27.0
1984-09-10;30.0;9;30.0
1984-09-11;35.0;9;35.0
1984-09-12;25.0;9;25.0
1984-09-13;30.0;9;30.0
1984-09-14;33.0;9;33.0
1984-09-15;29.0;9;29.0
1984-09-16;25.0;9;25.0
1984-09-17;22.0;9;22.0
1984-09-18;28.0;9;28.0
1984-09-19;65.0;9;65.0
1984-09-20;63.0;9;63.0
1984-09-21;50.0;9;50.0
1984-09-22;102.0;9;102.0
1984-09-23;61.0;9;61.0
1984-09-24;42.0;9;42.0
1984-09-25;39.0;9;39.0
1984-09-26;50.0;9;50.0
1984-09-27;39.0;9;39.0
1984-09-28;33.0;9;33.0
1984-09-29;44.0;9;44.0
1984-09-30;33.0;9;33.0
1984-10-01;29.0;10;29.0
1984-10-02;28.0;10;28.0
1984-10-03;26.0;10;26.0
1984-10-04;24.0;10;24.0
1984-10-05;23.0;10;23.0
1984-10-06;54.0;10;54.0
1984-10-07;37.0;10;37.0
1984-10-08;61.0;10;61.0
1984-10-09;49.0;10;49.0
1984-10-10;32.0;10;32.0
1984-10-11;29.0;10;29.0
1984-10-12;27.0;10;27.0
1984-10-13;26.0;10;26.0
1984-10-14;24.0;10;24.0
1984-10-15;45.0;10;45.0
1984-10-16;34.0;10;34.0
1984-10-17;44.0;10;44.0
1984-10-18;70.0;10;70.0
1984-10-19;61.0;10;61.0
1984-10-20;85.0;10;85.0
1984-10-21;46.0;10;46.0
1984-10-22;39.0;10;39.0
1984-10-23;43.0;10;43.0
1984-10-24;49.0;10;49.0
1984-10-25;89.0;10;89.0
1984-10-26;69.0;10;69.0
1984-10-27;52.0;10;52.0
1984-10-28;135.0;10;135.0
1984-10-29;184.0;10;184.0
1984-10-30;237.0;10;237.0
1984-10-31;219.0;10;219.0
1984-11-01;261.0;11;261.0
1984-11-02;167.0;11;167.0
1984-11-03;105.0;11;105.0
1984-11-04;81.0;11;81.0
1984-11-05;81.0;11;81.0
1984-11-06;137.0;11;137.0
1984-11-07;194.0;11;194.0
1984-11-08;103.0;11;103.0
1984-11-09;75.0;11;75.0
1984-11-10;65.0;11;65.0
1984-11-11;63.0;11;63.0
1984-11-12;94.0;11;94.0
1984-11-13;83.0;11;83.0
1984-11-14;72.0;11;72.0
1984-11-15;62.0;11;62.0
1984-11-16;53.0;11;53.0
1984-11-17;46.0;11;46.0
1984-11-18;43.0;11;43.0
1984-11-19;43.0;11;43.0
1984-11-20;44.0;11;44.0
1984-11-21;40.0;11;40.0
1984-11-22;39.0;11;39.0
1984-11-23;75.0;11;75.0
1984-11-24;83.0;11;83.0
1984-11-25;204.0;11;204.0
1984-11-26;190.0;11;190.0
1984-11-27;100.0;11;100.0
1984-11-28;135.0;11;135.0
1984-11-29;174.0;11;174.0
1984-11-30;92.0;11;92.0
1984-12-01;72.0;12;72.0
1984-12-02;62.0;12;62.0
1984-12-03;57.0;12;57.0
1984-12-04;55.0;12;55.0
1984-12-05;51.0;12;51.0
1984-12-06;47.0;12;47.0
1984-12-07;47.0;12;47.0
1984-12-08;51.0;12;51.0
1984-12-09;45.0;12;45.0
1984-12-10;44.0;12;44.0
1984-12-11;41.0;12;41.0
1984-12-12;61.0;12;61.0
1984-12-13;46.0;12;46.0
1984-12-14;38.0;12;38.0
1984-12-15;37.0;12;37.0
1984-12-16;40.0;12;40.0
1984-12-17;54.0;12;54.0
1984-12-18;44.0;12;44.0
1984-12-19;61.0;12;61.0
1984-12-20;41.0;12;41.0
1984-12-21;36.0;12;36.0
1984-12-22;36.0;12;36.0
1984-12-23;77.0;12;77.0
1984-12-24;74.0;12;74.0
1984-12-25;39.0;12;39.0
1984-12-26;34.0;12;34.0
1984-12-27;33.0;12;33.0
1984-12-28;31.0;12;31.0
1984-12-29;30.0;12;30.0
1984-12-30;29.0;12;29.0
1984-12-31;29.0;12;29.0
1985-01-01;35.0;1;35.0
1985-01-02;39.0;1;39.0
1985-01-03;30.0;1;30.0
1985-01-04;37.0;1;37.0
1985-01-05;122.0;1;122.0
1985-01-06;68.0;1;68.0
1985-01-07;54.0;1;54.0
1985-01-08;60.0;1;60.0
1985-01-09;122.0;1;122.0
1985-01-10;82.0;1;82.0
1985-01-11;50.0;1;50.0
1985-01-12;44.0;1;44.0
1985-01-13;55.0;1;55.0
1985-01-14;87.0;1;87.0
1985-01-15;58.0;1;58.0
1985-01-16;44.0;1;44.0
1985-01-17;39.0;1;39.0
1985-01-18;37.0;1;37.0
1985-01-19;37.0;1;37.0
1985-01-20;39.0;1;39.0
1985-01-21;47.0;1;47.0
1985-01-22;63.0;1;63.0
1985-01-23;125.0;1;125.0
1985-01-24;81.0;1;81.0
1985-01-25;59.0;1;59.0
1985-01-26;52.0;1;52.0
1985-01-27;108.0;1;108.0
1985-01-28;120.0;1;120.0
1985-01-29;73.0;1;73.0
1985-01-30;59.0;1;59.0
1985-01-31;50.0;1;50.0
1985-02-01;48.0;2;48.0
1985-02-02;46.0;2;46.0
1985-02-03;43.0;2;43.0
1985-02-04;41.0;2;41.0
1985-02-05;38.0;2;38.0
1985-02-06;38.0;2;38.0
1985-02-07;37.0;2;37.0
1985-02-08;37.0;2;37.0
1985-02-09;36.0;2;36.0
1985-02-10;35.0;2;35.0
1985-02-11;33.0;2;33.0
1985-02-12;33.0;2;33.0
1985-02-13;31.0;2;31.0
1985-02-14;30.0;2;30.0
1985-02-15;28.0;2;28.0
1985-02-16;28.0;2;28.0
1985-02-17;26.0;2;26.0
1985-02-18;25.0;2;25.0
1985-02-19;24.0;2;24.0
1985-02-20;23.0;2;23.0
1985-02-21;22.0;2;22.0
1985-02-22;22.0;2;22.0
1985-02-23;24.0;2;24.0
1985-02-24;29.0;2;29.0
1985-02-25;29.0;2;29.0
1985-02-26;27.0;2;27.0
1985-02-27;23.0;2;23.0
1985-02-28;22.0;2;22.0
1985-03-01;20.0;3;20.0
1985-03-02;19.0;3;19.0
1985-03-03;20.0;3;20.0
1985-03-04;20.0;3;20.0
1985-03-05;18.0;3;18.0
1985-03-06;24.0;3;24.0
1985-03-07;22.0;3;22.0
1985-03-08;21.0;3;21.0
1985-03-09;19.0;3;19.0
1985-03-10;25.0;3;25.0
1985-03-11;21.0;3;21.0
1985-03-12;23.0;3;23.0
1985-03-13;25.0;3;25.0
1985-03-14;21.0;3;21.0
1985-03-15;19.0;3;19.0
1985-03-16;18.0;3;18.0
1985-03-17;18.0;3;18.0
1985-03-18;17.0;3;17.0
1985-03-19;22.0;3;22.0
1985-03-20;57.0;3;57.0
1985-03-21;31.0;3;31.0
1985-03-22;23.0;3;23.0
1985-03-23;20.0;3;20.0
1985-03-24;22.0;3;22.0
1985-03-25;20.0;3;20.0
1985-03-26;19.0;3;19.0
1985-03-27;18.0;3;18.0
1985-03-28;18.0;3;18.0
1985-03-29;17.0;3;17.0
1985-03-30;20.0;3;20.0
1985-03-31;39.0;3;39.0
1985-04-01;62.0;4;62.0
1985-04-02;46.0;4;46.0
1985-04-03;36.0;4;36.0
1985-04-04;29.0;4;29.0
1985-04-05;27.0;4;27.0
1985-04-06;25.0;4;25.0
1985-04-07;24.0;4;24.0
1985-04-08;23.0;4;23.0
1985-04-09;27.0;4;27.0
1985-04-10;27.0;4;27.0
1985-04-11;24.0;4;24.0
1985-04-12;20.0;4;20.0
1985-04-13;20.0;4;20.0
1985-04-14;18.0;4;18.0
1985-04-15;17.0;4;17.0
1985-04-16;17.0;4;17.0
1985-04-17;16.0;4;16.0
1985-04-18;15.0;4;15.0
1985-04-19;14.0;4;14.0
1985-04-20;18.0;4;18.0
1985-04-21;20.0;4;20.0
1985-04-22;17.0;4;17.0
1985-04-23;20.0;4;20.0
1985-04-24;49.0;4;49.0
1985-04-25;66.0;4;66.0
1985-04-26;66.0;4;66.0
1985-04-27;56.0;4;56.0
1985-04-28;44.0;4;44.0
1985-04-29;44.0;4;44.0
1985-04-30;41.0;4;41.0
1985-05-01;42.0;5;42.0
1985-05-02;31.0;5;31.0
1985-05-03;27.0;5;27.0
1985-05-04;27.0;5;27.0
1985-05-05;25.0;5;25.0
1985-05-06;23.0;5;23.0
1985-05-07;23.0;5;23.0
1985-05-08;21.0;5;21.0
1985-05-09;28.0;5;28.0
1985-05-10;27.0;5;27.0
1985-05-11;47.0;5;47.0
1985-05-12;55.0;5;55.0
1985-05-13;47.0;5;47.0
1985-05-14;38.0;5;38.0
1985-05-15;44.0;5;44.0
1985-05-16;63.0;5;63.0
1985-05-17;43.0;5;43.0
1985-05-18;40.0;5;40.0
1985-05-19;40.0;5;40.0
1985-05-20;39.0;5;39.0
1985-05-21;35.0;5;35.0
1985-05-22;31.0;5;31.0
1985-05-23;29.0;5;29.0
1985-05-24;28.0;5;28.0
1985-05-25;34.0;5;34.0
1985-05-26;30.0;5;30.0
1985-05-27;37.0;5;37.0
1985-05-28;33.0;5;33.0
1985-05-29;40.0;5;40.0
1985-05-30;35.0;5;35.0
1985-05-31;34.0;5;34.0
1985-06-01;37.0;6;37.0
1985-06-02;61.0;6;61.0
1985-06-03;68.0;6;68.0
1985-06-04;80.0;6;80.0
1985-06-05;31.0;6;31.0
1985-06-06;27.0;6;27.0
1985-06-07;28.0;6;28.0
1985-06-08;28.0;6;28.0
1985-06-09;43.0;6;43.0
1985-06-10;39.0;6;39.0
1985-06-11;36.0;6;36.0
1985-06-12;28.0;6;28.0
1985-06-13;24.0;6;24.0
1985-06-14;21.0;6;21.0
1985-06-15;20.0;6;20.0
1985-06-16;19.0;6;19.0
1985-06-17;18.0;6;18.0
1985-06-18;18.0;6;18.0
1985-06-19;19.0;6;19.0
1985-06-20;17.0;6;17.0
1985-06-21;14.0;6;14.0
1985-06-22;13.0;6;13.0
1985-06-23;13.0;6;13.0
1985-06-24;13.0;6;13.0
1985-06-25;15.0;6;15.0
1985-06-26;25.0;6;25.0
1985-06-27;23.0;6;23.0
1985-06-28;19.0;6;19.0
1985-06-29;15.0;6;15.0
1985-06-30;23.0;6;23.0
1985-07-01;23.0;7;23.0
1985-07-02;18.0;7;18.0
1985-07-03;15.0;7;15.0
1985-07-04;13.0;7;13.0
1985-07-05;12.0;7;12.0
1985-07-06;11.0;7;11.0
1985-07-07;10.0;7;10.0
1985-07-08;10.0;7;10.0
1985-07-09;10.0;7;10.0
1985-07-10;10.0;7;10.0
1985-07-11;10.0;7;10.0
1985-07-12;22.0;7;22.0
1985-07-13;17.0;7;17.0
1985-07-14;36.0;7;36.0
1985-07-15;37.0;7;37.0
1985-07-16;36.0;7;36.0
1985-07-17;27.0;7;27.0
1985-07-18;22.0;7;22.0
1985-07-19;16.0;7;16.0
1985-07-20;14.0;7;14.0
1985-07-21;29.0;7;29.0
1985-07-22;26.0;7;26.0
1985-07-23;14.0;7;14.0
1985-07-24;11.0;7;11.0
1985-07-25;12.0;7;12.0
1985-07-26;13.0;7;13.0
1985-07-27;12.0;7;12.0
1985-07-28;12.0;7;12.0
1985-07-29;12.0;7;12.0
1985-07-30;15.0;7;15.0
1985-07-31;13.0;7;13.0
1985-08-01;13.0;8;13.0
1985-08-02;12.0;8;12.0
1985-08-03;13.0;8;13.0
1985-08-04;15.0;8;15.0
1985-08-05;18.0;8;18.0
1985-08-06;14.0;8;14.0
1985-08-07;15.0;8;15.0
1985-08-08;22.0;8;22.0
1985-08-09;34.0;8;34.0
1985-08-10;30.0;8;30.0
1985-08-11;21.0;8;21.0
1985-08-12;14.0;8;14.0
1985-08-13;12.0;8;12.0
1985-08-14;13.0;8;13.0
1985-08-15;18.0;8;18.0
1985-08-16;13.0;8;13.0
1985-08-17;12.0;8;12.0
1985-08-18;15.0;8;15.0
1985-08-19;18.0;8;18.0
1985-08-20;31.0;8;31.0
1985-08-21;32.0;8;32.0
1985-08-22;30.0;8;30.0
1985-08-23;19.0;8;19.0
1985-08-24;16.0;8;16.0
1985-08-25;14.0;8;14.0
1985-08-26;20.0;8;20.0
1985-08-27;30.0;8;30.0
1985-08-28;18.0;8;18.0
1985-08-29;18.0;8;18.0
1985-08-30;18.0;8;18.0
1985-08-31;14.0;8;14.0
1985-09-01;13.0;9;13.0
1985-09-02;12.0;9;12.0
1985-09-03;10.0;9;10.0
1985-09-04;12.0;9;12.0
1985-09-05;10.0;9;10.0
1985-09-06;11.0;9;11.0
1985-09-07;13.0;9;13.0
1985-09-08;26.0;9;26.0
1985-09-09;24.0;9;24.0
1985-09-10;28.0;9;28.0
1985-09-11;18.0;9;18.0
1985-09-12;16.0;9;16.0
1985-09-13;15.0;9;15.0
1985-09-14;15.0;9;15.0
1985-09-15;12.0;9;12.0
1985-09-16;12.0;9;12.0
1985-09-17;10.0;9;10.0
1985-09-18;10.0;9;10.0
1985-09-19;9.0;9;9.0
1985-09-20;8.0;9;8.0
1985-09-21;8.0;9;8.0
1985-09-22;7.0;9;7.0
1985-09-23;7.0;9;7.0
1985-09-24;7.0;9;7.0
1985-09-25;10.0;9;10.0
1985-09-26;41.0;9;41.0
1985-09-27;39.0;9;39.0
1985-09-28;41.0;9;41.0
1985-09-29;27.0;9;27.0
1985-09-30;49.0;9;49.0
1985-10-01;26.0;10;26.0
1985-10-02;20.0;10;20.0
1985-10-03;16.0;10;16.0
1985-10-04;15.0;10;15.0
1985-10-05;16.0;10;16.0
1985-10-06;22.0;10;22.0
1985-10-07;18.0;10;18.0
1985-10-08;17.0;10;17.0
1985-10-09;25.0;10;25.0
1985-10-10;25.0;10;25.0
1985-10-11;21.0;10;21.0
1985-10-12;15.0;10;15.0
1985-10-13;12.0;10;12.0
1985-10-14;11.0;10;11.0
1985-10-15;10.0;10;10.0
1985-10-16;9.0;10;9.0
1985-10-17;21.0;10;21.0
1985-10-18;15.0;10;15.0
1985-10-19;21.0;10;21.0
1985-10-20;83.0;10;83.0
1985-10-21;62.0;10;62.0
1985-10-22;52.0;10;52.0
1985-10-23;43.0;10;43.0
1985-10-24;58.0;10;58.0
1985-10-25;92.0;10;92.0
1985-10-26;47.0;10;47.0
1985-10-27;44.0;10;44.0
1985-10-28;147.0;10;147.0
1985-10-29;174.0;10;174.0
1985-10-30;115.0;10;115.0
1985-10-31;99.0;10;99.0
1985-11-01;53.0;11;53.0
1985-11-02;41.0;11;41.0
1985-11-03;34.0;11;34.0
1985-11-04;30.0;11;30.0
1985-11-05;27.0;11;27.0
1985-11-06;66.0;11;66.0
1985-11-07;42.0;11;42.0
1985-11-08;34.0;11;34.0
1985-11-09;28.0;11;28.0
1985-11-10;25.0;11;25.0
1985-11-11;22.0;11;22.0
1985-11-12;25.0;11;25.0
1985-11-13;60.0;11;60.0
1985-11-14;132.0;11;132.0
1985-11-15;116.0;11;116.0
1985-11-16;80.0;11;80.0
1985-11-17;52.0;11;52.0
1985-11-18;44.0;11;44.0
1985-11-19;40.0;11;40.0
1985-11-20;37.0;11;37.0
1985-11-21;37.0;11;37.0
1985-11-22;48.0;11;48.0
1985-11-23;217.0;11;217.0
1985-11-24;84.0;11;84.0
1985-11-25;54.0;11;54.0
1985-11-26;45.0;11;45.0
1985-11-27;42.0;11;42.0
1985-11-28;77.0;11;77.0
1985-11-29;49.0;11;49.0
1985-11-30;52.0;11;52.0
1985-12-01;46.0;12;46.0
1985-12-02;37.0;12;37.0
1985-12-03;36.0;12;36.0
1985-12-04;31.0;12;31.0
1985-12-05;33.0;12;33.0
1985-12-06;34.0;12;34.0
1985-12-07;36.0;12;36.0
1985-12-08;33.0;12;33.0
1985-12-09;30.0;12;30.0
1985-12-10;28.0;12;28.0
1985-12-11;25.0;12;25.0
1985-12-12;24.0;12;24.0
1985-12-13;23.0;12;23.0
1985-12-14;22.0;12;22.0
1985-12-15;21.0;12;21.0
1985-12-16;23.0;12;23.0
1985-12-17;20.0;12;20.0
1985-12-18;18.0;12;18.0
1985-12-19;17.0;12;17.0
1985-12-20;16.0;12;16.0
1985-12-21;15.0;12;15.0
1985-12-22;15.0;12;15.0
1985-12-23;14.0;12;14.0
1985-12-24;14.0;12;14.0
1985-12-25;18.0;12;18.0
1985-12-26;14.0;12;14.0
1985-12-27;18.0;12;18.0
1985-12-28;68.0;12;68.0
1985-12-29;178.0;12;178.0
1985-12-30;109.0;12;109.0
1985-12-31;53.0;12;53.0
1986-01-01;48.0;1;48.0
1986-01-02;43.0;1;43.0
1986-01-03;39.0;1;39.0
1986-01-04;39.0;1;39.0
1986-01-05;54.0;1;54.0
1986-01-06;42.0;1;42.0
1986-01-07;37.0;1;37.0
1986-01-08;34.0;1;34.0
1986-01-09;33.0;1;33.0
1986-01-10;33.0;1;33.0
1986-01-11;32.0;1;32.0
1986-01-12;30.0;1;30.0
1986-01-13;29.0;1;29.0
1986-01-14;28.0;1;28.0
1986-01-15;27.0;1;27.0
1986-01-16;33.0;1;33.0
1986-01-17;36.0;1;36.0
1986-01-18;107.0;1;107.0
1986-01-19;206.0;1;206.0
1986-01-20;155.0;1;155.0
1986-01-21;108.0;1;108.0
1986-01-22;69.0;1;69.0
1986-01-23;57.0;1;57.0
1986-01-24;101.0;1;101.0
1986-01-25;65.0;1;65.0
1986-01-26;50.0;1;50.0
1986-01-27;58.0;1;58.0
1986-01-28;50.0;1;50.0
1986-01-29;47.0;1;47.0
1986-01-30;41.0;1;41.0
1986-01-31;53.0;1;53.0
1986-02-01;54.0;2;54.0
1986-02-02;39.0;2;39.0
1986-02-03;38.0;2;38.0
1986-02-04;39.0;2;39.0
1986-02-05;44.0;2;44.0
1986-02-06;37.0;2;37.0
1986-02-07;35.0;2;35.0
1986-02-08;34.0;2;34.0
1986-02-09;33.0;2;33.0
1986-02-10;38.0;2;38.0
1986-02-11;32.0;2;32.0
1986-02-12;31.0;2;31.0
1986-02-13;35.0;2;35.0
1986-02-14;45.0;2;45.0
1986-02-15;89.0;2;89.0
1986-02-16;72.0;2;72.0
1986-02-17;90.0;2;90.0
1986-02-18;102.0;2;102.0
1986-02-19;112.0;2;112.0
1986-02-20;63.0;2;63.0
1986-02-21;50.0;2;50.0
1986-02-22;48.0;2;48.0
1986-02-23;48.0;2;48.0
1986-02-24;73.0;2;73.0
1986-02-25;133.0;2;133.0
1986-02-26;127.0;2;127.0
1986-02-27;86.0;2;86.0
1986-02-28;110.0;2;110.0
1986-03-01;151.0;3;151.0
1986-03-02;98.0;3;98.0
1986-03-03;116.0;3;116.0
1986-03-04;141.0;3;141.0
1986-03-05;102.0;3;102.0
1986-03-06;75.0;3;75.0
1986-03-07;67.0;3;67.0
1986-03-08;70.0;3;70.0
1986-03-09;58.0;3;58.0
1986-03-10;61.0;3;61.0
1986-03-11;123.0;3;123.0
1986-03-12;109.0;3;109.0
1986-03-13;88.0;3;88.0
1986-03-14;104.0;3;104.0
1986-03-15;74.0;3;74.0
1986-03-16;71.0;3;71.0
1986-03-17;67.0;3;67.0
1986-03-18;58.0;3;58.0
1986-03-19;54.0;3;54.0
1986-03-20;52.0;3;52.0
1986-03-21;49.0;3;49.0
1986-03-22;48.0;3;48.0
1986-03-23;46.0;3;46.0
1986-03-24;44.0;3;44.0
1986-03-25;42.0;3;42.0
1986-03-26;40.0;3;40.0
1986-03-27;42.0;3;42.0
1986-03-28;39.0;3;39.0
1986-03-29;38.0;3;38.0
1986-03-30;37.0;3;37.0
1986-03-31;36.0;3;36.0
1986-04-01;35.0;4;35.0
1986-04-02;35.0;4;35.0
1986-04-03;34.0;4;34.0
1986-04-04;34.0;4;34.0
1986-04-05;36.0;4;36.0
1986-04-06;37.0;4;37.0
1986-04-07;79.0;4;79.0
1986-04-08;62.0;4;62.0
1986-04-09;57.0;4;57.0
1986-04-10;57.0;4;57.0
1986-04-11;43.0;4;43.0
1986-04-12;38.0;4;38.0
1986-04-13;36.0;4;36.0
1986-04-14;39.0;4;39.0
1986-04-15;60.0;4;60.0
1986-04-16;40.0;4;40.0
1986-04-17;38.0;4;38.0
1986-04-18;35.0;4;35.0
1986-04-19;70.0;4;70.0
1986-04-20;54.0;4;54.0
1986-04-21;87.0;4;87.0
1986-04-22;43.0;4;43.0
1986-04-23;40.0;4;40.0
1986-04-24;39.0;4;39.0
1986-04-25;44.0;4;44.0
1986-04-26;92.0;4;92.0
1986-04-27;49.0;4;49.0
1986-04-28;43.0;4;43.0
1986-04-29;40.0;4;40.0
1986-04-30;38.0;4;38.0
1986-05-01;33.0;5;33.0
1986-05-02;31.0;5;31.0
1986-05-03;32.0;5;32.0
1986-05-04;45.0;5;45.0
1986-05-05;141.0;5;141.0
1986-05-06;51.0;5;51.0
1986-05-07;41.0;5;41.0
1986-05-08;38.0;5;38.0
1986-05-09;37.0;5;37.0
1986-05-10;34.0;5;34.0
1986-05-11;33.0;5;33.0
1986-05-12;31.0;5;31.0
1986-05-13;30.0;5;30.0
1986-05-14;30.0;5;30.0
1986-05-15;29.0;5;29.0
1986-05-16;28.0;5;28.0
1986-05-17;28.0;5;28.0
1986-05-18;27.0;5;27.0
1986-05-19;27.0;5;27.0
1986-05-20;26.0;5;26.0
1986-05-21;25.0;5;25.0
1986-05-22;23.0;5;23.0
1986-05-23;34.0;5;34.0
1986-05-24;37.0;5;37.0
1986-05-25;33.0;5;33.0
1986-05-26;44.0;5;44.0
1986-05-27;72.0;5;72.0
1986-05-28;86.0;5;86.0
1986-05-29;47.0;5;47.0
1986-05-30;36.0;5;36.0
1986-05-31;32.0;5;32.0
1986-06-01;36.0;6;36.0
1986-06-02;40.0;6;40.0
1986-06-03;35.0;6;35.0
1986-06-04;31.0;6;31.0
1986-06-05;32.0;6;32.0
1986-06-06;31.0;6;31.0
1986-06-07;32.0;6;32.0
1986-06-08;34.0;6;34.0
1986-06-09;54.0;6;54.0
1986-06-10;34.0;6;34.0
1986-06-11;29.0;6;29.0
1986-06-12;27.0;6;27.0
1986-06-13;27.0;6;27.0
1986-06-14;32.0;6;32.0
1986-06-15;29.0;6;29.0
1986-06-16;28.0;6;28.0
1986-06-17;27.0;6;27.0
1986-06-18;28.0;6;28.0
1986-06-19;28.0;6;28.0
1986-06-20;33.0;6;33.0
1986-06-21;47.0;6;47.0
1986-06-22;46.0;6;46.0
1986-06-23;42.0;6;42.0
1986-06-24;46.0;6;46.0
1986-06-25;49.0;6;49.0
1986-06-26;50.0;6;50.0
1986-06-27;46.0;6;46.0
1986-06-28;49.0;6;49.0
1986-06-29;47.0;6;47.0
1986-06-30;50.0;6;50.0
1986-07-01;44.0;7;44.0
1986-07-02;41.0;7;41.0
1986-07-03;47.0;7;47.0
1986-07-04;45.0;7;45.0
1986-07-05;38.0;7;38.0
1986-07-06;37.0;7;37.0
1986-07-07;64.0;7;64.0
1986-07-08;45.0;7;45.0
1986-07-09;38.0;7;38.0
1986-07-10;28.0;7;28.0
1986-07-11;32.0;7;32.0
1986-07-12;30.0;7;30.0
1986-07-13;29.0;7;29.0
1986-07-14;25.0;7;25.0
1986-07-15;23.0;7;23.0
1986-07-16;22.0;7;22.0
1986-07-17;23.0;7;23.0
1986-07-18;29.0;7;29.0
1986-07-19;23.0;7;23.0
1986-07-20;20.0;7;20.0
1986-07-21;18.0;7;18.0
1986-07-22;19.0;7;19.0
1986-07-23;41.0;7;41.0
1986-07-24;29.0;7;29.0
1986-07-25;20.0;7;20.0
1986-07-26;17.0;7;17.0
1986-07-27;16.0;7;16.0
1986-07-28;17.0;7;17.0
1986-07-29;16.0;7;16.0
1986-07-30;14.0;7;14.0
1986-07-31;13.0;7;13.0
1986-08-01;14.0;8;14.0
1986-08-02;16.0;8;16.0
1986-08-03;18.0;8;18.0
1986-08-04;13.0;8;13.0
1986-08-05;13.0;8;13.0
1986-08-06;14.0;8;14.0
1986-08-07;13.0;8;13.0
1986-08-08;14.0;8;14.0
1986-08-09;12.0;8;12.0
1986-08-10;12.0;8;12.0
1986-08-11;12.0;8;12.0
1986-08-12;11.0;8;11.0
1986-08-13;13.0;8;13.0
1986-08-14;13.0;8;13.0
1986-08-15;13.0;8;13.0
1986-08-16;11.0;8;11.0
1986-08-17;10.0;8;10.0
1986-08-18;20.0;8;20.0
1986-08-19;18.0;8;18.0
1986-08-20;14.0;8;14.0
1986-08-21;12.0;8;12.0
1986-08-22;10.0;8;10.0
1986-08-23;10.0;8;10.0
1986-08-24;13.0;8;13.0
1986-08-25;13.0;8;13.0
1986-08-26;12.0;8;12.0
1986-08-27;13.0;8;13.0
1986-08-28;14.0;8;14.0
1986-08-29;13.0;8;13.0
1986-08-30;12.0;8;12.0
1986-08-31;12.0;8;12.0
1986-09-01;13.0;9;13.0
1986-09-02;12.0;9;12.0
1986-09-03;12.0;9;12.0
1986-09-04;13.0;9;13.0
1986-09-05;14.0;9;14.0
1986-09-06;12.0;9;12.0
1986-09-07;12.0;9;12.0
1986-09-08;11.0;9;11.0
1986-09-09;10.0;9;10.0
1986-09-10;23.0;9;23.0
1986-09-11;15.0;9;15.0
1986-09-12;18.0;9;18.0
1986-09-13;14.0;9;14.0
1986-09-14;12.0;9;12.0
1986-09-15;10.0;9;10.0
1986-09-16;9.0;9;9.0
1986-09-17;7.0;9;7.0
1986-09-18;6.0;9;6.0
1986-09-19;6.0;9;6.0
1986-09-20;6.0;9;6.0
1986-09-21;7.0;9;7.0
1986-09-22;9.0;9;9.0
1986-09-23;9.0;9;9.0
1986-09-24;12.0;9;12.0
1986-09-25;24.0;9;24.0
1986-09-26;18.0;9;18.0
1986-09-27;21.0;9;21.0
1986-09-28;26.0;9;26.0
1986-09-29;33.0;9;33.0
1986-09-30;24.0;9;24.0
1986-10-01;19.0;10;19.0
1986-10-02;56.0;10;56.0
1986-10-03;35.0;10;35.0
1986-10-04;38.0;10;38.0
1986-10-05;25.0;10;25.0
1986-10-06;44.0;10;44.0
1986-10-07;36.0;10;36.0
1986-10-08;38.0;10;38.0
1986-10-09;58.0;10;58.0
1986-10-10;45.0;10;45.0
1986-10-11;33.0;10;33.0
1986-10-12;37.0;10;37.0
1986-10-13;29.0;10;29.0
1986-10-14;54.0;10;54.0
1986-10-15;57.0;10;57.0
1986-10-16;38.0;10;38.0
1986-10-17;30.0;10;30.0
1986-10-18;32.0;10;32.0
1986-10-19;39.0;10;39.0
1986-10-20;39.0;10;39.0
1986-10-21;74.0;10;74.0
1986-10-22;43.0;10;43.0
1986-10-23;37.0;10;37.0
1986-10-24;34.0;10;34.0
1986-10-25;37.0;10;37.0
1986-10-26;42.0;10;42.0
1986-10-27;43.0;10;43.0
1986-10-28;52.0;10;52.0
1986-10-29;81.0;10;81.0
1986-10-30;49.0;10;49.0
1986-10-31;69.0;10;69.0
1986-11-01;85.0;11;85.0
1986-11-02;51.0;11;51.0
1986-11-03;52.0;11;52.0
1986-11-04;48.0;11;48.0
1986-11-05;42.0;11;42.0
1986-11-06;42.0;11;42.0
1986-11-07;34.0;11;34.0
1986-11-08;48.0;11;48.0
1986-11-09;71.0;11;71.0
1986-11-10;56.0;11;56.0
1986-11-11;37.0;11;37.0
1986-11-12;32.0;11;32.0
1986-11-13;30.0;11;30.0
1986-11-14;27.0;11;27.0
1986-11-15;25.0;11;25.0
1986-11-16;23.0;11;23.0
1986-11-17;23.0;11;23.0
1986-11-18;32.0;11;32.0
1986-11-19;28.0;11;28.0
1986-11-20;28.0;11;28.0
1986-11-21;25.0;11;25.0
1986-11-22;23.0;11;23.0
1986-11-23;25.0;11;25.0
1986-11-24;79.0;11;79.0
1986-11-25;26.0;11;26.0
1986-11-26;35.0;11;35.0
1986-11-27;96.0;11;96.0
1986-11-28;75.0;11;75.0
1986-11-29;48.0;11;48.0
1986-11-30;37.0;11;37.0
1986-12-01;62.0;12;62.0
1986-12-02;32.0;12;32.0
1986-12-03;48.0;12;48.0
1986-12-04;45.0;12;45.0
1986-12-05;35.0;12;35.0
1986-12-06;32.0;12;32.0
1986-12-07;30.0;12;30.0
1986-12-08;30.0;12;30.0
1986-12-09;29.0;12;29.0
1986-12-10;29.0;12;29.0
1986-12-11;25.0;12;25.0
1986-12-12;23.0;12;23.0
1986-12-13;24.0;12;24.0
1986-12-14;22.0;12;22.0
1986-12-15;31.0;12;31.0
1986-12-16;33.0;12;33.0
1986-12-17;27.0;12;27.0
1986-12-18;24.0;12;24.0
1986-12-19;23.0;12;23.0
1986-12-20;19.0;12;19.0
1986-12-21;19.0;12;19.0
1986-12-22;19.0;12;19.0
1986-12-23;19.0;12;19.0
1986-12-24;19.0;12;19.0
1986-12-25;21.0;12;21.0
1986-12-26;19.0;12;19.0
1986-12-27;16.0;12;16.0
1986-12-28;16.0;12;16.0
1986-12-29;15.0;12;15.0
1986-12-30;16.0;12;16.0
1986-12-31;16.0;12;16.0
1987-01-01;27.0;1;27.0
1987-01-02;20.0;1;20.0
1987-01-03;19.0;1;19.0
1987-01-04;19.0;1;19.0
1987-01-05;19.0;1;19.0
1987-01-06;18.0;1;18.0
1987-01-07;23.0;1;23.0
1987-01-08;29.0;1;29.0
1987-01-09;21.0;1;21.0
1987-01-10;21.0;1;21.0
1987-01-11;20.0;1;20.0
1987-01-12;19.0;1;19.0
1987-01-13;19.0;1;19.0
1987-01-14;18.0;1;18.0
1987-01-15;17.0;1;17.0
1987-01-16;14.0;1;14.0
1987-01-17;13.0;1;13.0
1987-01-18;13.0;1;13.0
1987-01-19;13.0;1;13.0
1987-01-20;13.0;1;13.0
1987-01-21;13.0;1;13.0
1987-01-22;15.0;1;15.0
1987-01-23;17.0;1;17.0
1987-01-24;15.0;1;15.0
1987-01-25;15.0;1;15.0
1987-01-26;14.0;1;14.0
1987-01-27;13.0;1;13.0
1987-01-28;13.0;1;13.0
1987-01-29;12.0;1;12.0
1987-01-30;12.0;1;12.0
1987-01-31;12.0;1;12.0
1987-02-01;12.0;2;12.0
1987-02-02;12.0;2;12.0
1987-02-03;10.0;2;10.0
1987-02-04;11.0;2;11.0
1987-02-05;10.0;2;10.0
1987-02-06;10.0;2;10.0
1987-02-07;10.0;2;10.0
1987-02-08;14.0;2;14.0
1987-02-09;12.0;2;12.0
1987-02-10;12.0;2;12.0
1987-02-11;11.0;2;11.0
1987-02-12;12.0;2;12.0
1987-02-13;39.0;2;39.0
1987-02-14;28.0;2;28.0
1987-02-15;30.0;2;30.0
1987-02-16;21.0;2;21.0
1987-02-17;22.0;2;22.0
1987-02-18;19.0;2;19.0
1987-02-19;18.0;2;18.0
1987-02-20;17.0;2;17.0
1987-02-21;16.0;2;16.0
1987-02-22;15.0;2;15.0
1987-02-23;15.0;2;15.0
1987-02-24;14.0;2;14.0
1987-02-25;11.0;2;11.0
1987-02-26;10.0;2;10.0
1987-02-27;10.0;2;10.0
1987-02-28;9.0;2;9.0
1987-03-01;9.0;3;9.0
1987-03-02;9.0;3;9.0
1987-03-03;9.0;3;9.0
1987-03-04;18.0;3;18.0
1987-03-05;17.0;3;17.0
1987-03-06;41.0;3;41.0
1987-03-07;22.0;3;22.0
1987-03-08;61.0;3;61.0
1987-03-09;37.0;3;37.0
1987-03-10;52.0;3;52.0
1987-03-11;33.0;3;33.0
1987-03-12;28.0;3;28.0
1987-03-13;33.0;3;33.0
1987-03-14;35.0;3;35.0
1987-03-15;28.0;3;28.0
1987-03-16;24.0;3;24.0
1987-03-17;23.0;3;23.0
1987-03-18;24.0;3;24.0
1987-03-19;21.0;3;21.0
1987-03-20;20.0;3;20.0
1987-03-21;19.0;3;19.0
1987-03-22;18.0;3;18.0
1987-03-23;17.0;3;17.0
1987-03-24;17.0;3;17.0
1987-03-25;15.0;3;15.0
1987-03-26;14.0;3;14.0
1987-03-27;15.0;3;15.0
1987-03-28;16.0;3;16.0
1987-03-29;17.0;3;17.0
1987-03-30;16.0;3;16.0
1987-03-31;19.0;3;19.0
1987-04-01;21.0;4;21.0
1987-04-02;76.0;4;76.0
1987-04-03;135.0;4;135.0
1987-04-04;71.0;4;71.0
1987-04-05;87.0;4;87.0
1987-04-06;34.0;4;34.0
1987-04-07;28.0;4;28.0
1987-04-08;29.0;4;29.0
1987-04-09;35.0;4;35.0
1987-04-10;27.0;4;27.0
1987-04-11;25.0;4;25.0
1987-04-12;23.0;4;23.0
1987-04-13;22.0;4;22.0
1987-04-14;21.0;4;21.0
1987-04-15;20.0;4;20.0
1987-04-16;19.0;4;19.0
1987-04-17;18.0;4;18.0
1987-04-18;17.0;4;17.0
1987-04-19;15.0;4;15.0
1987-04-20;16.0;4;16.0
1987-04-21;15.0;4;15.0
1987-04-22;14.0;4;14.0
1987-04-23;13.0;4;13.0
1987-04-24;13.0;4;13.0
1987-04-25;27.0;4;27.0
1987-04-26;29.0;4;29.0
1987-04-27;25.0;4;25.0
1987-04-28;31.0;4;31.0
1987-04-29;40.0;4;40.0
1987-04-30;44.0;4;44.0
1987-05-01;43.0;5;43.0
1987-05-02;28.0;5;28.0
1987-05-03;35.0;5;35.0
1987-05-04;120.0;5;120.0
1987-05-05;45.0;5;45.0
1987-05-06;75.0;5;75.0
1987-05-07;59.0;5;59.0
1987-05-08;49.0;5;49.0
1987-05-09;37.0;5;37.0
1987-05-10;31.0;5;31.0
1987-05-11;27.0;5;27.0
1987-05-12;26.0;5;26.0
1987-05-13;27.0;5;27.0
1987-05-14;36.0;5;36.0
1987-05-15;27.0;5;27.0
1987-05-16;28.0;5;28.0
1987-05-17;88.0;5;88.0
1987-05-18;42.0;5;42.0
1987-05-19;31.0;5;31.0
1987-05-20;27.0;5;27.0
1987-05-21;36.0;5;36.0
1987-05-22;35.0;5;35.0
1987-05-23;55.0;5;55.0
1987-05-24;162.0;5;162.0
1987-05-25;57.0;5;57.0
1987-05-26;42.0;5;42.0
1987-05-27;44.0;5;44.0
1987-05-28;36.0;5;36.0
1987-05-29;32.0;5;32.0
1987-05-30;29.0;5;29.0
1987-05-31;25.0;5;25.0
1987-06-01;27.0;6;27.0
1987-06-02;27.0;6;27.0
1987-06-03;23.0;6;23.0
1987-06-04;23.0;6;23.0
1987-06-05;26.0;6;26.0
1987-06-06;26.0;6;26.0
1987-06-07;22.0;6;22.0
1987-06-08;22.0;6;22.0
1987-06-09;22.0;6;22.0
1987-06-10;23.0;6;23.0
1987-06-11;22.0;6;22.0
1987-06-12;21.0;6;21.0
1987-06-13;19.0;6;19.0
1987-06-14;20.0;6;20.0
1987-06-15;18.0;6;18.0
1987-06-16;17.0;6;17.0
1987-06-17;15.0;6;15.0
1987-06-18;14.0;6;14.0
1987-06-19;12.0;6;12.0
1987-06-20;13.0;6;13.0
1987-06-21;13.0;6;13.0
1987-06-22;12.0;6;12.0
1987-06-23;11.0;6;11.0
1987-06-24;13.0;6;13.0
1987-06-25;22.0;6;22.0
1987-06-26;21.0;6;21.0
1987-06-27;22.0;6;22.0
1987-06-28;14.0;6;14.0
1987-06-29;12.0;6;12.0
1987-06-30;10.0;6;10.0
1987-07-01;10.0;7;10.0
1987-07-02;10.0;7;10.0
1987-07-03;9.0;7;9.0
1987-07-04;9.0;7;9.0
1987-07-05;19.0;7;19.0
1987-07-06;23.0;7;23.0
1987-07-07;14.0;7;14.0
1987-07-08;10.0;7;10.0
1987-07-09;12.0;7;12.0
1987-07-10;15.0;7;15.0
1987-07-11;15.0;7;15.0
1987-07-12;19.0;7;19.0
1987-07-13;16.0;7;16.0
1987-07-14;13.0;7;13.0
1987-07-15;14.0;7;14.0
1987-07-16;23.0;7;23.0
1987-07-17;15.0;7;15.0
1987-07-18;20.0;7;20.0
1987-07-19;16.0;7;16.0
1987-07-20;13.0;7;13.0
1987-07-21;11.0;7;11.0
1987-07-22;10.0;7;10.0
1987-07-23;10.0;7;10.0
1987-07-24;9.0;7;9.0
1987-07-25;12.0;7;12.0
1987-07-26;16.0;7;16.0
1987-07-27;15.0;7;15.0
1987-07-28;12.0;7;12.0
1987-07-29;11.0;7;11.0
1987-07-30;35.0;7;35.0
1987-07-31;26.0;7;26.0
1987-08-01;48.0;8;48.0
1987-08-02;43.0;8;43.0
1987-08-03;35.0;8;35.0
1987-08-04;28.0;8;28.0
1987-08-05;21.0;8;21.0
1987-08-06;19.0;8;19.0
1987-08-07;17.0;8;17.0
1987-08-08;16.0;8;16.0
1987-08-09;18.0;8;18.0
1987-08-10;18.0;8;18.0
1987-08-11;20.0;8;20.0
1987-08-12;18.0;8;18.0
1987-08-13;20.0;8;20.0
1987-08-14;17.0;8;17.0
1987-08-15;14.0;8;14.0
1987-08-16;13.0;8;13.0
1987-08-17;12.0;8;12.0
1987-08-18;11.0;8;11.0
1987-08-19;11.0;8;11.0
1987-08-20;10.0;8;10.0
1987-08-21;11.0;8;11.0
1987-08-22;15.0;8;15.0
1987-08-23;19.0;8;19.0
1987-08-24;12.0;8;12.0
1987-08-25;10.0;8;10.0
1987-08-26;10.0;8;10.0
1987-08-27;9.0;8;9.0
1987-08-28;12.0;8;12.0
1987-08-29;9.0;8;9.0
1987-08-30;8.0;8;8.0
1987-08-31;8.0;8;8.0
1987-09-01;12.0;9;12.0
1987-09-02;10.0;9;10.0
1987-09-03;9.0;9;9.0
1987-09-04;8.0;9;8.0
1987-09-05;13.0;9;13.0
1987-09-06;12.0;9;12.0
1987-09-07;12.0;9;12.0
1987-09-08;10.0;9;10.0
1987-09-09;9.0;9;9.0
1987-09-10;9.0;9;9.0
1987-09-11;9.0;9;9.0
1987-09-12;8.0;9;8.0
1987-09-13;9.0;9;9.0
1987-09-14;8.0;9;8.0
1987-09-15;8.0;9;8.0
1987-09-16;8.0;9;8.0
1987-09-17;7.0;9;7.0
1987-09-18;8.0;9;8.0
1987-09-19;7.0;9;7.0
1987-09-20;9.0;9;9.0
1987-09-21;20.0;9;20.0
1987-09-22;13.0;9;13.0
1987-09-23;11.0;9;11.0
1987-09-24;12.0;9;12.0
1987-09-25;10.0;9;10.0
1987-09-26;11.0;9;11.0
1987-09-27;10.0;9;10.0
1987-09-28;9.0;9;9.0
1987-09-29;10.0;9;10.0
1987-09-30;42.0;9;42.0
1987-10-01;20.0;10;20.0
1987-10-02;40.0;10;40.0
1987-10-03;30.0;10;30.0
1987-10-04;49.0;10;49.0
1987-10-05;35.0;10;35.0
1987-10-06;24.0;10;24.0
1987-10-07;23.0;10;23.0
1987-10-08;18.0;10;18.0
1987-10-09;43.0;10;43.0
1987-10-10;21.0;10;21.0
1987-10-11;19.0;10;19.0
1987-10-12;19.0;10;19.0
1987-10-13;24.0;10;24.0
1987-10-14;25.0;10;25.0
1987-10-15;43.0;10;43.0
1987-10-16;43.0;10;43.0
1987-10-17;116.0;10;116.0
1987-10-18;67.0;10;67.0
1987-10-19;37.0;10;37.0
1987-10-20;74.0;10;74.0
1987-10-21;44.0;10;44.0
1987-10-22;35.0;10;35.0
1987-10-23;24.0;10;24.0
1987-10-24;31.0;10;31.0
1987-10-25;40.0;10;40.0
1987-10-26;61.0;10;61.0
1987-10-27;52.0;10;52.0
1987-10-28;140.0;10;140.0
1987-10-29;74.0;10;74.0
1987-10-30;67.0;10;67.0
1987-10-31;63.0;10;63.0
1987-11-01;54.0;11;54.0
1987-11-02;44.0;11;44.0
1987-11-03;36.0;11;36.0
1987-11-04;37.0;11;37.0
1987-11-05;29.0;11;29.0
1987-11-06;28.0;11;28.0
1987-11-07;25.0;11;25.0
1987-11-08;23.0;11;23.0
1987-11-09;21.0;11;21.0
1987-11-10;19.0;11;19.0
1987-11-11;18.0;11;18.0
1987-11-12;18.0;11;18.0
1987-11-13;16.0;11;16.0
1987-11-14;21.0;11;21.0
1987-11-15;21.0;11;21.0
1987-11-16;17.0;11;17.0
1987-11-17;17.0;11;17.0
1987-11-18;18.0;11;18.0
1987-11-19;26.0;11;26.0
1987-11-20;46.0;11;46.0
1987-11-21;125.0;11;125.0
1987-11-22;56.0;11;56.0
1987-11-23;38.0;11;38.0
1987-11-24;31.0;11;31.0
1987-11-25;44.0;11;44.0
1987-11-26;66.0;11;66.0
1987-11-27;53.0;11;53.0
1987-11-28;37.0;11;37.0
1987-11-29;30.0;11;30.0
1987-11-30;56.0;11;56.0
1987-12-01;89.0;12;89.0
1987-12-02;60.0;12;60.0
1987-12-03;63.0;12;63.0
1987-12-04;75.0;12;75.0
1987-12-05;55.0;12;55.0
1987-12-06;55.0;12;55.0
1987-12-07;45.0;12;45.0
1987-12-08;45.0;12;45.0
1987-12-09;36.0;12;36.0
1987-12-10;31.0;12;31.0
1987-12-11;28.0;12;28.0
1987-12-12;27.0;12;27.0
1987-12-13;27.0;12;27.0
1987-12-14;27.0;12;27.0
1987-12-15;24.0;12;24.0
1987-12-16;22.0;12;22.0
1987-12-17;20.0;12;20.0
1987-12-18;19.0;12;19.0
1987-12-19;18.0;12;18.0
1987-12-20;18.0;12;18.0
1987-12-21;17.0;12;17.0
1987-12-22;16.0;12;16.0
1987-12-23;15.0;12;15.0
1987-12-24;14.0;12;14.0
1987-12-25;14.0;12;14.0
1987-12-26;13.0;12;13.0
1987-12-27;14.0;12;14.0
1987-12-28;13.0;12;13.0
1987-12-29;13.0;12;13.0
1987-12-30;14.0;12;14.0
1987-12-31;12.0;12;12.0
1988-01-01;12.0;1;12.0
1988-01-02;12.0;1;12.0
1988-01-03;11.0;1;11.0
1988-01-04;10.0;1;10.0
1988-01-05;9.0;1;9.0
1988-01-06;8.0;1;8.0
1988-01-07;8.0;1;8.0
1988-01-08;8.0;1;8.0
1988-01-09;7.0;1;7.0
1988-01-10;7.0;1;7.0
1988-01-11;8.0;1;8.0
1988-01-12;7.0;1;7.0
1988-01-13;6.0;1;6.0
1988-01-14;7.0;1;7.0
1988-01-15;13.0;1;13.0
1988-01-16;14.0;1;14.0
1988-01-17;13.0;1;13.0
1988-01-18;15.0;1;15.0
1988-01-19;12.0;1;12.0
1988-01-20;10.0;1;10.0
1988-01-21;9.0;1;9.0
1988-01-22;8.0;1;8.0
1988-01-23;8.0;1;8.0
1988-01-24;8.0;1;8.0
1988-01-25;7.0;1;7.0
1988-01-26;7.0;1;7.0
1988-01-27;6.0;1;6.0
1988-01-28;6.0;1;6.0
1988-01-29;8.0;1;8.0
1988-01-30;7.0;1;7.0
1988-01-31;6.0;1;6.0
1988-02-01;7.0;2;7.0
1988-02-02;6.0;2;6.0
1988-02-03;5.0;2;5.0
1988-02-04;5.0;2;5.0
1988-02-05;9.0;2;9.0
1988-02-06;7.0;2;7.0
1988-02-07;7.0;2;7.0
1988-02-08;6.0;2;6.0
1988-02-09;7.0;2;7.0
1988-02-10;7.0;2;7.0
1988-02-11;8.0;2;8.0
1988-02-12;9.0;2;9.0
1988-02-13;8.0;2;8.0
1988-02-14;7.0;2;7.0
1988-02-15;7.0;2;7.0
1988-02-16;7.0;2;7.0
1988-02-17;6.0;2;6.0
1988-02-18;6.0;2;6.0
1988-02-19;5.0;2;5.0
1988-02-20;5.0;2;5.0
1988-02-21;5.0;2;5.0
1988-02-22;5.0;2;5.0
1988-02-23;4.0;2;4.0
1988-02-24;5.0;2;5.0
1988-02-25;8.0;2;8.0
1988-02-26;11.0;2;11.0
1988-02-27;21.0;2;21.0
1988-02-28;17.0;2;17.0
1988-02-29;11.0;2;11.0
1988-03-01;11.0;3;11.0
1988-03-02;9.0;3;9.0
1988-03-03;7.0;3;7.0
1988-03-04;6.0;3;6.0
1988-03-05;5.0;3;5.0
1988-03-06;5.0;3;5.0
1988-03-07;5.0;3;5.0
1988-03-08;6.0;3;6.0
1988-03-09;51.0;3;51.0
1988-03-10;34.0;3;34.0
1988-03-11;18.0;3;18.0
1988-03-12;13.0;3;13.0
1988-03-13;11.0;3;11.0
1988-03-14;10.0;3;10.0
1988-03-15;9.0;3;9.0
1988-03-16;8.0;3;8.0
1988-03-17;7.0;3;7.0
1988-03-18;7.0;3;7.0
1988-03-19;6.0;3;6.0
1988-03-20;6.0;3;6.0
1988-03-21;6.0;3;6.0
1988-03-22;5.0;3;5.0
1988-03-23;5.0;3;5.0
1988-03-24;3.0;3;3.0
1988-03-25;3.0;3;3.0
1988-03-26;3.0;3;3.0
1988-03-27;3.0;3;3.0
1988-03-28;3.0;3;3.0
1988-03-29;3.0;3;3.0
1988-03-30;3.0;3;3.0
1988-03-31;3.0;3;3.0
1988-04-01;4.0;4;4.0
1988-04-02;5.0;4;5.0
1988-04-03;16.0;4;16.0
1988-04-04;16.0;4;16.0
1988-04-05;12.0;4;12.0
1988-04-06;21.0;4;21.0
1988-04-07;18.0;4;18.0
1988-04-08;13.0;4;13.0
1988-04-09;14.0;4;14.0
1988-04-10;35.0;4;35.0
1988-04-11;36.0;4;36.0
1988-04-12;38.0;4;38.0
1988-04-13;90.0;4;90.0
1988-04-14;35.0;4;35.0
1988-04-15;45.0;4;45.0
1988-04-16;29.0;4;29.0
1988-04-17;42.0;4;42.0
1988-04-18;24.0;4;24.0
1988-04-19;34.0;4;34.0
1988-04-20;17.0;4;17.0
1988-04-21;16.0;4;16.0
1988-04-22;30.0;4;30.0
1988-04-23;30.0;4;30.0
1988-04-24;19.0;4;19.0
1988-04-25;22.0;4;22.0
1988-04-26;15.0;4;15.0
1988-04-27;25.0;4;25.0
1988-04-28;16.0;4;16.0
1988-04-29;14.0;4;14.0
1988-04-30;14.0;4;14.0
1988-05-01;15.0;5;15.0
1988-05-02;21.0;5;21.0
1988-05-03;16.0;5;16.0
1988-05-04;17.0;5;17.0
1988-05-05;15.0;5;15.0
1988-05-06;13.0;5;13.0
1988-05-07;13.0;5;13.0
1988-05-08;18.0;5;18.0
1988-05-09;16.0;5;16.0
1988-05-10;15.0;5;15.0
1988-05-11;15.0;5;15.0
1988-05-12;12.0;5;12.0
1988-05-13;10.0;5;10.0
1988-05-14;13.0;5;13.0
1988-05-15;13.0;5;13.0
1988-05-16;14.0;5;14.0
1988-05-17;12.0;5;12.0
1988-05-18;11.0;5;11.0
1988-05-19;11.0;5;11.0
1988-05-20;12.0;5;12.0
1988-05-21;11.0;5;11.0
1988-05-22;12.0;5;12.0
1988-05-23;11.0;5;11.0
1988-05-24;10.0;5;10.0
1988-05-25;8.0;5;8.0
1988-05-26;18.0;5;18.0
1988-05-27;57.0;5;57.0
1988-05-28;61.0;5;61.0
1988-05-29;27.0;5;27.0
1988-05-30;24.0;5;24.0
1988-05-31;20.0;5;20.0
1988-06-01;21.0;6;21.0
1988-06-02;28.0;6;28.0
1988-06-03;20.0;6;20.0
1988-06-04;20.0;6;20.0
1988-06-05;16.0;6;16.0
1988-06-06;18.0;6;18.0
1988-06-07;16.0;6;16.0
1988-06-08;12.0;6;12.0
1988-06-09;10.0;6;10.0
1988-06-10;41.0;6;41.0
1988-06-11;43.0;6;43.0
1988-06-12;31.0;6;31.0
1988-06-13;19.0;6;19.0
1988-06-14;14.0;6;14.0
1988-06-15;11.0;6;11.0
1988-06-16;12.0;6;12.0
1988-06-17;43.0;6;43.0
1988-06-18;42.0;6;42.0
1988-06-19;50.0;6;50.0
1988-06-20;29.0;6;29.0
1988-06-21;20.0;6;20.0
1988-06-22;16.0;6;16.0
1988-06-23;18.0;6;18.0
1988-06-24;18.0;6;18.0
1988-06-25;45.0;6;45.0
1988-06-26;32.0;6;32.0
1988-06-27;22.0;6;22.0
1988-06-28;18.0;6;18.0
1988-06-29;23.0;6;23.0
1988-06-30;17.0;6;17.0
1988-07-01;19.0;7;19.0
1988-07-02;24.0;7;24.0
1988-07-03;36.0;7;36.0
1988-07-04;83.0;7;83.0
1988-07-05;60.0;7;60.0
1988-07-06;66.0;7;66.0
1988-07-07;42.0;7;42.0
1988-07-08;27.0;7;27.0
1988-07-09;26.0;7;26.0
1988-07-10;26.0;7;26.0
1988-07-11;33.0;7;33.0
1988-07-12;46.0;7;46.0
1988-07-13;46.0;7;46.0
1988-07-14;23.0;7;23.0
1988-07-15;17.0;7;17.0
1988-07-16;15.0;7;15.0
1988-07-17;14.0;7;14.0
1988-07-18;16.0;7;16.0
1988-07-19;21.0;7;21.0
1988-07-20;18.0;7;18.0
1988-07-21;31.0;7;31.0
1988-07-22;28.0;7;28.0
1988-07-23;25.0;7;25.0
1988-07-24;25.0;7;25.0
1988-07-25;23.0;7;23.0
1988-07-26;27.0;7;27.0
1988-07-27;23.0;7;23.0
1988-07-28;16.0;7;16.0
1988-07-29;13.0;7;13.0
1988-07-30;11.0;7;11.0
1988-07-31;15.0;7;15.0
1988-08-01;10.0;8;10.0
1988-08-02;8.0;8;8.0
1988-08-03;8.0;8;8.0
1988-08-04;8.0;8;8.0
1988-08-05;8.0;8;8.0
1988-08-06;7.0;8;7.0
1988-08-07;9.0;8;9.0
1988-08-08;13.0;8;13.0
1988-08-09;11.0;8;11.0
1988-08-10;9.0;8;9.0
1988-08-11;9.0;8;9.0
1988-08-12;8.0;8;8.0
1988-08-13;7.0;8;7.0
1988-08-14;6.0;8;6.0
1988-08-15;7.0;8;7.0
1988-08-16;6.0;8;6.0
1988-08-17;6.0;8;6.0
1988-08-18;9.0;8;9.0
1988-08-19;7.0;8;7.0
1988-08-20;9.0;8;9.0
1988-08-21;9.0;8;9.0
1988-08-22;10.0;8;10.0
1988-08-23;8.0;8;8.0
1988-08-24;7.0;8;7.0
1988-08-25;8.0;8;8.0
1988-08-26;7.0;8;7.0
1988-08-27;9.0;8;9.0
1988-08-28;9.0;8;9.0
1988-08-29;11.0;8;11.0
1988-08-30;13.0;8;13.0
1988-08-31;22.0;8;22.0
1988-09-01;19.0;9;19.0
1988-09-02;13.0;9;13.0
1988-09-03;10.0;9;10.0
1988-09-04;9.0;9;9.0
1988-09-05;8.0;9;8.0
1988-09-06;7.0;9;7.0
1988-09-07;7.0;9;7.0
1988-09-08;6.0;9;6.0
1988-09-09;6.0;9;6.0
1988-09-10;7.0;9;7.0
1988-09-11;8.0;9;8.0
1988-09-12;28.0;9;28.0
1988-09-13;24.0;9;24.0
1988-09-14;37.0;9;37.0
1988-09-15;20.0;9;20.0
1988-09-16;15.0;9;15.0
1988-09-17;11.0;9;11.0
1988-09-18;10.0;9;10.0
1988-09-19;9.0;9;9.0
1988-09-20;11.0;9;11.0
1988-09-21;14.0;9;14.0
1988-09-22;12.0;9;12.0
1988-09-23;10.0;9;10.0
1988-09-24;9.0;9;9.0
1988-09-25;14.0;9;14.0
1988-09-26;9.0;9;9.0
1988-09-27;9.0;9;9.0
1988-09-28;8.0;9;8.0
1988-09-29;7.0;9;7.0
1988-09-30;7.0;9;7.0
1988-10-01;17.0;10;17.0
1988-10-02;35.0;10;35.0
1988-10-03;41.0;10;41.0
1988-10-04;29.0;10;29.0
1988-10-05;19.0;10;19.0
1988-10-06;15.0;10;15.0
1988-10-07;13.0;10;13.0
1988-10-08;14.0;10;14.0
1988-10-09;13.0;10;13.0
1988-10-10;11.0;10;11.0
1988-10-11;9.0;10;9.0
1988-10-12;14.0;10;14.0
1988-10-13;17.0;10;17.0
1988-10-14;40.0;10;40.0
1988-10-15;35.0;10;35.0
1988-10-16;48.0;10;48.0
1988-10-17;44.0;10;44.0
1988-10-18;57.0;10;57.0
1988-10-19;31.0;10;31.0
1988-10-20;23.0;10;23.0
1988-10-21;21.0;10;21.0
1988-10-22;17.0;10;17.0
1988-10-23;15.0;10;15.0
1988-10-24;13.0;10;13.0
1988-10-25;15.0;10;15.0
1988-10-26;14.0;10;14.0
1988-10-27;21.0;10;21.0
1988-10-28;36.0;10;36.0
1988-10-29;15.0;10;15.0
1988-10-30;15.0;10;15.0
1988-10-31;19.0;10;19.0
1988-11-01;26.0;11;26.0
1988-11-02;56.0;11;56.0
1988-11-03;76.0;11;76.0
1988-11-04;38.0;11;38.0
1988-11-05;22.0;11;22.0
1988-11-06;21.0;11;21.0
1988-11-07;23.0;11;23.0
1988-11-08;88.0;11;88.0
1988-11-09;75.0;11;75.0
1988-11-10;34.0;11;34.0
1988-11-11;76.0;11;76.0
1988-11-12;47.0;11;47.0
1988-11-13;68.0;11;68.0
1988-11-14;50.0;11;50.0
1988-11-15;105.0;11;105.0
1988-11-16;153.0;11;153.0
1988-11-17;157.0;11;157.0
1988-11-18;106.0;11;106.0
1988-11-19;57.0;11;57.0
1988-11-20;92.0;11;92.0
1988-11-21;76.0;11;76.0
1988-11-22;108.0;11;108.0
1988-11-23;73.0;11;73.0
1988-11-24;64.0;11;64.0
1988-11-25;51.0;11;51.0
1988-11-26;85.0;11;85.0
1988-11-27;46.0;11;46.0
1988-11-28;38.0;11;38.0
1988-11-29;36.0;11;36.0
1988-11-30;85.0;11;85.0
1988-12-01;67.0;12;67.0
1988-12-02;189.0;12;189.0
1988-12-03;104.0;12;104.0
1988-12-04;91.0;12;91.0
1988-12-05;79.0;12;79.0
1988-12-06;88.0;12;88.0
1988-12-07;62.0;12;62.0
1988-12-08;61.0;12;61.0
1988-12-09;52.0;12;52.0
1988-12-10;43.0;12;43.0
1988-12-11;39.0;12;39.0
1988-12-12;35.0;12;35.0
1988-12-13;33.0;12;33.0
1988-12-14;33.0;12;33.0
1988-12-15;30.0;12;30.0
1988-12-16;28.0;12;28.0
1988-12-17;39.0;12;39.0
1988-12-18;36.0;12;36.0
1988-12-19;48.0;12;48.0
1988-12-20;33.0;12;33.0
1988-12-21;26.0;12;26.0
1988-12-22;27.0;12;27.0
1988-12-23;35.0;12;35.0
1988-12-24;28.0;12;28.0
1988-12-25;31.0;12;31.0
1988-12-26;27.0;12;27.0
1988-12-27;23.0;12;23.0
1988-12-28;23.0;12;23.0
1988-12-29;24.0;12;24.0
1988-12-30;20.0;12;20.0
1988-12-31;19.0;12;19.0
