YYYY-MM-DD;Value;month;Value_imputed
1978-01-01;26.0;1;26.0
1978-01-02;25.0;1;25.0
1978-01-03;25.0;1;25.0
1978-01-04;25.0;1;25.0
1978-01-05;24.0;1;24.0
1978-01-06;24.0;1;24.0
1978-01-07;24.0;1;24.0
1978-01-08;23.0;1;23.0
1978-01-09;23.0;1;23.0
1978-01-10;23.0;1;23.0
1978-01-11;22.0;1;22.0
1978-01-12;22.0;1;22.0
1978-01-13;22.0;1;22.0
1978-01-14;22.0;1;22.0
1978-01-15;22.0;1;22.0
1978-01-16;20.0;1;20.0
1978-01-17;22.0;1;22.0
1978-01-18;21.0;1;21.0
1978-01-19;22.0;1;22.0
1978-01-20;22.0;1;22.0
1978-01-21;21.0;1;21.0
1978-01-22;21.0;1;21.0
1978-01-23;21.0;1;21.0
1978-01-24;21.0;1;21.0
1978-01-25;20.0;1;20.0
1978-01-26;20.0;1;20.0
1978-01-27;20.0;1;20.0
1978-01-28;20.0;1;20.0
1978-01-29;22.0;1;22.0
1978-01-30;23.0;1;23.0
1978-01-31;21.0;1;21.0
1978-02-01;21.0;2;21.0
1978-02-02;21.0;2;21.0
1978-02-03;21.0;2;21.0
1978-02-04;21.0;2;21.0
1978-02-05;21.0;2;21.0
1978-02-06;23.0;2;23.0
1978-02-07;25.0;2;25.0
1978-02-08;29.0;2;29.0
1978-02-09;38.0;2;38.0
1978-02-10;24.0;2;24.0
1978-02-11;26.0;2;26.0
1978-02-12;24.0;2;24.0
1978-02-13;30.0;2;30.0
1978-02-14;24.0;2;24.0
1978-02-15;22.0;2;22.0
1978-02-16;21.0;2;21.0
1978-02-17;21.0;2;21.0
1978-02-18;20.0;2;20.0
1978-02-19;19.0;2;19.0
1978-02-20;19.0;2;19.0
1978-02-21;18.0;2;18.0
1978-02-22;19.0;2;19.0
1978-02-23;80.0;2;80.0
1978-02-24;41.0;2;41.0
1978-02-25;25.0;2;25.0
1978-02-26;23.0;2;23.0
1978-02-27;23.0;2;23.0
1978-02-28;32.0;2;32.0
1978-03-01;23.0;3;23.0
1978-03-02;21.0;3;21.0
1978-03-03;28.0;3;28.0
1978-03-04;38.0;3;38.0
1978-03-05;57.0;3;57.0
1978-03-06;38.0;3;38.0
1978-03-07;30.0;3;30.0
1978-03-08;27.0;3;27.0
1978-03-09;24.0;3;24.0
1978-03-10;26.0;3;26.0
1978-03-11;24.0;3;24.0
1978-03-12;23.0;3;23.0
1978-03-13;24.0;3;24.0
1978-03-14;24.0;3;24.0
1978-03-15;23.0;3;23.0
1978-03-16;23.0;3;23.0
1978-03-17;23.0;3;23.0
1978-03-18;24.0;3;24.0
1978-03-19;29.0;3;29.0
1978-03-20;24.0;3;24.0
1978-03-21;21.0;3;21.0
1978-03-22;21.0;3;21.0
1978-03-23;28.0;3;28.0
1978-03-24;39.0;3;39.0
1978-03-25;34.0;3;34.0
1978-03-26;32.0;3;32.0
1978-03-27;29.0;3;29.0
1978-03-28;30.0;3;30.0
1978-03-29;157.0;3;157.0
1978-03-30;51.0;3;51.0
1978-03-31;130.0;3;130.0
1978-04-01;55.0;4;55.0
1978-04-02;70.0;4;70.0
1978-04-03;210.0;4;210.0
1978-04-04;76.0;4;76.0
1978-04-05;78.0;4;78.0
1978-04-06;37.0;4;37.0
1978-04-07;51.0;4;51.0
1978-04-08;150.0;4;150.0
1978-04-09;70.0;4;70.0
1978-04-10;77.0;4;77.0
1978-04-11;180.0;4;180.0
1978-04-12;92.0;4;92.0
1978-04-13;53.0;4;53.0
1978-04-14;49.0;4;49.0
1978-04-15;50.0;4;50.0
1978-04-16;53.0;4;53.0
1978-04-17;115.0;4;115.0
1978-04-18;83.0;4;83.0
1978-04-19;126.0;4;126.0
1978-04-20;142.0;4;142.0
1978-04-21;93.0;4;93.0
1978-04-22;83.0;4;83.0
1978-04-23;72.0;4;72.0
1978-04-24;76.0;4;76.0
1978-04-25;66.0;4;66.0
1978-04-26;61.0;4;61.0
1978-04-27;62.0;4;62.0
1978-04-28;74.0;4;74.0
1978-04-29;82.0;4;82.0
1978-04-30;62.0;4;62.0
1978-05-01;54.0;5;54.0
1978-05-02;58.0;5;58.0
1978-05-03;63.0;5;63.0
1978-05-04;69.0;5;69.0
1978-05-05;126.0;5;126.0
1978-05-06;70.0;5;70.0
1978-05-07;73.0;5;73.0
1978-05-08;57.0;5;57.0
1978-05-09;66.0;5;66.0
1978-05-10;70.0;5;70.0
1978-05-11;89.0;5;89.0
1978-05-12;101.0;5;101.0
1978-05-13;66.0;5;66.0
1978-05-14;62.0;5;62.0
1978-05-15;65.0;5;65.0
1978-05-16;55.0;5;55.0
1978-05-17;51.0;5;51.0
1978-05-18;51.0;5;51.0
1978-05-19;51.0;5;51.0
1978-05-20;51.0;5;51.0
1978-05-21;51.0;5;51.0
1978-05-22;51.0;5;51.0
1978-05-23;50.0;5;50.0
1978-05-24;50.0;5;50.0
1978-05-25;77.0;5;77.0
1978-05-26;68.0;5;68.0
1978-05-27;52.0;5;52.0
1978-05-28;151.0;5;151.0
1978-05-29;107.0;5;107.0
1978-05-30;92.0;5;92.0
1978-05-31;118.0;5;118.0
1978-06-01;78.0;6;78.0
1978-06-02;59.0;6;59.0
1978-06-03;60.0;6;60.0
1978-06-04;56.0;6;56.0
1978-06-05;53.0;6;53.0
1978-06-06;54.0;6;54.0
1978-06-07;51.0;6;51.0
1978-06-08;77.0;6;77.0
1978-06-09;80.0;6;80.0
1978-06-10;59.0;6;59.0
1978-06-11;52.0;6;52.0
1978-06-12;53.0;6;53.0
1978-06-13;52.0;6;52.0
1978-06-14;53.0;6;53.0
1978-06-15;63.0;6;63.0
1978-06-16;109.0;6;109.0
1978-06-17;54.0;6;54.0
1978-06-18;52.0;6;52.0
1978-06-19;51.0;6;51.0
1978-06-20;55.0;6;55.0
1978-06-21;95.0;6;95.0
1978-06-22;52.0;6;52.0
1978-06-23;51.0;6;51.0
1978-06-24;51.0;6;51.0
1978-06-25;51.0;6;51.0
1978-06-26;51.0;6;51.0
1978-06-27;51.0;6;51.0
1978-06-28;53.0;6;53.0
1978-06-29;53.0;6;53.0
1978-06-30;55.0;6;55.0
1978-07-01;52.0;7;52.0
1978-07-02;95.0;7;95.0
1978-07-03;54.0;7;54.0
1978-07-04;51.0;7;51.0
1978-07-05;51.0;7;51.0
1978-07-06;51.0;7;51.0
1978-07-07;51.0;7;51.0
1978-07-08;51.0;7;51.0
1978-07-09;51.0;7;51.0
1978-07-10;62.0;7;62.0
1978-07-11;51.0;7;51.0
1978-07-12;51.0;7;51.0
1978-07-13;51.0;7;51.0
1978-07-14;51.0;7;51.0
1978-07-15;57.0;7;57.0
1978-07-16;55.0;7;55.0
1978-07-17;128.0;7;128.0
1978-07-18;74.0;7;74.0
1978-07-19;74.0;7;74.0
1978-07-20;186.0;7;186.0
1978-07-21;74.0;7;74.0
1978-07-22;141.0;7;141.0
1978-07-23;74.0;7;74.0
1978-07-24;74.0;7;74.0
1978-07-25;58.0;7;58.0
1978-07-26;46.0;7;46.0
1978-07-27;46.0;7;46.0
1978-07-28;46.0;7;46.0
1978-07-29;46.0;7;46.0
1978-07-30;51.0;7;51.0
1978-07-31;96.0;7;96.0
1978-08-01;54.0;8;54.0
1978-08-02;52.0;8;52.0
1978-08-03;47.0;8;47.0
1978-08-04;46.0;8;46.0
1978-08-05;46.0;8;46.0
1978-08-06;52.0;8;52.0
1978-08-07;70.0;8;70.0
1978-08-08;92.0;8;92.0
1978-08-09;67.0;8;67.0
1978-08-10;52.0;8;52.0
1978-08-11;46.0;8;46.0
1978-08-12;46.0;8;46.0
1978-08-13;53.0;8;53.0
1978-08-14;54.0;8;54.0
1978-08-15;46.0;8;46.0
1978-08-16;48.0;8;48.0
1978-08-17;46.0;8;46.0
1978-08-18;46.0;8;46.0
1978-08-19;46.0;8;46.0
1978-08-20;46.0;8;46.0
1978-08-21;46.0;8;46.0
1978-08-22;46.0;8;46.0
1978-08-23;46.0;8;46.0
1978-08-24;46.0;8;46.0
1978-08-25;48.0;8;48.0
1978-08-26;49.0;8;49.0
1978-08-27;46.0;8;46.0
1978-08-28;48.0;8;48.0
1978-08-29;26.0;8;26.0
1978-08-30;49.0;8;49.0
1978-08-31;46.0;8;46.0
1978-09-01;46.0;9;46.0
1978-09-02;46.0;9;46.0
1978-09-03;49.0;9;49.0
1978-09-04;46.0;9;46.0
1978-09-05;46.0;9;46.0
1978-09-06;46.0;9;46.0
1978-09-07;46.0;9;46.0
1978-09-08;46.0;9;46.0
1978-09-09;47.0;9;47.0
1978-09-10;49.0;9;49.0
1978-09-11;49.0;9;49.0
1978-09-12;52.0;9;52.0
1978-09-13;42.0;9;42.0
1978-09-14;42.0;9;42.0
1978-09-15;49.0;9;49.0
1978-09-16;35.0;9;35.0
1978-09-17;38.0;9;38.0
1978-09-18;36.0;9;36.0
1978-09-19;33.0;9;33.0
1978-09-20;33.0;9;33.0
1978-09-21;34.0;9;34.0
1978-09-22;31.0;9;31.0
1978-09-23;38.0;9;38.0
1978-09-24;68.0;9;68.0
1978-09-25;81.0;9;81.0
1978-09-26;126.0;9;126.0
1978-09-27;117.0;9;117.0
1978-09-28;59.0;9;59.0
1978-09-29;51.0;9;51.0
1978-09-30;43.0;9;43.0
1978-10-01;45.0;10;45.0
1978-10-02;40.0;10;40.0
1978-10-03;37.0;10;37.0
1978-10-04;37.0;10;37.0
1978-10-05;37.0;10;37.0
1978-10-06;38.0;10;38.0
1978-10-07;37.0;10;37.0
1978-10-08;36.0;10;36.0
1978-10-09;38.0;10;38.0
1978-10-10;39.0;10;39.0
1978-10-11;53.0;10;53.0
1978-10-12;36.0;10;36.0
1978-10-13;52.0;10;52.0
1978-10-14;43.0;10;43.0
1978-10-15;77.0;10;77.0
1978-10-16;67.0;10;67.0
1978-10-17;45.0;10;45.0
1978-10-18;52.0;10;52.0
1978-10-19;73.0;10;73.0
1978-10-20;43.0;10;43.0
1978-10-21;46.0;10;46.0
1978-10-22;77.0;10;77.0
1978-10-23;107.0;10;107.0
1978-10-24;59.0;10;59.0
1978-10-25;70.0;10;70.0
1978-10-26;93.0;10;93.0
1978-10-27;124.0;10;124.0
1978-10-28;101.0;10;101.0
1978-10-29;78.0;10;78.0
1978-10-30;74.0;10;74.0
1978-10-31;84.0;10;84.0
1978-11-01;87.0;11;87.0
1978-11-02;61.0;11;61.0
1978-11-03;59.0;11;59.0
1978-11-04;76.0;11;76.0
1978-11-05;85.0;11;85.0
1978-11-06;68.0;11;68.0
1978-11-07;53.0;11;53.0
1978-11-08;52.0;11;52.0
1978-11-09;60.0;11;60.0
1978-11-10;114.0;11;114.0
1978-11-11;59.0;11;59.0
1978-11-12;197.0;11;197.0
1978-11-13;77.0;11;77.0
1978-11-14;64.0;11;64.0
1978-11-15;58.0;11;58.0
1978-11-16;60.0;11;60.0
1978-11-17;56.0;11;56.0
1978-11-18;51.0;11;51.0
1978-11-19;101.0;11;101.0
1978-11-20;82.0;11;82.0
1978-11-21;61.0;11;61.0
1978-11-22;63.0;11;63.0
1978-11-23;64.0;11;64.0
1978-11-24;73.0;11;73.0
1978-11-25;54.0;11;54.0
1978-11-26;56.0;11;56.0
1978-11-27;61.0;11;61.0
1978-11-28;49.0;11;49.0
1978-11-29;46.0;11;46.0
1978-11-30;64.0;11;64.0
1978-12-01;49.0;12;49.0
1978-12-02;44.0;12;44.0
1978-12-03;45.0;12;45.0
1978-12-04;44.0;12;44.0
1978-12-05;43.0;12;43.0
1978-12-06;77.0;12;77.0
1978-12-07;82.0;12;82.0
1978-12-08;76.0;12;76.0
1978-12-09;53.0;12;53.0
1978-12-10;54.0;12;54.0
1978-12-11;53.0;12;53.0
1978-12-12;52.0;12;52.0
1978-12-13;67.0;12;67.0
1978-12-14;54.0;12;54.0
1978-12-15;49.0;12;49.0
1978-12-16;60.0;12;60.0
1978-12-17;60.0;12;60.0
1978-12-18;52.0;12;52.0
1978-12-19;49.0;12;49.0
1978-12-20;44.0;12;44.0
1978-12-21;42.0;12;42.0
1978-12-22;42.0;12;42.0
1978-12-23;42.0;12;42.0
1978-12-24;42.0;12;42.0
1978-12-25;41.0;12;41.0
1978-12-26;41.0;12;41.0
1978-12-27;41.0;12;41.0
1978-12-28;41.0;12;41.0
1978-12-29;41.0;12;41.0
1978-12-30;41.0;12;41.0
1978-12-31;41.0;12;41.0
1979-01-01;35.0;1;35.0
1979-01-02;35.0;1;35.0
1979-01-03;35.0;1;35.0
1979-01-04;35.0;1;35.0
1979-01-05;35.0;1;35.0
1979-01-06;35.0;1;35.0
1979-01-07;35.0;1;35.0
1979-01-08;34.0;1;34.0
1979-01-09;34.0;1;34.0
1979-01-10;34.0;1;34.0
1979-01-11;34.0;1;34.0
1979-01-12;34.0;1;34.0
1979-01-13;34.0;1;34.0
1979-01-14;34.0;1;34.0
1979-01-15;34.0;1;34.0
1979-01-16;34.0;1;34.0
1979-01-17;34.0;1;34.0
1979-01-18;34.0;1;34.0
1979-01-19;34.0;1;34.0
1979-01-20;34.0;1;34.0
1979-01-21;34.0;1;34.0
1979-01-22;33.0;1;33.0
1979-01-23;33.0;1;33.0
1979-01-24;33.0;1;33.0
1979-01-25;33.0;1;33.0
1979-01-26;33.0;1;33.0
1979-01-27;33.0;1;33.0
1979-01-28;33.0;1;33.0
1979-01-29;33.0;1;33.0
1979-01-30;33.0;1;33.0
1979-01-31;33.0;1;33.0
1979-02-01;33.0;2;33.0
1979-02-02;33.0;2;33.0
1979-02-03;33.0;2;33.0
1979-02-04;33.0;2;33.0
1979-02-05;33.0;2;33.0
1979-02-06;33.0;2;33.0
1979-02-07;33.0;2;33.0
1979-02-08;33.0;2;33.0
1979-02-09;33.0;2;33.0
1979-02-10;33.0;2;33.0
1979-02-11;33.0;2;33.0
1979-02-12;33.0;2;33.0
1979-02-13;33.0;2;33.0
1979-02-14;33.0;2;33.0
1979-02-15;33.0;2;33.0
1979-02-16;33.0;2;33.0
1979-02-17;33.0;2;33.0
1979-02-18;33.0;2;33.0
1979-02-19;33.0;2;33.0
1979-02-20;33.0;2;33.0
1979-02-21;33.0;2;33.0
1979-02-22;33.0;2;33.0
1979-02-23;33.0;2;33.0
1979-02-24;33.0;2;33.0
1979-02-25;33.0;2;33.0
1979-02-26;33.0;2;33.0
1979-02-27;33.0;2;33.0
1979-02-28;33.0;2;33.0
1979-03-01;30.0;3;30.0
1979-03-02;31.0;3;31.0
1979-03-03;29.0;3;29.0
1979-03-04;28.0;3;28.0
1979-03-05;28.0;3;28.0
1979-03-06;69.0;3;69.0
1979-03-07;40.0;3;40.0
1979-03-08;74.0;3;74.0
1979-03-09;37.0;3;37.0
1979-03-10;34.0;3;34.0
1979-03-11;34.0;3;34.0
1979-03-12;33.0;3;33.0
1979-03-13;35.0;3;35.0
1979-03-14;33.0;3;33.0
1979-03-15;33.0;3;33.0
1979-03-16;46.0;3;46.0
1979-03-17;32.0;3;32.0
1979-03-18;32.0;3;32.0
1979-03-19;32.0;3;32.0
1979-03-20;32.0;3;32.0
1979-03-21;31.0;3;31.0
1979-03-22;31.0;3;31.0
1979-03-23;31.0;3;31.0
1979-03-24;31.0;3;31.0
1979-03-25;31.0;3;31.0
1979-03-26;34.0;3;34.0
1979-03-27;44.0;3;44.0
1979-03-28;32.0;3;32.0
1979-03-29;32.0;3;32.0
1979-03-30;32.0;3;32.0
1979-03-31;33.0;3;33.0
1979-04-01;37.0;4;37.0
1979-04-02;32.0;4;32.0
1979-04-03;32.0;4;32.0
1979-04-04;32.0;4;32.0
1979-04-05;32.0;4;32.0
1979-04-06;32.0;4;32.0
1979-04-07;33.0;4;33.0
1979-04-08;32.0;4;32.0
1979-04-09;32.0;4;32.0
1979-04-10;32.0;4;32.0
1979-04-11;32.0;4;32.0
1979-04-12;32.0;4;32.0
1979-04-13;32.0;4;32.0
1979-04-14;32.0;4;32.0
1979-04-15;32.0;4;32.0
1979-04-16;32.0;4;32.0
1979-04-17;32.0;4;32.0
1979-04-18;34.0;4;34.0
1979-04-19;51.0;4;51.0
1979-04-20;47.0;4;47.0
1979-04-21;43.0;4;43.0
1979-04-22;43.0;4;43.0
1979-04-23;51.0;4;51.0
1979-04-24;52.0;4;52.0
1979-04-25;56.0;4;56.0
1979-04-26;122.0;4;122.0
1979-04-27;61.0;4;61.0
1979-04-28;182.0;4;182.0
1979-04-29;93.0;4;93.0
1979-04-30;93.0;4;93.0
1979-05-01;113.0;5;113.0
1979-05-02;62.0;5;62.0
1979-05-03;60.0;5;60.0
1979-05-04;86.0;5;86.0
1979-05-05;60.0;5;60.0
1979-05-06;49.0;5;49.0
1979-05-07;40.0;5;40.0
1979-05-08;40.0;5;40.0
1979-05-09;49.0;5;49.0
1979-05-10;60.0;5;60.0
1979-05-11;101.0;5;101.0
1979-05-12;100.0;5;100.0
1979-05-13;49.0;5;49.0
1979-05-14;56.0;5;56.0
1979-05-15;65.0;5;65.0
1979-05-16;59.0;5;59.0
1979-05-17;88.0;5;88.0
1979-05-18;205.0;5;205.0
1979-05-19;104.0;5;104.0
1979-05-20;85.0;5;85.0
1979-05-21;86.0;5;86.0
1979-05-22;91.0;5;91.0
1979-05-23;64.0;5;64.0
1979-05-24;70.0;5;70.0
1979-05-25;53.0;5;53.0
1979-05-26;50.0;5;50.0
1979-05-27;53.0;5;53.0
1979-05-28;57.0;5;57.0
1979-05-29;57.0;5;57.0
1979-05-30;93.0;5;93.0
1979-05-31;66.0;5;66.0
1979-06-01;64.0;6;64.0
1979-06-02;57.0;6;57.0
1979-06-03;79.0;6;79.0
1979-06-04;168.0;6;168.0
1979-06-05;164.0;6;164.0
1979-06-06;113.0;6;113.0
1979-06-07;217.0;6;217.0
1979-06-08;143.0;6;143.0
1979-06-09;162.0;6;162.0
1979-06-10;132.0;6;132.0
1979-06-11;122.0;6;122.0
1979-06-12;52.0;6;52.0
1979-06-13;52.0;6;52.0
1979-06-14;52.0;6;52.0
1979-06-15;52.0;6;52.0
1979-06-16;40.0;6;40.0
1979-06-17;46.0;6;46.0
1979-06-18;40.0;6;40.0
1979-06-19;40.0;6;40.0
1979-06-20;40.0;6;40.0
1979-06-21;52.0;6;52.0
1979-06-22;52.0;6;52.0
1979-06-23;176.0;6;176.0
1979-06-24;52.0;6;52.0
1979-06-25;40.0;6;40.0
1979-06-26;40.0;6;40.0
1979-06-27;40.0;6;40.0
1979-06-28;40.0;6;40.0
1979-06-29;40.0;6;40.0
1979-06-30;40.0;6;40.0
1979-07-01;40.0;7;40.0
1979-07-02;40.0;7;40.0
1979-07-03;40.0;7;40.0
1979-07-04;40.0;7;40.0
1979-07-05;40.0;7;40.0
1979-07-06;40.0;7;40.0
1979-07-07;40.0;7;40.0
1979-07-08;40.0;7;40.0
1979-07-09;40.0;7;40.0
1979-07-10;40.0;7;40.0
1979-07-11;40.0;7;40.0
1979-07-12;40.0;7;40.0
1979-07-13;40.0;7;40.0
1979-07-14;94.0;7;94.0
1979-07-15;52.0;7;52.0
1979-07-16;52.0;7;52.0
1979-07-17;52.0;7;52.0
1979-07-18;48.0;7;48.0
1979-07-19;48.0;7;48.0
1979-07-20;52.0;7;52.0
1979-07-21;52.0;7;52.0
1979-07-22;52.0;7;52.0
1979-07-23;52.0;7;52.0
1979-07-24;52.0;7;52.0
1979-07-25;91.0;7;91.0
1979-07-26;52.0;7;52.0
1979-07-27;52.0;7;52.0
1979-07-28;40.0;7;40.0
1979-07-29;40.0;7;40.0
1979-07-30;52.0;7;52.0
1979-07-31;52.0;7;52.0
1979-08-01;52.0;8;52.0
1979-08-02;40.0;8;40.0
1979-08-03;40.0;8;40.0
1979-08-04;40.0;8;40.0
1979-08-05;41.0;8;41.0
1979-08-06;39.0;8;39.0
1979-08-07;38.0;8;38.0
1979-08-08;38.0;8;38.0
1979-08-09;38.0;8;38.0
1979-08-10;38.0;8;38.0
1979-08-11;38.0;8;38.0
1979-08-12;38.0;8;38.0
1979-08-13;40.0;8;40.0
1979-08-14;38.0;8;38.0
1979-08-15;38.0;8;38.0
1979-08-16;70.0;8;70.0
1979-08-17;75.0;8;75.0
1979-08-18;76.0;8;76.0
1979-08-19;49.0;8;49.0
1979-08-20;50.0;8;50.0
1979-08-21;47.0;8;47.0
1979-08-22;41.0;8;41.0
1979-08-23;40.0;8;40.0
1979-08-24;60.0;8;60.0
1979-08-25;41.0;8;41.0
1979-08-26;40.0;8;40.0
1979-08-27;44.0;8;44.0
1979-08-28;40.0;8;40.0
1979-08-29;40.0;8;40.0
1979-08-30;60.0;8;60.0
1979-08-31;85.0;8;85.0
1979-09-01;68.0;9;68.0
1979-09-02;98.0;9;98.0
1979-09-03;105.0;9;105.0
1979-09-04;66.0;9;66.0
1979-09-05;74.0;9;74.0
1979-09-06;83.0;9;83.0
1979-09-07;80.0;9;80.0
1979-09-08;92.0;9;92.0
1979-09-09;96.0;9;96.0
1979-09-10;123.0;9;123.0
1979-09-11;89.0;9;89.0
1979-09-12;112.0;9;112.0
1979-09-13;69.0;9;69.0
1979-09-14;85.0;9;85.0
1979-09-15;115.0;9;115.0
1979-09-16;84.0;9;84.0
1979-09-17;75.0;9;75.0
1979-09-18;102.0;9;102.0
1979-09-19;130.0;9;130.0
1979-09-20;136.0;9;136.0
1979-09-21;105.0;9;105.0
1979-09-22;111.0;9;111.0
1979-09-23;96.0;9;96.0
1979-09-24;68.0;9;68.0
1979-09-25;63.0;9;63.0
1979-09-26;63.0;9;63.0
1979-09-27;54.0;9;54.0
1979-09-28;61.0;9;61.0
1979-09-29;52.0;9;52.0
1979-09-30;62.0;9;62.0
1979-10-01;69.0;10;69.0
1979-10-02;107.0;10;107.0
1979-10-03;58.0;10;58.0
1979-10-04;153.0;10;153.0
1979-10-05;87.0;10;87.0
1979-10-06;59.0;10;59.0
1979-10-07;52.0;10;52.0
1979-10-08;50.0;10;50.0
1979-10-09;50.0;10;50.0
1979-10-10;56.0;10;56.0
1979-10-11;63.0;10;63.0
1979-10-12;54.0;10;54.0
1979-10-13;55.0;10;55.0
1979-10-14;29.0;10;29.0
1979-10-15;47.0;10;47.0
1979-10-16;107.0;10;107.0
1979-10-17;40.0;10;40.0
1979-10-18;59.0;10;59.0
1979-10-19;53.0;10;53.0
1979-10-20;68.0;10;68.0
1979-10-21;87.0;10;87.0
1979-10-22;139.0;10;139.0
1979-10-23;71.0;10;71.0
1979-10-24;82.0;10;82.0
1979-10-25;65.0;10;65.0
1979-10-26;55.0;10;55.0
1979-10-27;85.0;10;85.0
1979-10-28;138.0;10;138.0
1979-10-29;95.0;10;95.0
1979-10-30;129.0;10;129.0
1979-10-31;173.0;10;173.0
1979-11-01;136.0;11;136.0
1979-11-02;84.0;11;84.0
1979-11-03;188.0;11;188.0
1979-11-04;89.0;11;89.0
1979-11-05;78.0;11;78.0
1979-11-06;74.0;11;74.0
1979-11-07;58.0;11;58.0
1979-11-08;90.0;11;90.0
1979-11-09;139.0;11;139.0
1979-11-10;144.0;11;144.0
1979-11-11;107.0;11;107.0
1979-11-12;150.0;11;150.0
1979-11-13;155.0;11;155.0
1979-11-14;132.0;11;132.0
1979-11-15;154.0;11;154.0
1979-11-16;113.0;11;113.0
1979-11-17;130.0;11;130.0
1979-11-18;100.0;11;100.0
1979-11-19;89.0;11;89.0
1979-11-20;150.0;11;150.0
1979-11-21;129.0;11;129.0
1979-11-22;100.0;11;100.0
1979-11-23;114.0;11;114.0
1979-11-24;114.0;11;114.0
1979-11-25;148.0;11;148.0
1979-11-26;113.0;11;113.0
1979-11-27;91.0;11;91.0
1979-11-28;73.0;11;73.0
1979-11-29;68.0;11;68.0
1979-11-30;62.0;11;62.0
1979-12-01;58.0;12;58.0
1979-12-02;54.0;12;54.0
1979-12-03;51.0;12;51.0
1979-12-04;49.0;12;49.0
1979-12-05;46.0;12;46.0
1979-12-06;44.0;12;44.0
1979-12-07;44.0;12;44.0
1979-12-08;43.0;12;43.0
1979-12-09;59.0;12;59.0
1979-12-10;47.0;12;47.0
1979-12-11;47.0;12;47.0
1979-12-12;43.0;12;43.0
1979-12-13;40.0;12;40.0
1979-12-14;45.0;12;45.0
1979-12-15;51.0;12;51.0
1979-12-16;43.0;12;43.0
1979-12-17;43.0;12;43.0
1979-12-18;92.0;12;92.0
1979-12-19;144.0;12;144.0
1979-12-20;65.0;12;65.0
1979-12-21;51.0;12;51.0
1979-12-22;44.0;12;44.0
1979-12-23;40.0;12;40.0
1979-12-24;38.0;12;38.0
1979-12-25;35.0;12;35.0
1979-12-26;35.0;12;35.0
1979-12-27;35.0;12;35.0
1979-12-28;34.0;12;34.0
1979-12-29;74.0;12;74.0
1979-12-30;44.0;12;44.0
1979-12-31;40.0;12;40.0
1980-01-01;35.0;1;35.0
1980-01-02;35.0;1;35.0
1980-01-03;33.0;1;33.0
1980-01-04;33.0;1;33.0
1980-01-05;33.0;1;33.0
1980-01-06;32.0;1;32.0
1980-01-07;32.0;1;32.0
1980-01-08;32.0;1;32.0
1980-01-09;32.0;1;32.0
1980-01-10;32.0;1;32.0
1980-01-11;31.0;1;31.0
1980-01-12;31.0;1;31.0
1980-01-13;33.0;1;33.0
1980-01-14;31.0;1;31.0
1980-01-15;31.0;1;31.0
1980-01-16;31.0;1;31.0
1980-01-17;30.0;1;30.0
1980-01-18;30.0;1;30.0
1980-01-19;30.0;1;30.0
1980-01-20;39.0;1;39.0
1980-01-21;32.0;1;32.0
1980-01-22;31.0;1;31.0
1980-01-23;31.0;1;31.0
1980-01-24;31.0;1;31.0
1980-01-25;30.0;1;30.0
1980-01-26;30.0;1;30.0
1980-01-27;30.0;1;30.0
1980-01-28;30.0;1;30.0
1980-01-29;30.0;1;30.0
1980-01-30;30.0;1;30.0
1980-01-31;30.0;1;30.0
1980-02-01;24.0;2;24.0
1980-02-02;24.0;2;24.0
1980-02-03;24.0;2;24.0
1980-02-04;24.0;2;24.0
1980-02-05;35.0;2;35.0
1980-02-06;35.0;2;35.0
1980-02-07;26.0;2;26.0
1980-02-08;24.0;2;24.0
1980-02-09;24.0;2;24.0
1980-02-10;24.0;2;24.0
1980-02-11;24.0;2;24.0
1980-02-12;24.0;2;24.0
1980-02-13;24.0;2;24.0
1980-02-14;24.0;2;24.0
1980-02-15;21.0;2;21.0
1980-02-16;21.0;2;21.0
1980-02-17;21.0;2;21.0
1980-02-18;24.0;2;24.0
1980-02-19;24.0;2;24.0
1980-02-20;29.0;2;29.0
1980-02-21;61.0;2;61.0
1980-02-22;35.0;2;35.0
1980-02-23;35.0;2;35.0
1980-02-24;35.0;2;35.0
1980-02-25;35.0;2;35.0
1980-02-26;24.0;2;24.0
1980-02-27;20.0;2;20.0
1980-02-28;19.0;2;19.0
1980-02-29;19.0;2;19.0
1980-03-01;19.0;3;19.0
1980-03-02;18.0;3;18.0
1980-03-03;17.0;3;17.0
1980-03-04;18.0;3;18.0
1980-03-05;17.0;3;17.0
1980-03-06;17.0;3;17.0
1980-03-07;17.0;3;17.0
1980-03-08;17.0;3;17.0
1980-03-09;17.0;3;17.0
1980-03-10;18.0;3;18.0
1980-03-11;17.0;3;17.0
1980-03-12;17.0;3;17.0
1980-03-13;19.0;3;19.0
1980-03-14;20.0;3;20.0
1980-03-15;20.0;3;20.0
1980-03-16;20.0;3;20.0
1980-03-17;20.0;3;20.0
1980-03-18;20.0;3;20.0
1980-03-19;20.0;3;20.0
1980-03-20;20.0;3;20.0
1980-03-21;19.0;3;19.0
1980-03-22;19.0;3;19.0
1980-03-23;19.0;3;19.0
1980-03-24;19.0;3;19.0
1980-03-25;17.0;3;17.0
1980-03-26;17.0;3;17.0
1980-03-27;17.0;3;17.0
1980-03-28;17.0;3;17.0
1980-03-29;17.0;3;17.0
1980-03-30;17.0;3;17.0
1980-03-31;17.0;3;17.0
1980-04-01;17.0;4;17.0
1980-04-02;17.0;4;17.0
1980-04-03;16.0;4;16.0
1980-04-04;16.0;4;16.0
1980-04-05;16.0;4;16.0
1980-04-06;17.0;4;17.0
1980-04-07;17.0;4;17.0
1980-04-08;70.0;4;70.0
1980-04-09;17.0;4;17.0
1980-04-10;24.0;4;24.0
1980-04-11;24.0;4;24.0
1980-04-12;23.0;4;23.0
1980-04-13;19.0;4;19.0
1980-04-14;20.0;4;20.0
1980-04-15;20.0;4;20.0
1980-04-16;20.0;4;20.0
1980-04-17;19.0;4;19.0
1980-04-18;19.0;4;19.0
1980-04-19;18.0;4;18.0
1980-04-20;18.0;4;18.0
1980-04-21;17.0;4;17.0
1980-04-22;17.0;4;17.0
1980-04-23;19.0;4;19.0
1980-04-24;24.0;4;24.0
1980-04-25;24.0;4;24.0
1980-04-26;17.0;4;17.0
1980-04-27;17.0;4;17.0
1980-04-28;17.0;4;17.0
1980-04-29;17.0;4;17.0
1980-04-30;20.0;4;20.0
1980-05-01;17.0;5;17.0
1980-05-02;17.0;5;17.0
1980-05-03;17.0;5;17.0
1980-05-04;17.0;5;17.0
1980-05-05;17.0;5;17.0
1980-05-06;17.0;5;17.0
1980-05-07;17.0;5;17.0
1980-05-08;17.0;5;17.0
1980-05-09;19.0;5;19.0
1980-05-10;22.0;5;22.0
1980-05-11;17.0;5;17.0
1980-05-12;17.0;5;17.0
1980-05-13;17.0;5;17.0
1980-05-14;17.0;5;17.0
1980-05-15;17.0;5;17.0
1980-05-16;17.0;5;17.0
1980-05-17;29.0;5;29.0
1980-05-18;20.0;5;20.0
1980-05-19;47.0;5;47.0
1980-05-20;28.0;5;28.0
1980-05-21;17.0;5;17.0
1980-05-22;17.0;5;17.0
1980-05-23;17.0;5;17.0
1980-05-24;17.0;5;17.0
1980-05-25;17.0;5;17.0
1980-05-26;20.0;5;20.0
1980-05-27;53.0;5;53.0
1980-05-28;17.0;5;17.0
1980-05-29;21.0;5;21.0
1980-05-30;19.0;5;19.0
1980-05-31;20.0;5;20.0
1980-06-01;18.0;6;18.0
1980-06-02;18.0;6;18.0
1980-06-03;21.0;6;21.0
1980-06-04;41.0;6;41.0
1980-06-05;40.0;6;40.0
1980-06-06;44.0;6;44.0
1980-06-07;24.0;6;24.0
1980-06-08;17.0;6;17.0
1980-06-09;17.0;6;17.0
1980-06-10;17.0;6;17.0
1980-06-11;17.0;6;17.0
1980-06-12;17.0;6;17.0
1980-06-13;16.0;6;16.0
1980-06-14;16.0;6;16.0
1980-06-15;16.0;6;16.0
1980-06-16;16.0;6;16.0
1980-06-17;16.0;6;16.0
1980-06-18;17.0;6;17.0
1980-06-19;17.0;6;17.0
1980-06-20;35.0;6;35.0
1980-06-21;35.0;6;35.0
1980-06-22;35.0;6;35.0
1980-06-23;24.0;6;24.0
1980-06-24;24.0;6;24.0
1980-06-25;17.0;6;17.0
1980-06-26;17.0;6;17.0
1980-06-27;17.0;6;17.0
1980-06-28;24.0;6;24.0
1980-06-29;24.0;6;24.0
1980-06-30;24.0;6;24.0
1980-07-01;17.0;7;17.0
1980-07-02;16.0;7;16.0
1980-07-03;16.0;7;16.0
1980-07-04;16.0;7;16.0
1980-07-05;16.0;7;16.0
1980-07-06;16.0;7;16.0
1980-07-07;16.0;7;16.0
1980-07-08;16.0;7;16.0
1980-07-09;16.0;7;16.0
1980-07-10;16.0;7;16.0
1980-07-11;16.0;7;16.0
1980-07-12;16.0;7;16.0
1980-07-13;16.0;7;16.0
1980-07-14;16.0;7;16.0
1980-07-15;43.0;7;43.0
1980-07-16;16.0;7;16.0
1980-07-17;16.0;7;16.0
1980-07-18;16.0;7;16.0
1980-07-19;16.0;7;16.0
1980-07-20;16.0;7;16.0
1980-07-21;16.0;7;16.0
1980-07-22;16.0;7;16.0
1980-07-23;16.0;7;16.0
1980-07-24;17.0;7;17.0
1980-07-25;16.0;7;16.0
1980-07-26;16.0;7;16.0
1980-07-27;17.0;7;17.0
1980-07-28;18.0;7;18.0
1980-07-29;61.0;7;61.0
1980-07-30;24.0;7;24.0
1980-07-31;17.0;7;17.0
1980-08-01;17.0;8;17.0
1980-08-02;35.0;8;35.0
1980-08-03;17.0;8;17.0
1980-08-04;17.0;8;17.0
1980-08-05;26.0;8;26.0
1980-08-06;31.0;8;31.0
1980-08-07;19.0;8;19.0
1980-08-08;46.0;8;46.0
1980-08-09;39.0;8;39.0
1980-08-10;17.0;8;17.0
1980-08-11;17.0;8;17.0
1980-08-12;17.0;8;17.0
1980-08-13;17.0;8;17.0
1980-08-14;17.0;8;17.0
1980-08-15;20.0;8;20.0
1980-08-16;17.0;8;17.0
1980-08-17;20.0;8;20.0
1980-08-18;19.0;8;19.0
1980-08-19;19.0;8;19.0
1980-08-20;17.0;8;17.0
1980-08-21;24.0;8;24.0
1980-08-22;17.0;8;17.0
1980-08-23;17.0;8;17.0
1980-08-24;17.0;8;17.0
1980-08-25;17.0;8;17.0
1980-08-26;29.0;8;29.0
1980-08-27;20.0;8;20.0
1980-08-28;17.0;8;17.0
1980-08-29;17.0;8;17.0
1980-08-30;17.0;8;17.0
1980-08-31;17.0;8;17.0
1980-09-01;96.0;9;96.0
1980-09-02;145.0;9;145.0
1980-09-03;105.0;9;105.0
1980-09-04;59.0;9;59.0
1980-09-05;74.0;9;74.0
1980-09-06;31.0;9;31.0
1980-09-07;22.0;9;22.0
1980-09-08;27.0;9;27.0
1980-09-09;49.0;9;49.0
1980-09-10;23.0;9;23.0
1980-09-11;30.0;9;30.0
1980-09-12;22.0;9;22.0
1980-09-13;20.0;9;20.0
1980-09-14;22.0;9;22.0
1980-09-15;28.0;9;28.0
1980-09-16;31.0;9;31.0
1980-09-17;48.0;9;48.0
1980-09-18;44.0;9;44.0
1980-09-19;30.0;9;30.0
1980-09-20;34.0;9;34.0
1980-09-21;37.0;9;37.0
1980-09-22;62.0;9;62.0
1980-09-23;31.0;9;31.0
1980-09-24;23.0;9;23.0
1980-09-25;21.0;9;21.0
1980-09-26;20.0;9;20.0
1980-09-27;31.0;9;31.0
1980-09-28;91.0;9;91.0
1980-09-29;27.0;9;27.0
1980-09-30;54.0;9;54.0
1980-10-01;47.0;10;47.0
1980-10-02;23.0;10;23.0
1980-10-03;65.0;10;65.0
1980-10-04;44.0;10;44.0
1980-10-05;54.0;10;54.0
1980-10-06;86.0;10;86.0
1980-10-07;135.0;10;135.0
1980-10-08;69.0;10;69.0
1980-10-09;57.0;10;57.0
1980-10-10;69.0;10;69.0
1980-10-11;55.0;10;55.0
1980-10-12;82.0;10;82.0
1980-10-13;40.0;10;40.0
1980-10-14;76.0;10;76.0
1980-10-15;124.0;10;124.0
1980-10-16;56.0;10;56.0
1980-10-17;96.0;10;96.0
1980-10-18;114.0;10;114.0
1980-10-19;135.0;10;135.0
1980-10-20;64.0;10;64.0
1980-10-21;61.0;10;61.0
1980-10-22;53.0;10;53.0
1980-10-23;38.0;10;38.0
1980-10-24;35.0;10;35.0
1980-10-25;34.0;10;34.0
1980-10-26;31.0;10;31.0
1980-10-27;41.0;10;41.0
1980-10-28;79.0;10;79.0
1980-10-29;68.0;10;68.0
1980-10-30;35.0;10;35.0
1980-10-31;77.0;10;77.0
1980-11-01;102.0;11;102.0
1980-11-02;74.0;11;74.0
1980-11-03;102.0;11;102.0
1980-11-04;92.0;11;92.0
1980-11-05;137.0;11;137.0
1980-11-06;169.0;11;169.0
1980-11-07;85.0;11;85.0
1980-11-08;82.0;11;82.0
1980-11-09;65.0;11;65.0
1980-11-10;58.0;11;58.0
1980-11-11;74.0;11;74.0
1980-11-12;60.0;11;60.0
1980-11-13;62.0;11;62.0
1980-11-14;58.0;11;58.0
1980-11-15;59.0;11;59.0
1980-11-16;82.0;11;82.0
1980-11-17;53.0;11;53.0
1980-11-18;82.0;11;82.0
1980-11-19;72.0;11;72.0
1980-11-20;35.0;11;35.0
1980-11-21;35.0;11;35.0
1980-11-22;35.0;11;35.0
1980-11-23;59.0;11;59.0
1980-11-24;114.0;11;114.0
1980-11-25;114.0;11;114.0
1980-11-26;35.0;11;35.0
1980-11-27;35.0;11;35.0
1980-11-28;35.0;11;35.0
1980-11-29;71.0;11;71.0
1980-11-30;71.0;11;71.0
1980-12-01;30.0;12;30.0
1980-12-02;30.0;12;30.0
1980-12-03;29.0;12;29.0
1980-12-04;28.0;12;28.0
1980-12-05;27.0;12;27.0
1980-12-06;25.0;12;25.0
1980-12-07;41.0;12;41.0
1980-12-08;27.0;12;27.0
1980-12-09;33.0;12;33.0
1980-12-10;27.0;12;27.0
1980-12-11;26.0;12;26.0
1980-12-12;24.0;12;24.0
1980-12-13;28.0;12;28.0
1980-12-14;42.0;12;42.0
1980-12-15;30.0;12;30.0
1980-12-16;36.0;12;36.0
1980-12-17;43.0;12;43.0
1980-12-18;30.0;12;30.0
1980-12-19;25.0;12;25.0
1980-12-20;24.0;12;24.0
1980-12-21;23.0;12;23.0
1980-12-22;20.0;12;20.0
1980-12-23;20.0;12;20.0
1980-12-24;19.0;12;19.0
1980-12-25;19.0;12;19.0
1980-12-26;18.0;12;18.0
1980-12-27;18.0;12;18.0
1980-12-28;17.0;12;17.0
1980-12-29;37.0;12;37.0
1980-12-30;32.0;12;32.0
1980-12-31;27.0;12;27.0
1981-01-01;104.0;1;104.0
1981-01-02;102.0;1;102.0
1981-01-03;98.0;1;98.0
1981-01-04;97.0;1;97.0
1981-01-05;95.0;1;95.0
1981-01-06;94.0;1;94.0
1981-01-07;93.0;1;93.0
1981-01-08;92.0;1;92.0
1981-01-09;92.0;1;92.0
1981-01-10;91.0;1;91.0
1981-01-11;90.0;1;90.0
1981-01-12;90.0;1;90.0
1981-01-13;90.0;1;90.0
1981-01-14;90.0;1;90.0
1981-01-15;90.0;1;90.0
1981-01-16;89.0;1;89.0
1981-01-17;88.0;1;88.0
1981-01-18;88.0;1;88.0
1981-01-19;87.0;1;87.0
1981-01-20;87.0;1;87.0
1981-01-21;87.0;1;87.0
1981-01-22;87.0;1;87.0
1981-01-23;87.0;1;87.0
1981-01-24;85.0;1;85.0
1981-01-25;85.0;1;85.0
1981-01-26;85.0;1;85.0
1981-01-27;85.0;1;85.0
1981-01-28;85.0;1;85.0
1981-01-29;85.0;1;85.0
1981-01-30;84.0;1;84.0
1981-01-31;85.0;1;85.0
1981-02-01;88.0;2;88.0
1981-02-02;84.0;2;84.0
1981-02-03;84.0;2;84.0
1981-02-04;84.0;2;84.0
1981-02-05;84.0;2;84.0
1981-02-06;84.0;2;84.0
1981-02-07;84.0;2;84.0
1981-02-08;84.0;2;84.0
1981-02-09;84.0;2;84.0
1981-02-10;82.0;2;82.0
1981-02-11;81.0;2;81.0
1981-02-12;81.0;2;81.0
1981-02-13;81.0;2;81.0
1981-02-14;81.0;2;81.0
1981-02-15;81.0;2;81.0
1981-02-16;86.0;2;86.0
1981-02-17;87.0;2;87.0
1981-02-18;84.0;2;84.0
1981-02-19;82.0;2;82.0
1981-02-20;84.0;2;84.0
1981-02-21;92.0;2;92.0
1981-02-22;91.0;2;91.0
1981-02-23;95.0;2;95.0
1981-02-24;86.0;2;86.0
1981-02-25;94.0;2;94.0
1981-02-26;94.0;2;94.0
1981-02-27;82.0;2;82.0
1981-02-28;82.0;2;82.0
1981-03-01;21.0;3;21.0
1981-03-02;21.0;3;21.0
1981-03-03;20.0;3;20.0
1981-03-04;21.0;3;21.0
1981-03-05;26.0;3;26.0
1981-03-06;82.0;3;82.0
1981-03-07;75.0;3;75.0
1981-03-08;169.0;3;169.0
1981-03-09;44.0;3;44.0
1981-03-10;162.0;3;162.0
1981-03-11;81.0;3;81.0
1981-03-12;60.0;3;60.0
1981-03-13;64.0;3;64.0
1981-03-14;47.0;3;47.0
1981-03-15;50.0;3;50.0
1981-03-16;41.0;3;41.0
1981-03-17;32.0;3;32.0
1981-03-18;36.0;3;36.0
1981-03-19;30.0;3;30.0
1981-03-20;29.0;3;29.0
1981-03-21;30.0;3;30.0
1981-03-22;27.0;3;27.0
1981-03-23;24.0;3;24.0
1981-03-24;31.0;3;31.0
1981-03-25;24.0;3;24.0
1981-03-26;26.0;3;26.0
1981-03-27;23.0;3;23.0
1981-03-28;22.0;3;22.0
1981-03-29;22.0;3;22.0
1981-03-30;22.0;3;22.0
1981-03-31;22.0;3;22.0
1981-04-01;22.0;4;22.0
1981-04-02;21.0;4;21.0
1981-04-03;42.0;4;42.0
1981-04-04;29.0;4;29.0
1981-04-05;47.0;4;47.0
1981-04-06;35.0;4;35.0
1981-04-07;114.0;4;114.0
1981-04-08;70.0;4;70.0
1981-04-09;41.0;4;41.0
1981-04-10;42.0;4;42.0
1981-04-11;38.0;4;38.0
1981-04-12;56.0;4;56.0
1981-04-13;79.0;4;79.0
1981-04-14;193.0;4;193.0
1981-04-15;470.0;4;470.0
1981-04-16;429.0;4;429.0
1981-04-17;414.0;4;414.0
1981-04-18;168.0;4;168.0
1981-04-19;231.0;4;231.0
1981-04-20;157.0;4;157.0
1981-04-21;134.0;4;134.0
1981-04-22;215.0;4;215.0
1981-04-23;197.0;4;197.0
1981-04-24;161.0;4;161.0
1981-04-25;155.0;4;155.0
1981-04-26;124.0;4;124.0
1981-04-27;173.0;4;173.0
1981-04-28;152.0;4;152.0
1981-04-29;202.0;4;202.0
1981-04-30;177.0;4;177.0
1981-05-01;160.0;5;160.0
1981-05-02;175.0;5;175.0
1981-05-03;163.0;5;163.0
1981-05-04;153.0;5;153.0
1981-05-05;188.0;5;188.0
1981-05-06;191.0;5;191.0
1981-05-07;161.0;5;161.0
1981-05-08;173.0;5;173.0
1981-05-09;878.0;5;878.0
1981-05-10;174.0;5;174.0
1981-05-11;482.0;5;482.0
1981-05-12;341.0;5;341.0
1981-05-13;306.0;5;306.0
1981-05-14;310.0;5;310.0
1981-05-15;244.0;5;244.0
1981-05-16;242.0;5;242.0
1981-05-17;209.0;5;209.0
1981-05-18;189.0;5;189.0
1981-05-19;180.0;5;180.0
1981-05-20;175.0;5;175.0
1981-05-21;164.0;5;164.0
1981-05-22;155.0;5;155.0
1981-05-23;153.0;5;153.0
1981-05-24;187.0;5;187.0
1981-05-25;207.0;5;207.0
1981-05-26;186.0;5;186.0
1981-05-27;168.0;5;168.0
1981-05-28;160.0;5;160.0
1981-05-29;153.0;5;153.0
1981-05-30;143.0;5;143.0
1981-05-31;145.0;5;145.0
1981-06-01;244.0;6;244.0
1981-06-02;242.0;6;242.0
1981-06-03;207.0;6;207.0
1981-06-04;193.0;6;193.0
1981-06-05;175.0;6;175.0
1981-06-06;165.0;6;165.0
1981-06-07;151.0;6;151.0
1981-06-08;146.0;6;146.0
1981-06-09;145.0;6;145.0
1981-06-10;130.0;6;130.0
1981-06-11;131.0;6;131.0
1981-06-12;128.0;6;128.0
1981-06-13;122.0;6;122.0
1981-06-14;137.0;6;137.0
1981-06-15;134.0;6;134.0
1981-06-16;121.0;6;121.0
1981-06-17;113.0;6;113.0
1981-06-18;114.0;6;114.0
1981-06-19;112.0;6;112.0
1981-06-20;108.0;6;108.0
1981-06-21;100.0;6;100.0
1981-06-22;93.0;6;93.0
1981-06-23;108.0;6;108.0
1981-06-24;118.0;6;118.0
1981-06-25;128.0;6;128.0
1981-06-26;118.0;6;118.0
1981-06-27;75.0;6;75.0
1981-06-28;110.0;6;110.0
1981-06-29;82.0;6;82.0
1981-06-30;110.0;6;110.0
1981-07-01;113.0;7;113.0
1981-07-02;147.0;7;147.0
1981-07-03;142.0;7;142.0
1981-07-04;134.0;7;134.0
1981-07-05;126.0;7;126.0
1981-07-06;114.0;7;114.0
1981-07-07;100.0;7;100.0
1981-07-08;83.0;7;83.0
1981-07-09;75.0;7;75.0
1981-07-10;87.0;7;87.0
1981-07-11;106.0;7;106.0
1981-07-12;127.0;7;127.0
1981-07-13;149.0;7;149.0
1981-07-14;168.0;7;168.0
1981-07-15;177.0;7;177.0
1981-07-16;185.0;7;185.0
1981-07-17;171.0;7;171.0
1981-07-18;159.0;7;159.0
1981-07-19;145.0;7;145.0
1981-07-20;134.0;7;134.0
1981-07-21;124.0;7;124.0
1981-07-22;118.0;7;118.0
1981-07-23;112.0;7;112.0
1981-07-24;96.0;7;96.0
1981-07-25;85.0;7;85.0
1981-07-26;75.0;7;75.0
1981-07-27;55.0;7;55.0
1981-07-28;48.0;7;48.0
1981-07-29;45.0;7;45.0
1981-07-30;108.0;7;108.0
1981-07-31;106.0;7;106.0
1981-08-01;106.0;8;106.0
1981-08-02;106.0;8;106.0
1981-08-03;104.0;8;104.0
1981-08-04;104.0;8;104.0
1981-08-05;104.0;8;104.0
1981-08-06;104.0;8;104.0
1981-08-07;104.0;8;104.0
1981-08-08;105.0;8;105.0
1981-08-09;103.0;8;103.0
1981-08-10;103.0;8;103.0
1981-08-11;103.0;8;103.0
1981-08-12;105.0;8;105.0
1981-08-13;117.0;8;117.0
1981-08-14;114.0;8;114.0
1981-08-15;117.0;8;117.0
1981-08-16;116.0;8;116.0
1981-08-17;106.0;8;106.0
1981-08-18;108.0;8;108.0
1981-08-19;109.0;8;109.0
1981-08-20;121.0;8;121.0
1981-08-21;135.0;8;135.0
1981-08-22;176.0;8;176.0
1981-08-23;188.0;8;188.0
1981-08-24;224.0;8;224.0
1981-08-25;133.0;8;133.0
1981-08-26;125.0;8;125.0
1981-08-27;118.0;8;118.0
1981-08-28;109.0;8;109.0
1981-08-29;108.0;8;108.0
1981-08-30;124.0;8;124.0
1981-08-31;148.0;8;148.0
1981-09-01;146.0;9;146.0
1981-09-02;139.0;9;139.0
1981-09-03;137.0;9;137.0
1981-09-04;190.0;9;190.0
1981-09-05;140.0;9;140.0
1981-09-06;128.0;9;128.0
1981-09-07;147.0;9;147.0
1981-09-08;145.0;9;145.0
1981-09-09;125.0;9;125.0
1981-09-10;118.0;9;118.0
1981-09-11;127.0;9;127.0
1981-09-12;135.0;9;135.0
1981-09-13;243.0;9;243.0
1981-09-14;152.0;9;152.0
1981-09-15;137.0;9;137.0
1981-09-16;132.0;9;132.0
1981-09-17;135.0;9;135.0
1981-09-18;123.0;9;123.0
1981-09-19;118.0;9;118.0
1981-09-20;137.0;9;137.0
1981-09-21;125.0;9;125.0
1981-09-22;127.0;9;127.0
1981-09-23;121.0;9;121.0
1981-09-24;122.0;9;122.0
1981-09-25;121.0;9;121.0
1981-09-26;123.0;9;123.0
1981-09-27;129.0;9;129.0
1981-09-28;158.0;9;158.0
1981-09-29;134.0;9;134.0
1981-09-30;93.0;9;93.0
1981-10-01;89.0;10;89.0
1981-10-02;84.0;10;84.0
1981-10-03;82.0;10;82.0
1981-10-04;114.0;10;114.0
1981-10-05;82.0;10;82.0
1981-10-06;79.0;10;79.0
1981-10-07;83.0;10;83.0
1981-10-08;82.0;10;82.0
1981-10-09;97.0;10;97.0
1981-10-10;209.0;10;209.0
1981-10-11;199.0;10;199.0
1981-10-12;121.0;10;121.0
1981-10-13;162.0;10;162.0
1981-10-14;120.0;10;120.0
1981-10-15;152.0;10;152.0
1981-10-16;191.0;10;191.0
1981-10-17;207.0;10;207.0
1981-10-18;241.0;10;241.0
1981-10-19;167.0;10;167.0
1981-10-20;181.0;10;181.0
1981-10-21;168.0;10;168.0
1981-10-22;187.0;10;187.0
1981-10-23;190.0;10;190.0
1981-10-24;163.0;10;163.0
1981-10-25;142.0;10;142.0
1981-10-26;145.0;10;145.0
1981-10-27;154.0;10;154.0
1981-10-28;194.0;10;194.0
1981-10-29;154.0;10;154.0
1981-10-30;134.0;10;134.0
1981-10-31;135.0;10;135.0
1981-11-01;136.0;11;136.0
1981-11-02;118.0;11;118.0
1981-11-03;118.0;11;118.0
1981-11-04;157.0;11;157.0
1981-11-05;147.0;11;147.0
1981-11-06;135.0;11;135.0
1981-11-07;130.0;11;130.0
1981-11-08;173.0;11;173.0
1981-11-09;159.0;11;159.0
1981-11-10;259.0;11;259.0
1981-11-11;156.0;11;156.0
1981-11-12;155.0;11;155.0
1981-11-13;225.0;11;225.0
1981-11-14;204.0;11;204.0
1981-11-15;185.0;11;185.0
1981-11-16;129.0;11;129.0
1981-11-17;124.0;11;124.0
1981-11-18;279.0;11;279.0
1981-11-19;353.0;11;353.0
1981-11-20;200.0;11;200.0
1981-11-21;197.0;11;197.0
1981-11-22;191.0;11;191.0
1981-11-23;160.0;11;160.0
1981-11-24;146.0;11;146.0
1981-11-25;163.0;11;163.0
1981-11-26;322.0;11;322.0
1981-11-27;206.0;11;206.0
1981-11-28;168.0;11;168.0
1981-11-29;220.0;11;220.0
1981-11-30;727.0;11;727.0
1981-12-01;669.0;12;669.0
1981-12-02;682.0;12;682.0
1981-12-03;138.0;12;138.0
1981-12-04;187.0;12;187.0
1981-12-05;259.0;12;259.0
1981-12-06;172.0;12;172.0
1981-12-07;165.0;12;165.0
1981-12-08;152.0;12;152.0
1981-12-09;142.0;12;142.0
1981-12-10;133.0;12;133.0
1981-12-11;153.0;12;153.0
1981-12-12;291.0;12;291.0
1981-12-13;164.0;12;164.0
1981-12-14;148.0;12;148.0
1981-12-15;144.0;12;144.0
1981-12-16;134.0;12;134.0
1981-12-17;131.0;12;131.0
1981-12-18;132.0;12;132.0
1981-12-19;95.0;12;95.0
1981-12-20;90.0;12;90.0
1981-12-21;85.0;12;85.0
1981-12-22;83.0;12;83.0
1981-12-23;79.0;12;79.0
1981-12-24;93.0;12;93.0
1981-12-25;101.0;12;101.0
1981-12-26;118.0;12;118.0
1981-12-27;139.0;12;139.0
1981-12-28;147.0;12;147.0
1981-12-29;148.0;12;148.0
1981-12-30;146.0;12;146.0
1981-12-31;151.0;12;151.0
1982-01-01;120.0;1;120.0
1982-01-02;128.0;1;128.0
1982-01-03;125.0;1;125.0
1982-01-04;120.0;1;120.0
1982-01-05;135.0;1;135.0
1982-01-06;131.0;1;131.0
1982-01-07;90.0;1;90.0
1982-01-08;146.0;1;146.0
1982-01-09;81.0;1;81.0
1982-01-10;76.0;1;76.0
1982-01-11;69.0;1;69.0
1982-01-12;52.0;1;52.0
1982-01-13;55.0;1;55.0
1982-01-14;56.0;1;56.0
1982-01-15;50.0;1;50.0
1982-01-16;66.0;1;66.0
1982-01-17;61.0;1;61.0
1982-01-18;75.0;1;75.0
1982-01-19;68.0;1;68.0
1982-01-20;61.0;1;61.0
1982-01-21;52.0;1;52.0
1982-01-22;47.0;1;47.0
1982-01-23;43.0;1;43.0
1982-01-24;41.0;1;41.0
1982-01-25;41.0;1;41.0
1982-01-26;41.0;1;41.0
1982-01-27;39.0;1;39.0
1982-01-28;37.0;1;37.0
1982-01-29;36.0;1;36.0
1982-01-30;35.0;1;35.0
1982-01-31;35.0;1;35.0
1982-02-01;34.0;2;34.0
1982-02-02;36.0;2;36.0
1982-02-03;35.0;2;35.0
1982-02-04;35.0;2;35.0
1982-02-05;46.0;2;46.0
1982-02-06;42.0;2;42.0
1982-02-07;37.0;2;37.0
1982-02-08;35.0;2;35.0
1982-02-09;33.0;2;33.0
1982-02-10;32.0;2;32.0
1982-02-11;32.0;2;32.0
1982-02-12;31.0;2;31.0
1982-02-13;47.0;2;47.0
1982-02-14;43.0;2;43.0
1982-02-15;40.0;2;40.0
1982-02-16;35.0;2;35.0
1982-02-17;42.0;2;42.0
1982-02-18;35.0;2;35.0
1982-02-19;34.0;2;34.0
1982-02-20;35.0;2;35.0
1982-02-21;32.0;2;32.0
1982-02-22;32.0;2;32.0
1982-02-23;30.0;2;30.0
1982-02-24;39.0;2;39.0
1982-02-25;60.0;2;60.0
1982-02-26;44.0;2;44.0
1982-02-27;31.0;2;31.0
1982-02-28;26.0;2;26.0
1982-03-01;28.0;3;28.0
1982-03-02;50.0;3;50.0
1982-03-03;26.0;3;26.0
1982-03-04;24.0;3;24.0
1982-03-05;30.0;3;30.0
1982-03-06;27.0;3;27.0
1982-03-07;22.0;3;22.0
1982-03-08;23.0;3;23.0
1982-03-09;60.0;3;60.0
1982-03-10;97.0;3;97.0
1982-03-11;56.0;3;56.0
1982-03-12;43.0;3;43.0
1982-03-13;32.0;3;32.0
1982-03-14;35.0;3;35.0
1982-03-15;27.0;3;27.0
1982-03-16;26.0;3;26.0
1982-03-17;19.0;3;19.0
1982-03-18;20.0;3;20.0
1982-03-19;20.0;3;20.0
1982-03-20;20.0;3;20.0
1982-03-21;20.0;3;20.0
1982-03-22;20.0;3;20.0
1982-03-23;22.0;3;22.0
1982-03-24;22.0;3;22.0
1982-03-25;27.0;3;27.0
1982-03-26;41.0;3;41.0
1982-03-27;40.0;3;40.0
1982-03-28;48.0;3;48.0
1982-03-29;32.0;3;32.0
1982-03-30;38.0;3;38.0
1982-03-31;28.0;3;28.0
1982-04-01;23.0;4;23.0
1982-04-02;44.0;4;44.0
1982-04-03;119.0;4;119.0
1982-04-04;141.0;4;141.0
1982-04-05;98.0;4;98.0
1982-04-06;94.0;4;94.0
1982-04-07;119.0;4;119.0
1982-04-08;76.0;4;76.0
1982-04-09;55.0;4;55.0
1982-04-10;47.0;4;47.0
1982-04-11;43.0;4;43.0
1982-04-12;37.0;4;37.0
1982-04-13;35.0;4;35.0
1982-04-14;35.0;4;35.0
1982-04-15;66.0;4;66.0
1982-04-16;48.0;4;48.0
1982-04-17;38.0;4;38.0
1982-04-18;46.0;4;46.0
1982-04-19;89.0;4;89.0
1982-04-20;59.0;4;59.0
1982-04-21;66.0;4;66.0
1982-04-22;51.0;4;51.0
1982-04-23;59.0;4;59.0
1982-04-24;56.0;4;56.0
1982-04-25;44.0;4;44.0
1982-04-26;35.0;4;35.0
1982-04-27;78.0;4;78.0
1982-04-28;70.0;4;70.0
1982-04-29;113.0;4;113.0
1982-04-30;105.0;4;105.0
1982-05-01;86.0;5;86.0
1982-05-02;146.0;5;146.0
1982-05-03;143.0;5;143.0
1982-05-04;222.0;5;222.0
1982-05-05;120.0;5;120.0
1982-05-06;105.0;5;105.0
1982-05-07;313.0;5;313.0
1982-05-08;226.0;5;226.0
1982-05-09;100.0;5;100.0
1982-05-10;73.0;5;73.0
1982-05-11;102.0;5;102.0
1982-05-12;91.0;5;91.0
1982-05-13;82.0;5;82.0
1982-05-14;77.0;5;77.0
1982-05-15;72.0;5;72.0
1982-05-16;80.0;5;80.0
1982-05-17;71.0;5;71.0
1982-05-18;89.0;5;89.0
1982-05-19;83.0;5;83.0
1982-05-20;67.0;5;67.0
1982-05-21;95.0;5;95.0
1982-05-22;89.0;5;89.0
1982-05-23;85.0;5;85.0
1982-05-24;80.0;5;80.0
1982-05-25;161.0;5;161.0
1982-05-26;260.0;5;260.0
1982-05-27;142.0;5;142.0
1982-05-28;227.0;5;227.0
1982-05-29;176.0;5;176.0
1982-05-30;278.0;5;278.0
1982-05-31;191.0;5;191.0
1982-06-01;109.0;6;109.0
1982-06-02;100.0;6;100.0
1982-06-03;93.0;6;93.0
1982-06-04;96.0;6;96.0
1982-06-05;93.0;6;93.0
1982-06-06;106.0;6;106.0
1982-06-07;116.0;6;116.0
1982-06-08;89.0;6;89.0
1982-06-09;69.0;6;69.0
1982-06-10;70.0;6;70.0
1982-06-11;68.0;6;68.0
1982-06-12;81.0;6;81.0
1982-06-13;69.0;6;69.0
1982-06-14;55.0;6;55.0
1982-06-15;49.0;6;49.0
1982-06-16;42.0;6;42.0
1982-06-17;35.0;6;35.0
1982-06-18;60.0;6;60.0
1982-06-19;35.0;6;35.0
1982-06-20;35.0;6;35.0
1982-06-21;32.0;6;32.0
1982-06-22;30.0;6;30.0
1982-06-23;30.0;6;30.0
1982-06-24;30.0;6;30.0
1982-06-25;30.0;6;30.0
1982-06-26;30.0;6;30.0
1982-06-27;30.0;6;30.0
1982-06-28;30.0;6;30.0
1982-06-29;30.0;6;30.0
1982-06-30;30.0;6;30.0
1982-07-01;30.0;7;30.0
1982-07-02;30.0;7;30.0
1982-07-03;30.0;7;30.0
1982-07-04;28.0;7;28.0
1982-07-05;28.0;7;28.0
1982-07-06;28.0;7;28.0
1982-07-07;28.0;7;28.0
1982-07-08;27.0;7;27.0
1982-07-09;32.0;7;32.0
1982-07-10;29.0;7;29.0
1982-07-11;35.0;7;35.0
1982-07-12;30.0;7;30.0
1982-07-13;35.0;7;35.0
1982-07-14;65.0;7;65.0
1982-07-15;30.0;7;30.0
1982-07-16;28.0;7;28.0
1982-07-17;28.0;7;28.0
1982-07-18;24.0;7;24.0
1982-07-19;24.0;7;24.0
1982-07-20;24.0;7;24.0
1982-07-21;24.0;7;24.0
1982-07-22;24.0;7;24.0
1982-07-23;24.0;7;24.0
1982-07-24;24.0;7;24.0
1982-07-25;24.0;7;24.0
1982-07-26;43.0;7;43.0
1982-07-27;24.0;7;24.0
1982-07-28;24.0;7;24.0
1982-07-29;24.0;7;24.0
1982-07-30;24.0;7;24.0
1982-07-31;24.0;7;24.0
1982-08-01;24.0;8;24.0
1982-08-02;24.0;8;24.0
1982-08-03;24.0;8;24.0
1982-08-04;24.0;8;24.0
1982-08-05;24.0;8;24.0
1982-08-06;24.0;8;24.0
1982-08-07;24.0;8;24.0
1982-08-08;22.0;8;22.0
1982-08-09;21.0;8;21.0
1982-08-10;21.0;8;21.0
1982-08-11;21.0;8;21.0
1982-08-12;21.0;8;21.0
1982-08-13;20.0;8;20.0
1982-08-14;20.0;8;20.0
1982-08-15;20.0;8;20.0
1982-08-16;20.0;8;20.0
1982-08-17;20.0;8;20.0
1982-08-18;20.0;8;20.0
1982-08-19;20.0;8;20.0
1982-08-20;20.0;8;20.0
1982-08-21;20.0;8;20.0
1982-08-22;20.0;8;20.0
1982-08-23;20.0;8;20.0
1982-08-24;20.0;8;20.0
1982-08-25;20.0;8;20.0
1982-08-26;20.0;8;20.0
1982-08-27;20.0;8;20.0
1982-08-28;20.0;8;20.0
1982-08-29;20.0;8;20.0
1982-08-30;20.0;8;20.0
1982-08-31;20.0;8;20.0
1982-09-01;20.0;9;20.0
1982-09-02;20.0;9;20.0
1982-09-03;20.0;9;20.0
1982-09-04;20.0;9;20.0
1982-09-05;20.0;9;20.0
1982-09-06;20.0;9;20.0
1982-09-07;20.0;9;20.0
1982-09-08;20.0;9;20.0
1982-09-09;31.0;9;31.0
1982-09-10;35.0;9;35.0
1982-09-11;30.0;9;30.0
1982-09-12;24.0;9;24.0
1982-09-13;20.0;9;20.0
1982-09-14;31.0;9;31.0
1982-09-15;32.0;9;32.0
1982-09-16;24.0;9;24.0
1982-09-17;31.0;9;31.0
1982-09-18;28.0;9;28.0
1982-09-19;20.0;9;20.0
1982-09-20;20.0;9;20.0
1982-09-21;20.0;9;20.0
1982-09-22;17.0;9;17.0
1982-09-23;19.0;9;19.0
1982-09-24;20.0;9;20.0
1982-09-25;20.0;9;20.0
1982-09-26;20.0;9;20.0
1982-09-27;20.0;9;20.0
1982-09-28;20.0;9;20.0
1982-09-29;20.0;9;20.0
1982-09-30;20.0;9;20.0
1982-10-01;20.0;10;20.0
1982-10-02;20.0;10;20.0
1982-10-03;20.0;10;20.0
1982-10-04;20.0;10;20.0
1982-10-05;22.0;10;22.0
1982-10-06;67.0;10;67.0
1982-10-07;31.0;10;31.0
1982-10-08;35.0;10;35.0
1982-10-09;50.0;10;50.0
1982-10-10;62.0;10;62.0
1982-10-11;77.0;10;77.0
1982-10-12;39.0;10;39.0
1982-10-13;35.0;10;35.0
1982-10-14;36.0;10;36.0
1982-10-15;27.0;10;27.0
1982-10-16;31.0;10;31.0
1982-10-17;32.0;10;32.0
1982-10-18;32.0;10;32.0
1982-10-19;82.0;10;82.0
1982-10-20;48.0;10;48.0
1982-10-21;77.0;10;77.0
1982-10-22;84.0;10;84.0
1982-10-23;87.0;10;87.0
1982-10-24;89.0;10;89.0
1982-10-25;74.0;10;74.0
1982-10-26;59.0;10;59.0
1982-10-27;42.0;10;42.0
1982-10-28;31.0;10;31.0
1982-10-29;31.0;10;31.0
1982-10-30;31.0;10;31.0
1982-10-31;31.0;10;31.0
1982-11-01;35.0;11;35.0
1982-11-02;32.0;11;32.0
1982-11-03;150.0;11;150.0
1982-11-04;69.0;11;69.0
1982-11-05;33.0;11;33.0
1982-11-06;85.0;11;85.0
1982-11-07;45.0;11;45.0
1982-11-08;38.0;11;38.0
1982-11-09;34.0;11;34.0
1982-11-10;31.0;11;31.0
1982-11-11;30.0;11;30.0
1982-11-12;30.0;11;30.0
1982-11-13;30.0;11;30.0
1982-11-14;25.0;11;25.0
1982-11-15;24.0;11;24.0
1982-11-16;24.0;11;24.0
1982-11-17;32.0;11;32.0
1982-11-18;26.0;11;26.0
1982-11-19;33.0;11;33.0
1982-11-20;29.0;11;29.0
1982-11-21;24.0;11;24.0
1982-11-22;25.0;11;25.0
1982-11-23;29.0;11;29.0
1982-11-24;28.0;11;28.0
1982-11-25;24.0;11;24.0
1982-11-26;78.0;11;78.0
1982-11-27;92.0;11;92.0
1982-11-28;111.0;11;111.0
1982-11-29;33.0;11;33.0
1982-11-30;24.0;11;24.0
1982-12-01;24.0;12;24.0
1982-12-02;24.0;12;24.0
1982-12-03;23.0;12;23.0
1982-12-04;19.0;12;19.0
1982-12-05;24.0;12;24.0
1982-12-06;24.0;12;24.0
1982-12-07;23.0;12;23.0
1982-12-08;22.0;12;22.0
1982-12-09;22.0;12;22.0
1982-12-10;22.0;12;22.0
1982-12-11;22.0;12;22.0
1982-12-12;22.0;12;22.0
1982-12-13;22.0;12;22.0
1982-12-14;22.0;12;22.0
1982-12-15;22.0;12;22.0
1982-12-16;21.0;12;21.0
1982-12-17;21.0;12;21.0
1982-12-18;21.0;12;21.0
1982-12-19;21.0;12;21.0
1982-12-20;21.0;12;21.0
1982-12-21;21.0;12;21.0
1982-12-22;21.0;12;21.0
1982-12-23;21.0;12;21.0
1982-12-24;23.0;12;23.0
1982-12-25;21.0;12;21.0
1982-12-26;35.0;12;35.0
1982-12-27;21.0;12;21.0
1982-12-28;21.0;12;21.0
1982-12-29;21.0;12;21.0
1982-12-30;21.0;12;21.0
1982-12-31;22.0;12;22.0
1983-01-01;-999.000;1;29.0
1983-01-02;-999.000;1;23.0
1983-01-03;-999.000;1;87.0
1983-01-04;-999.000;1;46.0
1983-01-05;-999.000;1;33.0
1983-01-06;-999.000;1;40.0
1983-01-07;-999.000;1;21.0
1983-01-08;-999.000;1;24.0
1983-01-09;-999.000;1;35.0
1983-01-10;-999.000;1;34.0
1983-01-11;-999.000;1;24.0
1983-01-12;-999.000;1;24.0
1983-01-13;-999.000;1;120.0
1983-01-14;-999.000;1;29.0
1983-01-15;-999.000;1;41.0
1983-01-16;-999.000;1;68.0
1983-01-17;-999.000;1;47.0
1983-01-18;-999.000;1;23.0
1983-01-19;-999.000;1;35.0
1983-01-20;-999.000;1;21.0
1983-01-21;-999.000;1;29.0
1983-01-22;-999.000;1;36.0
1983-01-23;-999.000;1;33.0
1983-01-24;-999.000;1;22.0
1983-01-25;-999.000;1;33.0
1983-01-26;-999.000;1;25.0
1983-01-27;-999.000;1;29.0
1983-01-28;-999.000;1;34.0
1983-01-29;-999.000;1;34.0
1983-01-30;-999.000;1;33.0
1983-01-31;-999.000;1;84.0
1983-02-01;-999.000;2;24.0
1983-02-02;-999.000;2;36.0
1983-02-03;-999.000;2;21.0
1983-02-04;-999.000;2;20.0
1983-02-05;-999.000;2;20.0
1983-02-06;-999.000;2;19.0
1983-02-07;-999.000;2;24.0
1983-02-08;-999.000;2;32.0
1983-02-09;-999.000;2;29.0
1983-02-10;-999.000;2;21.0
1983-02-11;-999.000;2;22.0
1983-02-12;-999.000;2;22.0
1983-02-13;-999.000;2;17.0
1983-02-14;-999.000;2;17.0
1983-02-15;-999.000;2;21.0
1983-02-16;-999.000;2;24.0
1983-02-17;-999.000;2;46.0
1983-02-18;-999.000;2;33.0
1983-02-19;-999.000;2;23.0
1983-02-20;-999.000;2;61.0
1983-02-21;-999.000;2;21.0
1983-02-22;-999.000;2;80.0
1983-02-23;-999.000;2;29.0
1983-02-24;-999.000;2;36.0
1983-02-25;-999.000;2;33.0
1983-02-26;-999.000;2;23.0
1983-02-27;-999.000;2;17.0
1983-02-28;-999.000;2;27.0
1983-03-01;-999.000;3;25.0
1983-03-02;-999.000;3;73.0
1983-03-03;-999.000;3;38.0
1983-03-04;-999.000;3;18.0
1983-03-05;-999.000;3;24.0
1983-03-06;-999.000;3;39.0
1983-03-07;-999.000;3;31.0
1983-03-08;-999.000;3;17.0
1983-03-09;-999.000;3;18.0
1983-03-10;-999.000;3;38.0
1983-03-11;-999.000;3;25.0
1983-03-12;-999.000;3;157.0
1983-03-13;-999.000;3;130.0
1983-03-14;-999.000;3;31.0
1983-03-15;-999.000;3;24.0
1983-03-16;-999.000;3;50.0
1983-03-17;-999.000;3;14.0
1983-03-18;-999.000;3;74.0
1983-03-19;-999.000;3;23.0
1983-03-20;-999.000;3;29.0
1983-03-21;-999.000;3;20.0
1983-03-22;-999.000;3;23.0
1983-03-23;-999.000;3;32.0
1983-03-24;-999.000;3;17.0
1983-03-25;-999.000;3;30.0
1983-03-26;-999.000;3;17.0
1983-03-27;-999.000;3;31.0
1983-03-28;-999.000;3;15.0
1983-03-29;-999.000;3;20.0
1983-03-30;-999.000;3;32.0
1983-03-31;-999.000;3;20.0
1983-04-01;-999.000;4;21.0
1983-04-02;-999.000;4;30.0
1983-04-03;-999.000;4;13.0
1983-04-04;-999.000;4;32.0
1983-04-05;-999.000;4;32.0
1983-04-06;-999.000;4;16.0
1983-04-07;-999.000;4;51.0
1983-04-08;-999.000;4;24.0
1983-04-09;-999.000;4;17.0
1983-04-10;-999.000;4;177.0
1983-04-11;-999.000;4;29.0
1983-04-12;-999.000;4;180.0
1983-04-13;-999.000;4;173.0
1983-04-14;-999.000;4;10.0
1983-04-15;-999.000;4;15.0
1983-04-16;-999.000;4;18.0
1983-04-17;-999.000;4;51.0
1983-04-18;-999.000;4;19.0
1983-04-19;-999.000;4;19.0
1983-04-20;-999.000;4;70.0
1983-04-21;-999.000;4;18.0
1983-04-22;-999.000;4;43.0
1983-04-23;-999.000;4;17.0
1983-04-24;-999.000;4;44.0
1983-04-25;-999.000;4;17.0
1983-04-26;-999.000;4;17.0
1983-04-27;-999.000;4;43.0
1983-04-28;-999.000;4;105.0
1983-04-29;-999.000;4;56.0
1983-04-30;-999.000;4;76.0
1983-05-01;-999.000;5;33.0
1983-05-02;-999.000;5;186.0
1983-05-03;-999.000;5;33.0
1983-05-04;-999.000;5;18.0
1983-05-05;-999.000;5;160.0
1983-05-06;-999.000;5;21.0
1983-05-07;-999.000;5;153.0
1983-05-08;-999.000;5;27.0
1983-05-09;-999.000;5;24.0
1983-05-10;-999.000;5;51.0
1983-05-11;-999.000;5;24.0
1983-05-12;-999.000;5;20.0
1983-05-13;-999.000;5;16.0
1983-05-14;-999.000;5;20.0
1983-05-15;-999.000;5;91.0
1983-05-16;-999.000;5;29.0
1983-05-17;-999.000;5;20.0
1983-05-18;-999.000;5;93.0
1983-05-19;-999.000;5;16.0
1983-05-20;-999.000;5;64.0
1983-05-21;-999.000;5;16.0
1983-05-22;-999.000;5;100.0
1983-05-23;-999.000;5;80.0
1983-05-24;-999.000;5;39.0
1983-05-25;-999.000;5;63.0
1983-05-26;-999.000;5;82.0
1983-05-27;-999.000;5;89.0
1983-05-28;-999.000;5;175.0
1983-05-29;-999.000;5;28.0
1983-05-30;-999.000;5;21.0
1983-05-31;-999.000;5;341.0
1983-06-01;-999.000;6;16.0
1983-06-02;-999.000;6;24.0
1983-06-03;-999.000;6;29.0
1983-06-04;-999.000;6;40.0
1983-06-05;-999.000;6;108.0
1983-06-06;-999.000;6;18.0
1983-06-07;-999.000;6;44.0
1983-06-08;-999.000;6;21.0
1983-06-09;-999.000;6;24.0
1983-06-10;-999.000;6;18.0
1983-06-11;-999.000;6;17.0
1983-06-12;-999.000;6;17.0
1983-06-13;-999.000;6;24.0
1983-06-14;-999.000;6;34.0
1983-06-15;-999.000;6;47.0
1983-06-16;-999.000;6;24.0
1983-06-17;-999.000;6;53.0
1983-06-18;-999.000;6;68.0
1983-06-19;-999.000;6;78.0
1983-06-20;-999.000;6;52.0
1983-06-21;-999.000;6;53.0
1983-06-22;-999.000;6;95.0
1983-06-23;-999.000;6;27.0
1983-06-24;-999.000;6;17.0
1983-06-25;-999.000;6;33.0
1983-06-26;-999.000;6;17.0
1983-06-27;-999.000;6;24.0
1983-06-28;-999.000;6;81.0
1983-06-29;-999.000;6;22.0
1983-06-30;-999.000;6;22.0
1983-07-01;-999.000;7;22.0
1983-07-02;-999.000;7;28.0
1983-07-03;-999.000;7;21.0
1983-07-04;-999.000;7;52.0
1983-07-05;-999.000;7;28.0
1983-07-06;-999.000;7;16.0
1983-07-07;-999.000;7;52.0
1983-07-08;-999.000;7;159.0
1983-07-09;-999.000;7;24.0
1983-07-10;-999.000;7;17.0
1983-07-11;-999.000;7;25.0
1983-07-12;-999.000;7;24.0
1983-07-13;-999.000;7;24.0
1983-07-14;-999.000;7;16.0
1983-07-15;-999.000;7;43.0
1983-07-16;-999.000;7;52.0
1983-07-17;-999.000;7;106.0
1983-07-18;-999.000;7;27.0
1983-07-19;-999.000;7;21.0
1983-07-20;-999.000;7;16.0
1983-07-21;-999.000;7;16.0
1983-07-22;-999.000;7;48.0
1983-07-23;-999.000;7;30.0
1983-07-24;-999.000;7;128.0
1983-07-25;-999.000;7;16.0
1983-07-26;-999.000;7;40.0
1983-07-27;-999.000;7;40.0
1983-07-28;-999.000;7;114.0
1983-07-29;-999.000;7;62.0
1983-07-30;-999.000;7;22.0
1983-07-31;-999.000;7;22.0
1983-08-01;-999.000;8;85.0
1983-08-02;-999.000;8;24.0
1983-08-03;-999.000;8;33.0
1983-08-04;-999.000;8;29.0
1983-08-05;-999.000;8;60.0
1983-08-06;-999.000;8;118.0
1983-08-07;-999.000;8;166.0
1983-08-08;-999.000;8;54.0
1983-08-09;-999.000;8;52.0
1983-08-10;-999.000;8;188.0
1983-08-11;-999.000;8;38.0
1983-08-12;-999.000;8;20.0
1983-08-13;-999.000;8;69.0
1983-08-14;-999.000;8;17.0
1983-08-15;-999.000;8;41.0
1983-08-16;-999.000;8;35.0
1983-08-17;-999.000;8;38.0
1983-08-18;-999.000;8;20.0
1983-08-19;-999.000;8;24.0
1983-08-20;-999.000;8;22.0
1983-08-21;-999.000;8;17.0
1983-08-22;-999.000;8;24.0
1983-08-23;-999.000;8;27.0
1983-08-24;-999.000;8;38.0
1983-08-25;-999.000;8;17.0
1983-08-26;-999.000;8;104.0
1983-08-27;-999.000;8;103.0
1983-08-28;-999.000;8;52.0
1983-08-29;-999.000;8;46.0
1983-08-30;-999.000;8;124.0
1983-08-31;-999.000;8;21.0
1983-09-01;-999.000;9;208.0
1983-09-02;-999.000;9;156.0
1983-09-03;-999.000;9;20.0
1983-09-04;-999.000;9;227.0
1983-09-05;-999.000;9;134.0
1983-09-06;-999.000;9;20.0
1983-09-07;-999.000;9;63.0
1983-09-08;-999.000;9;42.0
1983-09-09;-999.000;9;37.0
1983-09-10;-999.000;9;20.0
1983-09-11;-999.000;9;241.0
1983-09-12;-999.000;9;19.0
1983-09-13;-999.000;9;30.0
1983-09-14;-999.000;9;238.0
1983-09-15;-999.000;9;22.0
1983-09-16;-999.000;9;36.0
1983-09-17;-999.000;9;49.0
1983-09-18;-999.000;9;52.0
1983-09-19;-999.000;9;66.0
1983-09-20;-999.000;9;97.0
1983-09-21;-999.000;9;37.0
1983-09-22;-999.000;9;20.0
1983-09-23;-999.000;9;157.0
1983-09-24;-999.000;9;22.0
1983-09-25;-999.000;9;61.0
1983-09-26;-999.000;9;19.0
1983-09-27;-999.000;9;24.0
1983-09-28;-999.000;9;38.0
1983-09-29;-999.000;9;85.0
1983-09-30;-999.000;9;29.0
1983-10-01;-999.000;10;57.0
1983-10-02;-999.000;10;20.0
1983-10-03;-999.000;10;386.0
1983-10-04;-999.000;10;138.0
1983-10-05;-999.000;10;54.0
1983-10-06;-999.000;10;54.0
1983-10-07;-999.000;10;114.0
1983-10-08;-999.000;10;27.0
1983-10-09;-999.000;10;47.0
1983-10-10;-999.000;10;24.0
1983-10-11;-999.000;10;22.0
1983-10-12;-999.000;10;50.0
1983-10-13;-999.000;10;27.0
1983-10-14;-999.000;10;64.0
1983-10-15;-999.000;10;95.0
1983-10-16;-999.000;10;17.0
1983-10-17;-999.000;10;190.0
1983-10-18;-999.000;10;20.0
1983-10-19;-999.000;10;73.0
1983-10-20;-999.000;10;74.0
1983-10-21;-999.000;10;50.0
1983-10-22;-999.000;10;33.0
1983-10-23;-999.000;10;145.0
1983-10-24;-999.000;10;29.0
1983-10-25;-999.000;10;52.0
1983-10-26;-999.000;10;27.0
1983-10-27;-999.000;10;135.0
1983-10-28;-999.000;10;114.0
1983-10-29;-999.000;10;60.0
1983-10-30;-999.000;10;33.0
1983-10-31;-999.000;10;33.0
1983-11-01;-999.000;11;73.0
1983-11-02;-999.000;11;201.0
1983-11-03;-999.000;11;114.0
1983-11-04;-999.000;11;24.0
1983-11-05;-999.000;11;33.0
1983-11-06;-999.000;11;135.0
1983-11-07;-999.000;11;279.0
1983-11-08;-999.000;11;82.0
1983-11-09;-999.000;11;30.0
1983-11-10;-999.000;11;43.0
1983-11-11;-999.000;11;17.0
1983-11-12;-999.000;11;61.0
1983-11-13;-999.000;11;74.0
1983-11-14;-999.000;11;82.0
1983-11-15;-999.000;11;78.0
1983-11-16;-999.000;11;60.0
1983-11-17;-999.000;11;18.0
1983-11-18;-999.000;11;100.0
1983-11-19;-999.000;11;19.0
1983-11-20;-999.000;11;24.0
1983-11-21;-999.000;11;60.0
1983-11-22;-999.000;11;52.0
1983-11-23;-999.000;11;33.0
1983-11-24;-999.000;11;51.0
1983-11-25;-999.000;11;28.0
1983-11-26;-999.000;11;129.0
1983-11-27;-999.000;11;46.0
1983-11-28;-999.000;11;100.0
1983-11-29;-999.000;11;20.0
1983-11-30;-999.000;11;89.0
1983-12-01;-999.000;12;25.0
1983-12-02;-999.000;12;10.0
1983-12-03;-999.000;12;17.0
1983-12-04;-999.000;12;37.0
1983-12-05;-999.000;12;21.0
1983-12-06;-999.000;12;12.0
1983-12-07;-999.000;12;40.0
1983-12-08;-999.000;12;259.0
1983-12-09;-999.000;12;24.0
1983-12-10;-999.000;12;44.0
1983-12-11;-999.000;12;51.0
1983-12-12;-999.000;12;53.0
1983-12-13;-999.000;12;26.0
1983-12-14;-999.000;12;27.0
1983-12-15;-999.000;12;24.0
1983-12-16;-999.000;12;49.0
1983-12-17;-999.000;12;78.0
1983-12-18;-999.000;12;33.0
1983-12-19;-999.000;12;78.0
1983-12-20;-999.000;12;17.0
1983-12-21;-999.000;12;22.0
1983-12-22;-999.000;12;19.0
1983-12-23;-999.000;12;40.0
1983-12-24;-999.000;12;20.0
1983-12-25;-999.000;12;18.0
1983-12-26;-999.000;12;23.0
1983-12-27;-999.000;12;17.0
1983-12-28;-999.000;12;24.0
1983-12-29;-999.000;12;127.0
1983-12-30;-999.000;12;17.0
1983-12-31;-999.000;12;146.0
1984-01-01;24.0;1;24.0
1984-01-02;23.0;1;23.0
1984-01-03;21.0;1;21.0
1984-01-04;21.0;1;21.0
1984-01-05;25.0;1;25.0
1984-01-06;29.0;1;29.0
1984-01-07;29.0;1;29.0
1984-01-08;29.0;1;29.0
1984-01-09;29.0;1;29.0
1984-01-10;29.0;1;29.0
1984-01-11;26.0;1;26.0
1984-01-12;22.0;1;22.0
1984-01-13;22.0;1;22.0
1984-01-14;26.0;1;26.0
1984-01-15;29.0;1;29.0
1984-01-16;29.0;1;29.0
1984-01-17;29.0;1;29.0
1984-01-18;29.0;1;29.0
1984-01-19;29.0;1;29.0
1984-01-20;29.0;1;29.0
1984-01-21;29.0;1;29.0
1984-01-22;29.0;1;29.0
1984-01-23;37.0;1;37.0
1984-01-24;45.0;1;45.0
1984-01-25;45.0;1;45.0
1984-01-26;31.0;1;31.0
1984-01-27;26.0;1;26.0
1984-01-28;23.0;1;23.0
1984-01-29;23.0;1;23.0
1984-01-30;20.0;1;20.0
1984-01-31;18.0;1;18.0
1984-02-01;17.0;2;17.0
1984-02-02;17.0;2;17.0
1984-02-03;17.0;2;17.0
1984-02-04;24.0;2;24.0
1984-02-05;20.0;2;20.0
1984-02-06;20.0;2;20.0
1984-02-07;21.0;2;21.0
1984-02-08;27.0;2;27.0
1984-02-09;29.0;2;29.0
1984-02-10;20.0;2;20.0
1984-02-11;18.0;2;18.0
1984-02-12;18.0;2;18.0
1984-02-13;17.0;2;17.0
1984-02-14;17.0;2;17.0
1984-02-15;19.0;2;19.0
1984-02-16;21.0;2;21.0
1984-02-17;18.0;2;18.0
1984-02-18;17.0;2;17.0
1984-02-19;16.0;2;16.0
1984-02-20;16.0;2;16.0
1984-02-21;16.0;2;16.0
1984-02-22;16.0;2;16.0
1984-02-23;16.0;2;16.0
1984-02-24;16.0;2;16.0
1984-02-25;16.0;2;16.0
1984-02-26;18.0;2;18.0
1984-02-27;17.0;2;17.0
1984-02-28;16.0;2;16.0
1984-02-29;16.0;2;16.0
1984-03-01;20.0;3;20.0
1984-03-02;19.0;3;19.0
1984-03-03;21.0;3;21.0
1984-03-04;19.0;3;19.0
1984-03-05;25.0;3;25.0
1984-03-06;20.0;3;20.0
1984-03-07;17.0;3;17.0
1984-03-08;18.0;3;18.0
1984-03-09;23.0;3;23.0
1984-03-10;16.0;3;16.0
1984-03-11;15.0;3;15.0
1984-03-12;15.0;3;15.0
1984-03-13;15.0;3;15.0
1984-03-14;14.0;3;14.0
1984-03-15;14.0;3;14.0
1984-03-16;14.0;3;14.0
1984-03-17;14.0;3;14.0
1984-03-18;14.0;3;14.0
1984-03-19;13.0;3;13.0
1984-03-20;13.0;3;13.0
1984-03-21;13.0;3;13.0
1984-03-22;14.0;3;14.0
1984-03-23;14.0;3;14.0
1984-03-24;14.0;3;14.0
1984-03-25;14.0;3;14.0
1984-03-26;13.0;3;13.0
1984-03-27;20.0;3;20.0
1984-03-28;21.0;3;21.0
1984-03-29;22.0;3;22.0
1984-03-30;20.0;3;20.0
1984-03-31;18.0;3;18.0
1984-04-01;17.0;4;17.0
1984-04-02;17.0;4;17.0
1984-04-03;17.0;4;17.0
1984-04-04;17.0;4;17.0
1984-04-05;14.0;4;14.0
1984-04-06;13.0;4;13.0
1984-04-07;13.0;4;13.0
1984-04-08;33.0;4;33.0
1984-04-09;30.0;4;30.0
1984-04-10;28.0;4;28.0
1984-04-11;27.0;4;27.0
1984-04-12;24.0;4;24.0
1984-04-13;24.0;4;24.0
1984-04-14;23.0;4;23.0
1984-04-15;25.0;4;25.0
1984-04-16;28.0;4;28.0
1984-04-17;18.0;4;18.0
1984-04-18;14.0;4;14.0
1984-04-19;14.0;4;14.0
1984-04-20;13.0;4;13.0
1984-04-21;13.0;4;13.0
1984-04-22;27.0;4;27.0
1984-04-23;20.0;4;20.0
1984-04-24;14.0;4;14.0
1984-04-25;29.0;4;29.0
1984-04-26;20.0;4;20.0
1984-04-27;23.0;4;23.0
1984-04-28;51.0;4;51.0
1984-04-29;42.0;4;42.0
1984-04-30;29.0;4;29.0
1984-05-01;28.0;5;28.0
1984-05-02;27.0;5;27.0
1984-05-03;41.0;5;41.0
1984-05-04;20.0;5;20.0
1984-05-05;14.0;5;14.0
1984-05-06;18.0;5;18.0
1984-05-07;15.0;5;15.0
1984-05-08;20.0;5;20.0
1984-05-09;17.0;5;17.0
1984-05-10;17.0;5;17.0
1984-05-11;20.0;5;20.0
1984-05-12;32.0;5;32.0
1984-05-13;56.0;5;56.0
1984-05-14;40.0;5;40.0
1984-05-15;40.0;5;40.0
1984-05-16;25.0;5;25.0
1984-05-17;20.0;5;20.0
1984-05-18;16.0;5;16.0
1984-05-19;17.0;5;17.0
1984-05-20;16.0;5;16.0
1984-05-21;15.0;5;15.0
1984-05-22;14.0;5;14.0
1984-05-23;13.0;5;13.0
1984-05-24;15.0;5;15.0
1984-05-25;26.0;5;26.0
1984-05-26;16.0;5;16.0
1984-05-27;16.0;5;16.0
1984-05-28;16.0;5;16.0
1984-05-29;16.0;5;16.0
1984-05-30;19.0;5;19.0
1984-05-31;20.0;5;20.0
1984-06-01;22.0;6;22.0
1984-06-02;19.0;6;19.0
1984-06-03;17.0;6;17.0
1984-06-04;23.0;6;23.0
1984-06-05;25.0;6;25.0
1984-06-06;17.0;6;17.0
1984-06-07;17.0;6;17.0
1984-06-08;34.0;6;34.0
1984-06-09;85.0;6;85.0
1984-06-10;24.0;6;24.0
1984-06-11;17.0;6;17.0
1984-06-12;17.0;6;17.0
1984-06-13;27.0;6;27.0
1984-06-14;20.0;6;20.0
1984-06-15;17.0;6;17.0
1984-06-16;17.0;6;17.0
1984-06-17;17.0;6;17.0
1984-06-18;24.0;6;24.0
1984-06-19;18.0;6;18.0
1984-06-20;17.0;6;17.0
1984-06-21;17.0;6;17.0
1984-06-22;17.0;6;17.0
1984-06-23;17.0;6;17.0
1984-06-24;17.0;6;17.0
1984-06-25;17.0;6;17.0
1984-06-26;34.0;6;34.0
1984-06-27;24.0;6;24.0
1984-06-28;24.0;6;24.0
1984-06-29;17.0;6;17.0
1984-06-30;17.0;6;17.0
1984-07-01;17.0;7;17.0
1984-07-02;18.0;7;18.0
1984-07-03;23.0;7;23.0
1984-07-04;49.0;7;49.0
1984-07-05;27.0;7;27.0
1984-07-06;34.0;7;34.0
1984-07-07;20.0;7;20.0
1984-07-08;20.0;7;20.0
1984-07-09;36.0;7;36.0
1984-07-10;22.0;7;22.0
1984-07-11;27.0;7;27.0
1984-07-12;23.0;7;23.0
1984-07-13;32.0;7;32.0
1984-07-14;28.0;7;28.0
1984-07-15;24.0;7;24.0
1984-07-16;24.0;7;24.0
1984-07-17;31.0;7;31.0
1984-07-18;26.0;7;26.0
1984-07-19;36.0;7;36.0
1984-07-20;27.0;7;27.0
1984-07-21;24.0;7;24.0
1984-07-22;32.0;7;32.0
1984-07-23;33.0;7;33.0
1984-07-24;24.0;7;24.0
1984-07-25;22.0;7;22.0
1984-07-26;23.0;7;23.0
1984-07-27;23.0;7;23.0
1984-07-28;32.0;7;32.0
1984-07-29;32.0;7;32.0
1984-07-30;26.0;7;26.0
1984-07-31;24.0;7;24.0
1984-08-01;24.0;8;24.0
1984-08-02;28.0;8;28.0
1984-08-03;54.0;8;54.0
1984-08-04;24.0;8;24.0
1984-08-05;20.0;8;20.0
1984-08-06;17.0;8;17.0
1984-08-07;17.0;8;17.0
1984-08-08;24.0;8;24.0
1984-08-09;20.0;8;20.0
1984-08-10;20.0;8;20.0
1984-08-11;33.0;8;33.0
1984-08-12;25.0;8;25.0
1984-08-13;24.0;8;24.0
1984-08-14;24.0;8;24.0
1984-08-15;25.0;8;25.0
1984-08-16;26.0;8;26.0
1984-08-17;20.0;8;20.0
1984-08-18;26.0;8;26.0
1984-08-19;24.0;8;24.0
1984-08-20;24.0;8;24.0
1984-08-21;33.0;8;33.0
1984-08-22;36.0;8;36.0
1984-08-23;33.0;8;33.0
1984-08-24;40.0;8;40.0
1984-08-25;106.0;8;106.0
1984-08-26;96.0;8;96.0
1984-08-27;38.0;8;38.0
1984-08-28;38.0;8;38.0
1984-08-29;27.0;8;27.0
1984-08-30;24.0;8;24.0
1984-08-31;24.0;8;24.0
1984-09-01;31.0;9;31.0
1984-09-02;17.0;9;17.0
1984-09-03;26.0;9;26.0
1984-09-04;24.0;9;24.0
1984-09-05;24.0;9;24.0
1984-09-06;33.0;9;33.0
1984-09-07;24.0;9;24.0
1984-09-08;36.0;9;36.0
1984-09-09;31.0;9;31.0
1984-09-10;38.0;9;38.0
1984-09-11;38.0;9;38.0
1984-09-12;42.0;9;42.0
1984-09-13;41.0;9;41.0
1984-09-14;42.0;9;42.0
1984-09-15;109.0;9;109.0
1984-09-16;36.0;9;36.0
1984-09-17;60.0;9;60.0
1984-09-18;55.0;9;55.0
1984-09-19;43.0;9;43.0
1984-09-20;74.0;9;74.0
1984-09-21;67.0;9;67.0
1984-09-22;219.0;9;219.0
1984-09-23;398.0;9;398.0
1984-09-24;272.0;9;272.0
1984-09-25;238.0;9;238.0
1984-09-26;45.0;9;45.0
1984-09-27;41.0;9;41.0
1984-09-28;37.0;9;37.0
1984-09-29;28.0;9;28.0
1984-09-30;29.0;9;29.0
1984-10-01;25.0;10;25.0
1984-10-02;28.0;10;28.0
1984-10-03;33.0;10;33.0
1984-10-04;27.0;10;27.0
1984-10-05;24.0;10;24.0
1984-10-06;28.0;10;28.0
1984-10-07;33.0;10;33.0
1984-10-08;554.0;10;554.0
1984-10-09;386.0;10;386.0
1984-10-10;540.0;10;540.0
1984-10-11;421.0;10;421.0
1984-10-12;506.0;10;506.0
1984-10-13;590.0;10;590.0
1984-10-14;64.0;10;64.0
1984-10-15;57.0;10;57.0
1984-10-16;57.0;10;57.0
1984-10-17;57.0;10;57.0
1984-10-18;54.0;10;54.0
1984-10-19;54.0;10;54.0
1984-10-20;157.0;10;157.0
1984-10-21;196.0;10;196.0
1984-10-22;94.0;10;94.0
1984-10-23;57.0;10;57.0
1984-10-24;60.0;10;60.0
1984-10-25;191.0;10;191.0
1984-10-26;60.0;10;60.0
1984-10-27;60.0;10;60.0
1984-10-28;78.0;10;78.0
1984-10-29;65.0;10;65.0
1984-10-30;60.0;10;60.0
1984-10-31;57.0;10;57.0
1984-11-01;78.0;11;78.0
1984-11-02;122.0;11;122.0
1984-11-03;103.0;11;103.0
1984-11-04;74.0;11;74.0
1984-11-05;136.0;11;136.0
1984-11-06;124.0;11;124.0
1984-11-07;133.0;11;133.0
1984-11-08;151.0;11;151.0
1984-11-09;119.0;11;119.0
1984-11-10;60.0;11;60.0
1984-11-11;60.0;11;60.0
1984-11-12;54.0;11;54.0
1984-11-13;69.0;11;69.0
1984-11-14;60.0;11;60.0
1984-11-15;60.0;11;60.0
1984-11-16;100.0;11;100.0
1984-11-17;59.0;11;59.0
1984-11-18;78.0;11;78.0
1984-11-19;60.0;11;60.0
1984-11-20;57.0;11;57.0
1984-11-21;56.0;11;56.0
1984-11-22;52.0;11;52.0
1984-11-23;50.0;11;50.0
1984-11-24;60.0;11;60.0
1984-11-25;57.0;11;57.0
1984-11-26;60.0;11;60.0
1984-11-27;75.0;11;75.0
1984-11-28;87.0;11;87.0
1984-11-29;60.0;11;60.0
1984-11-30;60.0;11;60.0
1984-12-01;74.0;12;74.0
1984-12-02;53.0;12;53.0
1984-12-03;52.0;12;52.0
1984-12-04;49.0;12;49.0
1984-12-05;60.0;12;60.0
1984-12-06;74.0;12;74.0
1984-12-07;60.0;12;60.0
1984-12-08;60.0;12;60.0
1984-12-09;57.0;12;57.0
1984-12-10;54.0;12;54.0
1984-12-11;54.0;12;54.0
1984-12-12;50.0;12;50.0
1984-12-13;53.0;12;53.0
1984-12-14;60.0;12;60.0
1984-12-15;78.0;12;78.0
1984-12-16;69.0;12;69.0
1984-12-17;57.0;12;57.0
1984-12-18;53.0;12;53.0
1984-12-19;52.0;12;52.0
1984-12-20;78.0;12;78.0
1984-12-21;60.0;12;60.0
1984-12-22;59.0;12;59.0
1984-12-23;60.0;12;60.0
1984-12-24;78.0;12;78.0
1984-12-25;78.0;12;78.0
1984-12-26;78.0;12;78.0
1984-12-27;60.0;12;60.0
1984-12-28;57.0;12;57.0
1984-12-29;53.0;12;53.0
1984-12-30;60.0;12;60.0
1984-12-31;60.0;12;60.0
1985-01-01;60.0;1;60.0
1985-01-02;58.0;1;58.0
1985-01-03;53.0;1;53.0
1985-01-04;60.0;1;60.0
1985-01-05;57.0;1;57.0
1985-01-06;54.0;1;54.0
1985-01-07;53.0;1;53.0
1985-01-08;51.0;1;51.0
1985-01-09;48.0;1;48.0
1985-01-10;48.0;1;48.0
1985-01-11;47.0;1;47.0
1985-01-12;46.0;1;46.0
1985-01-13;43.0;1;43.0
1985-01-14;60.0;1;60.0
1985-01-15;60.0;1;60.0
1985-01-16;46.0;1;46.0
1985-01-17;44.0;1;44.0
1985-01-18;40.0;1;40.0
1985-01-19;36.0;1;36.0
1985-01-20;35.0;1;35.0
1985-01-21;33.0;1;33.0
1985-01-22;33.0;1;33.0
1985-01-23;33.0;1;33.0
1985-01-24;43.0;1;43.0
1985-01-25;42.0;1;42.0
1985-01-26;33.0;1;33.0
1985-01-27;33.0;1;33.0
1985-01-28;29.0;1;29.0
1985-01-29;24.0;1;24.0
1985-01-30;24.0;1;24.0
1985-01-31;31.0;1;31.0
1985-02-01;38.0;2;38.0
1985-02-02;28.0;2;28.0
1985-02-03;25.0;2;25.0
1985-02-04;24.0;2;24.0
1985-02-05;24.0;2;24.0
1985-02-06;22.0;2;22.0
1985-02-07;22.0;2;22.0
1985-02-08;21.0;2;21.0
1985-02-09;21.0;2;21.0
1985-02-10;22.0;2;22.0
1985-02-11;22.0;2;22.0
1985-02-12;22.0;2;22.0
1985-02-13;22.0;2;22.0
1985-02-14;22.0;2;22.0
1985-02-15;21.0;2;21.0
1985-02-16;17.0;2;17.0
1985-02-17;17.0;2;17.0
1985-02-18;17.0;2;17.0
1985-02-19;16.0;2;16.0
1985-02-20;16.0;2;16.0
1985-02-21;16.0;2;16.0
1985-02-22;17.0;2;17.0
1985-02-23;22.0;2;22.0
1985-02-24;16.0;2;16.0
1985-02-25;16.0;2;16.0
1985-02-26;17.0;2;17.0
1985-02-27;22.0;2;22.0
1985-02-28;22.0;2;22.0
1985-03-01;21.0;3;21.0
1985-03-02;21.0;3;21.0
1985-03-03;24.0;3;24.0
1985-03-04;38.0;3;38.0
1985-03-05;43.0;3;43.0
1985-03-06;47.0;3;47.0
1985-03-07;33.0;3;33.0
1985-03-08;33.0;3;33.0
1985-03-09;18.0;3;18.0
1985-03-10;15.0;3;15.0
1985-03-11;21.0;3;21.0
1985-03-12;17.0;3;17.0
1985-03-13;17.0;3;17.0
1985-03-14;22.0;3;22.0
1985-03-15;20.0;3;20.0
1985-03-16;21.0;3;21.0
1985-03-17;21.0;3;21.0
1985-03-18;24.0;3;24.0
1985-03-19;32.0;3;32.0
1985-03-20;22.0;3;22.0
1985-03-21;21.0;3;21.0
1985-03-22;19.0;3;19.0
1985-03-23;19.0;3;19.0
1985-03-24;24.0;3;24.0
1985-03-25;29.0;3;29.0
1985-03-26;29.0;3;29.0
1985-03-27;73.0;3;73.0
1985-03-28;33.0;3;33.0
1985-03-29;33.0;3;33.0
1985-03-30;46.0;3;46.0
1985-03-31;40.0;3;40.0
1985-04-01;46.0;4;46.0
1985-04-02;40.0;4;40.0
1985-04-03;38.0;4;38.0
1985-04-04;50.0;4;50.0
1985-04-05;43.0;4;43.0
1985-04-06;38.0;4;38.0
1985-04-07;33.0;4;33.0
1985-04-08;33.0;4;33.0
1985-04-09;29.0;4;29.0
1985-04-10;24.0;4;24.0
1985-04-11;24.0;4;24.0
1985-04-12;24.0;4;24.0
1985-04-13;24.0;4;24.0
1985-04-14;24.0;4;24.0
1985-04-15;21.0;4;21.0
1985-04-16;18.0;4;18.0
1985-04-17;17.0;4;17.0
1985-04-18;24.0;4;24.0
1985-04-19;24.0;4;24.0
1985-04-20;24.0;4;24.0
1985-04-21;46.0;4;46.0
1985-04-22;40.0;4;40.0
1985-04-23;65.0;4;65.0
1985-04-24;46.0;4;46.0
1985-04-25;24.0;4;24.0
1985-04-26;24.0;4;24.0
1985-04-27;24.0;4;24.0
1985-04-28;21.0;4;21.0
1985-04-29;19.0;4;19.0
1985-04-30;19.0;4;19.0
1985-05-01;24.0;5;24.0
1985-05-02;28.0;5;28.0
1985-05-03;28.0;5;28.0
1985-05-04;29.0;5;29.0
1985-05-05;39.0;5;39.0
1985-05-06;33.0;5;33.0
1985-05-07;26.0;5;26.0
1985-05-08;24.0;5;24.0
1985-05-09;24.0;5;24.0
1985-05-10;24.0;5;24.0
1985-05-11;29.0;5;29.0
1985-05-12;29.0;5;29.0
1985-05-13;33.0;5;33.0
1985-05-14;33.0;5;33.0
1985-05-15;33.0;5;33.0
1985-05-16;40.0;5;40.0
1985-05-17;40.0;5;40.0
1985-05-18;50.0;5;50.0
1985-05-19;46.0;5;46.0
1985-05-20;54.0;5;54.0
1985-05-21;60.0;5;60.0
1985-05-22;54.0;5;54.0
1985-05-23;50.0;5;50.0
1985-05-24;46.0;5;46.0
1985-05-25;40.0;5;40.0
1985-05-26;36.0;5;36.0
1985-05-27;33.0;5;33.0
1985-05-28;29.0;5;29.0
1985-05-29;24.0;5;24.0
1985-05-30;24.0;5;24.0
1985-05-31;24.0;5;24.0
1985-06-01;24.0;6;24.0
1985-06-02;24.0;6;24.0
1985-06-03;36.0;6;36.0
1985-06-04;33.0;6;33.0
1985-06-05;24.0;6;24.0
1985-06-06;29.0;6;29.0
1985-06-07;34.0;6;34.0
1985-06-08;29.0;6;29.0
1985-06-09;28.0;6;28.0
1985-06-10;27.0;6;27.0
1985-06-11;24.0;6;24.0
1985-06-12;24.0;6;24.0
1985-06-13;24.0;6;24.0
1985-06-14;24.0;6;24.0
1985-06-15;23.0;6;23.0
1985-06-16;22.0;6;22.0
1985-06-17;22.0;6;22.0
1985-06-18;22.0;6;22.0
1985-06-19;22.0;6;22.0
1985-06-20;21.0;6;21.0
1985-06-21;21.0;6;21.0
1985-06-22;21.0;6;21.0
1985-06-23;19.0;6;19.0
1985-06-24;19.0;6;19.0
1985-06-25;21.0;6;21.0
1985-06-26;21.0;6;21.0
1985-06-27;22.0;6;22.0
1985-06-28;24.0;6;24.0
1985-06-29;24.0;6;24.0
1985-06-30;22.0;6;22.0
1985-07-01;22.0;7;22.0
1985-07-02;22.0;7;22.0
1985-07-03;22.0;7;22.0
1985-07-04;22.0;7;22.0
1985-07-05;22.0;7;22.0
1985-07-06;21.0;7;21.0
1985-07-07;21.0;7;21.0
1985-07-08;77.0;7;77.0
1985-07-09;33.0;7;33.0
1985-07-10;29.0;7;29.0
1985-07-11;24.0;7;24.0
1985-07-12;22.0;7;22.0
1985-07-13;21.0;7;21.0
1985-07-14;22.0;7;22.0
1985-07-15;23.0;7;23.0
1985-07-16;24.0;7;24.0
1985-07-17;22.0;7;22.0
1985-07-18;27.0;7;27.0
1985-07-19;27.0;7;27.0
1985-07-20;27.0;7;27.0
1985-07-21;27.0;7;27.0
1985-07-22;32.0;7;32.0
1985-07-23;44.0;7;44.0
1985-07-24;26.0;7;26.0
1985-07-25;42.0;7;42.0
1985-07-26;26.0;7;26.0
1985-07-27;24.0;7;24.0
1985-07-28;22.0;7;22.0
1985-07-29;21.0;7;21.0
1985-07-30;19.0;7;19.0
1985-07-31;19.0;7;19.0
1985-08-01;17.0;8;17.0
1985-08-02;17.0;8;17.0
1985-08-03;22.0;8;22.0
1985-08-04;21.0;8;21.0
1985-08-05;21.0;8;21.0
1985-08-06;20.0;8;20.0
1985-08-07;19.0;8;19.0
1985-08-08;22.0;8;22.0
1985-08-09;24.0;8;24.0
1985-08-10;24.0;8;24.0
1985-08-11;24.0;8;24.0
1985-08-12;24.0;8;24.0
1985-08-13;24.0;8;24.0
1985-08-14;24.0;8;24.0
1985-08-15;22.0;8;22.0
1985-08-16;21.0;8;21.0
1985-08-17;21.0;8;21.0
1985-08-18;60.0;8;60.0
1985-08-19;40.0;8;40.0
1985-08-20;89.0;8;89.0
1985-08-21;50.0;8;50.0
1985-08-22;33.0;8;33.0
1985-08-23;69.0;8;69.0
1985-08-24;36.0;8;36.0
1985-08-25;33.0;8;33.0
1985-08-26;29.0;8;29.0
1985-08-27;29.0;8;29.0
1985-08-28;40.0;8;40.0
1985-08-29;26.0;8;26.0
1985-08-30;24.0;8;24.0
1985-08-31;24.0;8;24.0
1985-09-01;22.0;9;22.0
1985-09-02;21.0;9;21.0
1985-09-03;21.0;9;21.0
1985-09-04;24.0;9;24.0
1985-09-05;24.0;9;24.0
1985-09-06;22.0;9;22.0
1985-09-07;20.0;9;20.0
1985-09-08;21.0;9;21.0
1985-09-09;24.0;9;24.0
1985-09-10;24.0;9;24.0
1985-09-11;22.0;9;22.0
1985-09-12;25.0;9;25.0
1985-09-13;31.0;9;31.0
1985-09-14;97.0;9;97.0
1985-09-15;31.0;9;31.0
1985-09-16;33.0;9;33.0
1985-09-17;29.0;9;29.0
1985-09-18;29.0;9;29.0
1985-09-19;28.0;9;28.0
1985-09-20;25.0;9;25.0
1985-09-21;24.0;9;24.0
1985-09-22;24.0;9;24.0
1985-09-23;29.0;9;29.0
1985-09-24;29.0;9;29.0
1985-09-25;29.0;9;29.0
1985-09-26;38.0;9;38.0
1985-09-27;33.0;9;33.0
1985-09-28;31.0;9;31.0
1985-09-29;29.0;9;29.0
1985-09-30;29.0;9;29.0
1985-10-01;33.0;10;33.0
1985-10-02;24.0;10;24.0
1985-10-03;22.0;10;22.0
1985-10-04;21.0;10;21.0
1985-10-05;29.0;10;29.0
1985-10-06;40.0;10;40.0
1985-10-07;33.0;10;33.0
1985-10-08;29.0;10;29.0
1985-10-09;29.0;10;29.0
1985-10-10;24.0;10;24.0
1985-10-11;24.0;10;24.0
1985-10-12;29.0;10;29.0
1985-10-13;29.0;10;29.0
1985-10-14;26.0;10;26.0
1985-10-15;33.0;10;33.0
1985-10-16;36.0;10;36.0
1985-10-17;33.0;10;33.0
1985-10-18;38.0;10;38.0
1985-10-19;28.0;10;28.0
1985-10-20;28.0;10;28.0
1985-10-21;24.0;10;24.0
1985-10-22;24.0;10;24.0
1985-10-23;28.0;10;28.0
1985-10-24;33.0;10;33.0
1985-10-25;33.0;10;33.0
1985-10-26;36.0;10;36.0
1985-10-27;36.0;10;36.0
1985-10-28;78.0;10;78.0
1985-10-29;75.0;10;75.0
1985-10-30;69.0;10;69.0
1985-10-31;55.0;10;55.0
1985-11-01;43.0;11;43.0
1985-11-02;37.0;11;37.0
1985-11-03;29.0;11;29.0
1985-11-04;29.0;11;29.0
1985-11-05;24.0;11;24.0
1985-11-06;24.0;11;24.0
1985-11-07;31.0;11;31.0
1985-11-08;43.0;11;43.0
1985-11-09;266.0;11;266.0
1985-11-10;201.0;11;201.0
1985-11-11;311.0;11;311.0
1985-11-12;139.0;11;139.0
1985-11-13;89.0;11;89.0
1985-11-14;55.0;11;55.0
1985-11-15;85.0;11;85.0
1985-11-16;43.0;11;43.0
1985-11-17;36.0;11;36.0
1985-11-18;33.0;11;33.0
1985-11-19;29.0;11;29.0
1985-11-20;29.0;11;29.0
1985-11-21;29.0;11;29.0
1985-11-22;33.0;11;33.0
1985-11-23;33.0;11;33.0
1985-11-24;40.0;11;40.0
1985-11-25;40.0;11;40.0
1985-11-26;217.0;11;217.0
1985-11-27;229.0;11;229.0
1985-11-28;135.0;11;135.0
1985-11-29;224.0;11;224.0
1985-11-30;198.0;11;198.0
1985-12-01;164.0;12;164.0
1985-12-02;204.0;12;204.0
1985-12-03;247.0;12;247.0
1985-12-04;378.0;12;378.0
1985-12-05;325.0;12;325.0
1985-12-06;318.0;12;318.0
1985-12-07;386.0;12;386.0
1985-12-08;258.0;12;258.0
1985-12-09;238.0;12;238.0
1985-12-10;252.0;12;252.0
1985-12-11;78.0;12;78.0
1985-12-12;154.0;12;154.0
1985-12-13;78.0;12;78.0
1985-12-14;76.0;12;76.0
1985-12-15;72.0;12;72.0
1985-12-16;69.0;12;69.0
1985-12-17;66.0;12;66.0
1985-12-18;62.0;12;62.0
1985-12-19;127.0;12;127.0
1985-12-20;100.0;12;100.0
1985-12-21;95.0;12;95.0
1985-12-22;91.0;12;91.0
1985-12-23;78.0;12;78.0
1985-12-24;76.0;12;76.0
1985-12-25;74.0;12;74.0
1985-12-26;60.0;12;60.0
1985-12-27;60.0;12;60.0
1985-12-28;57.0;12;57.0
1985-12-29;57.0;12;57.0
1985-12-30;76.0;12;76.0
1985-12-31;60.0;12;60.0
1986-01-01;-999.000;1;30.0
1986-01-02;-999.000;1;52.0
1986-01-03;-999.000;1;90.0
1986-01-04;-999.000;1;87.0
1986-01-05;-999.000;1;33.0
1986-01-06;-999.000;1;13.0
1986-01-07;-999.000;1;21.0
1986-01-08;-999.000;1;51.0
1986-01-09;-999.000;1;26.0
1986-01-10;-999.000;1;95.0
1986-01-11;-999.000;1;30.0
1986-01-12;-999.000;1;15.0
1986-01-13;-999.000;1;24.0
1986-01-14;-999.000;1;39.0
1986-01-15;-999.000;1;40.0
1986-01-16;-999.000;1;39.0
1986-01-17;-999.000;1;29.0
1986-01-18;-999.000;1;24.0
1986-01-19;-999.000;1;33.0
1986-01-20;-999.000;1;26.0
1986-01-21;-999.000;1;30.0
1986-01-22;-999.000;1;131.0
1986-01-23;-999.000;1;13.0
1986-01-24;-999.000;1;29.0
1986-01-25;-999.000;1;29.0
1986-01-26;-999.000;1;33.0
1986-01-27;-999.000;1;29.0
1986-01-28;-999.000;1;13.0
1986-01-29;-999.000;1;29.0
1986-01-30;-999.000;1;31.0
1986-01-31;-999.000;1;13.0
1986-02-01;-999.000;2;83.0
1986-02-02;-999.000;2;19.0
1986-02-03;-999.000;2;24.0
1986-02-04;-999.000;2;21.0
1986-02-05;-999.000;2;22.0
1986-02-06;-999.000;2;82.0
1986-02-07;-999.000;2;24.0
1986-02-08;-999.000;2;24.0
1986-02-09;-999.000;2;18.0
1986-02-10;-999.000;2;33.0
1986-02-11;-999.000;2;21.0
1986-02-12;-999.000;2;33.0
1986-02-13;-999.000;2;44.0
1986-02-14;-999.000;2;24.0
1986-02-15;-999.000;2;21.0
1986-02-16;-999.000;2;16.0
1986-02-17;-999.000;2;82.0
1986-02-18;-999.000;2;16.0
1986-02-19;-999.000;2;32.0
1986-02-20;-999.000;2;84.0
1986-02-21;-999.000;2;21.0
1986-02-22;-999.000;2;24.0
1986-02-23;-999.000;2;43.0
1986-02-24;-999.000;2;16.0
1986-02-25;-999.000;2;35.0
1986-02-26;-999.000;2;29.0
1986-02-27;-999.000;2;20.0
1986-02-28;-999.000;2;21.0
1986-03-01;-999.000;3;30.0
1986-03-02;-999.000;3;44.0
1986-03-03;-999.000;3;46.0
1986-03-04;-999.000;3;17.0
1986-03-05;-999.000;3;56.0
1986-03-06;-999.000;3;30.0
1986-03-07;-999.000;3;32.0
1986-03-08;-999.000;3;13.0
1986-03-09;-999.000;3;19.0
1986-03-10;-999.000;3;29.0
1986-03-11;-999.000;3;17.0
1986-03-12;-999.000;3;17.0
1986-03-13;-999.000;3;23.0
1986-03-14;-999.000;3;47.0
1986-03-15;-999.000;3;21.0
1986-03-16;-999.000;3;40.0
1986-03-17;-999.000;3;40.0
1986-03-18;-999.000;3;29.0
1986-03-19;-999.000;3;19.0
1986-03-20;-999.000;3;28.0
1986-03-21;-999.000;3;24.0
1986-03-22;-999.000;3;20.0
1986-03-23;-999.000;3;27.0
1986-03-24;-999.000;3;27.0
1986-03-25;-999.000;3;29.0
1986-03-26;-999.000;3;31.0
1986-03-27;-999.000;3;64.0
1986-03-28;-999.000;3;17.0
1986-03-29;-999.000;3;31.0
1986-03-30;-999.000;3;44.0
1986-03-31;-999.000;3;20.0
1986-04-01;-999.000;4;17.0
1986-04-02;-999.000;4;168.0
1986-04-03;-999.000;4;24.0
1986-04-04;-999.000;4;93.0
1986-04-05;-999.000;4;76.0
1986-04-06;-999.000;4;20.0
1986-04-07;-999.000;4;32.0
1986-04-08;-999.000;4;35.0
1986-04-09;-999.000;4;142.0
1986-04-10;-999.000;4;13.0
1986-04-11;-999.000;4;48.0
1986-04-12;-999.000;4;19.0
1986-04-13;-999.000;4;18.0
1986-04-14;-999.000;4;32.0
1986-04-15;-999.000;4;210.0
1986-04-16;-999.000;4;119.0
1986-04-17;-999.000;4;32.0
1986-04-18;-999.000;4;43.0
1986-04-19;-999.000;4;17.0
1986-04-20;-999.000;4;161.0
1986-04-21;-999.000;4;19.0
1986-04-22;-999.000;4;155.0
1986-04-23;-999.000;4;61.0
1986-04-24;-999.000;4;30.0
1986-04-25;-999.000;4;32.0
1986-04-26;-999.000;4;470.0
1986-04-27;-999.000;4;33.0
1986-04-28;-999.000;4;161.0
1986-04-29;-999.000;4;38.0
1986-04-30;-999.000;4;126.0
1986-05-01;-999.000;5;17.0
1986-05-02;-999.000;5;33.0
1986-05-03;-999.000;5;17.0
1986-05-04;-999.000;5;153.0
1986-05-05;-999.000;5;50.0
1986-05-06;-999.000;5;71.0
1986-05-07;-999.000;5;188.0
1986-05-08;-999.000;5;38.0
1986-05-09;-999.000;5;180.0
1986-05-10;-999.000;5;33.0
1986-05-11;-999.000;5;24.0
1986-05-12;-999.000;5;40.0
1986-05-13;-999.000;5;54.0
1986-05-14;-999.000;5;20.0
1986-05-15;-999.000;5;73.0
1986-05-16;-999.000;5;50.0
1986-05-17;-999.000;5;40.0
1986-05-18;-999.000;5;310.0
1986-05-19;-999.000;5;16.0
1986-05-20;-999.000;5;58.0
1986-05-21;-999.000;5;19.0
1986-05-22;-999.000;5;133.0
1986-05-23;-999.000;5;51.0
1986-05-24;-999.000;5;52.0
1986-05-25;-999.000;5;43.0
1986-05-26;-999.000;5;53.0
1986-05-27;-999.000;5;85.0
1986-05-28;-999.000;5;91.0
1986-05-29;-999.000;5;24.0
1986-05-30;-999.000;5;40.0
1986-05-31;-999.000;5;86.0
1986-06-01;-999.000;6;113.0
1986-06-02;-999.000;6;17.0
1986-06-03;-999.000;6;28.0
1986-06-04;-999.000;6;41.0
1986-06-05;-999.000;6;17.0
1986-06-06;-999.000;6;30.0
1986-06-07;-999.000;6;93.0
1986-06-08;-999.000;6;17.0
1986-06-09;-999.000;6;24.0
1986-06-10;-999.000;6;17.0
1986-06-11;-999.000;6;19.0
1986-06-12;-999.000;6;36.0
1986-06-13;-999.000;6;22.0
1986-06-14;-999.000;6;51.0
1986-06-15;-999.000;6;37.0
1986-06-16;-999.000;6;28.0
1986-06-17;-999.000;6;18.0
1986-06-18;-999.000;6;52.0
1986-06-19;-999.000;6;30.0
1986-06-20;-999.000;6;24.0
1986-06-21;-999.000;6;24.0
1986-06-22;-999.000;6;168.0
1986-06-23;-999.000;6;53.0
1986-06-24;-999.000;6;69.0
1986-06-25;-999.000;6;24.0
1986-06-26;-999.000;6;137.0
1986-06-27;-999.000;6;24.0
1986-06-28;-999.000;6;73.0
1986-06-29;-999.000;6;29.0
1986-06-30;-999.000;6;17.0
1986-07-01;-999.000;7;22.0
1986-07-02;-999.000;7;58.0
1986-07-03;-999.000;7;74.0
1986-07-04;-999.000;7;33.0
1986-07-05;-999.000;7;27.0
1986-07-06;-999.000;7;52.0
1986-07-07;-999.000;7;22.0
1986-07-08;-999.000;7;16.0
1986-07-09;-999.000;7;96.0
1986-07-10;-999.000;7;149.0
1986-07-11;-999.000;7;30.0
1986-07-12;-999.000;7;19.0
1986-07-13;-999.000;7;38.0
1986-07-14;-999.000;7;48.0
1986-07-15;-999.000;7;51.0
1986-07-16;-999.000;7;25.0
1986-07-17;-999.000;7;24.0
1986-07-18;-999.000;7;52.0
1986-07-19;-999.000;7;22.0
1986-07-20;-999.000;7;128.0
1986-07-21;-999.000;7;28.0
1986-07-22;-999.000;7;24.0
1986-07-23;-999.000;7;19.0
1986-07-24;-999.000;7;16.0
1986-07-25;-999.000;7;48.0
1986-07-26;-999.000;7;20.0
1986-07-27;-999.000;7;40.0
1986-07-28;-999.000;7;19.0
1986-07-29;-999.000;7;24.0
1986-07-30;-999.000;7;52.0
1986-07-31;-999.000;7;16.0
1986-08-01;-999.000;8;105.0
1986-08-02;-999.000;8;50.0
1986-08-03;-999.000;8;21.0
1986-08-04;-999.000;8;89.0
1986-08-05;-999.000;8;38.0
1986-08-06;-999.000;8;17.0
1986-08-07;-999.000;8;81.0
1986-08-08;-999.000;8;192.0
1986-08-09;-999.000;8;36.0
1986-08-10;-999.000;8;17.0
1986-08-11;-999.000;8;17.0
1986-08-12;-999.000;8;24.0
1986-08-13;-999.000;8;17.0
1986-08-14;-999.000;8;125.0
1986-08-15;-999.000;8;29.0
1986-08-16;-999.000;8;22.0
1986-08-17;-999.000;8;38.0
1986-08-18;-999.000;8;17.0
1986-08-19;-999.000;8;21.0
1986-08-20;-999.000;8;117.0
1986-08-21;-999.000;8;20.0
1986-08-22;-999.000;8;33.0
1986-08-23;-999.000;8;17.0
1986-08-24;-999.000;8;17.0
1986-08-25;-999.000;8;17.0
1986-08-26;-999.000;8;40.0
1986-08-27;-999.000;8;192.0
1986-08-28;-999.000;8;26.0
1986-08-29;-999.000;8;62.0
1986-08-30;-999.000;8;67.0
1986-08-31;-999.000;8;20.0
1986-09-01;-999.000;9;74.0
1986-09-02;-999.000;9;97.0
1986-09-03;-999.000;9;28.0
1986-09-04;-999.000;9;137.0
1986-09-05;-999.000;9;28.0
1986-09-06;-999.000;9;27.0
1986-09-07;-999.000;9;54.0
1986-09-08;-999.000;9;36.0
1986-09-09;-999.000;9;44.0
1986-09-10;-999.000;9;20.0
1986-09-11;-999.000;9;20.0
1986-09-12;-999.000;9;20.0
1986-09-13;-999.000;9;36.0
1986-09-14;-999.000;9;36.0
1986-09-15;-999.000;9;31.0
1986-09-16;-999.000;9;21.0
1986-09-17;-999.000;9;115.0
1986-09-18;-999.000;9;135.0
1986-09-19;-999.000;9;20.0
1986-09-20;-999.000;9;27.0
1986-09-21;-999.000;9;42.0
1986-09-22;-999.000;9;102.0
1986-09-23;-999.000;9;28.0
1986-09-24;-999.000;9;111.0
1986-09-25;-999.000;9;24.0
1986-09-26;-999.000;9;20.0
1986-09-27;-999.000;9;24.0
1986-09-28;-999.000;9;33.0
1986-09-29;-999.000;9;21.0
1986-09-30;-999.000;9;157.0
1986-10-01;-999.000;10;23.0
1986-10-02;-999.000;10;124.0
1986-10-03;-999.000;10;38.0
1986-10-04;-999.000;10;67.0
1986-10-05;-999.000;10;40.0
1986-10-06;-999.000;10;32.0
1986-10-07;-999.000;10;65.0
1986-10-08;-999.000;10;20.0
1986-10-09;-999.000;10;421.0
1986-10-10;-999.000;10;17.0
1986-10-11;-999.000;10;31.0
1986-10-12;-999.000;10;27.0
1986-10-13;-999.000;10;32.0
1986-10-14;-999.000;10;35.0
1986-10-15;-999.000;10;24.0
1986-10-16;-999.000;10;26.0
1986-10-17;-999.000;10;31.0
1986-10-18;-999.000;10;95.0
1986-10-19;-999.000;10;58.0
1986-10-20;-999.000;10;58.0
1986-10-21;-999.000;10;135.0
1986-10-22;-999.000;10;27.0
1986-10-23;-999.000;10;124.0
1986-10-24;-999.000;10;191.0
1986-10-25;-999.000;10;181.0
1986-10-26;-999.000;10;554.0
1986-10-27;-999.000;10;59.0
1986-10-28;-999.000;10;33.0
1986-10-29;-999.000;10;207.0
1986-10-30;-999.000;10;54.0
1986-10-31;-999.000;10;37.0
1986-11-01;-999.000;11;49.0
1986-11-02;-999.000;11;62.0
1986-11-03;-999.000;11;33.0
1986-11-04;-999.000;11;18.0
1986-11-05;-999.000;11;18.0
1986-11-06;-999.000;11;35.0
1986-11-07;-999.000;11;52.0
1986-11-08;-999.000;11;62.0
1986-11-09;-999.000;11;139.0
1986-11-10;-999.000;11;92.0
1986-11-11;-999.000;11;60.0
1986-11-12;-999.000;11;217.0
1986-11-13;-999.000;11;84.0
1986-11-14;-999.000;11;33.0
1986-11-15;-999.000;11;35.0
1986-11-16;-999.000;11;82.0
1986-11-17;-999.000;11;60.0
1986-11-18;-999.000;11;113.0
1986-11-19;-999.000;11;30.0
1986-11-20;-999.000;11;100.0
1986-11-21;-999.000;11;35.0
1986-11-22;-999.000;11;28.0
1986-11-23;-999.000;11;61.0
1986-11-24;-999.000;11;22.0
1986-11-25;-999.000;11;114.0
1986-11-26;-999.000;11;40.0
1986-11-27;-999.000;11;57.0
1986-11-28;-999.000;11;33.0
1986-11-29;-999.000;11;72.0
1986-11-30;-999.000;11;130.0
1986-12-01;-999.000;12;59.0
1986-12-02;-999.000;12;30.0
1986-12-03;-999.000;12;35.0
1986-12-04;-999.000;12;57.0
1986-12-05;-999.000;12;95.0
1986-12-06;-999.000;12;19.0
1986-12-07;-999.000;12;18.0
1986-12-08;-999.000;12;259.0
1986-12-09;-999.000;12;24.0
1986-12-10;-999.000;12;25.0
1986-12-11;-999.000;12;238.0
1986-12-12;-999.000;12;83.0
1986-12-13;-999.000;12;17.0
1986-12-14;-999.000;12;44.0
1986-12-15;-999.000;12;60.0
1986-12-16;-999.000;12;25.0
1986-12-17;-999.000;12;21.0
1986-12-18;-999.000;12;53.0
1986-12-19;-999.000;12;60.0
1986-12-20;-999.000;12;54.0
1986-12-21;-999.000;12;30.0
1986-12-22;-999.000;12;22.0
1986-12-23;-999.000;12;18.0
1986-12-24;-999.000;12;19.0
1986-12-25;-999.000;12;134.0
1986-12-26;-999.000;12;325.0
1986-12-27;-999.000;12;24.0
1986-12-28;-999.000;12;682.0
1986-12-29;-999.000;12;35.0
1986-12-30;-999.000;12;76.0
1986-12-31;-999.000;12;21.0
1987-01-01;57.0;1;57.0
1987-01-02;51.0;1;51.0
1987-01-03;51.0;1;51.0
1987-01-04;46.0;1;46.0
1987-01-05;46.0;1;46.0
1987-01-06;43.0;1;43.0
1987-01-07;40.0;1;40.0
1987-01-08;40.0;1;40.0
1987-01-09;40.0;1;40.0
1987-01-10;40.0;1;40.0
1987-01-11;33.0;1;33.0
1987-01-12;33.0;1;33.0
1987-01-13;28.0;1;28.0
1987-01-14;28.0;1;28.0
1987-01-15;31.0;1;31.0
1987-01-16;29.0;1;29.0
1987-01-17;29.0;1;29.0
1987-01-18;29.0;1;29.0
1987-01-19;29.0;1;29.0
1987-01-20;24.0;1;24.0
1987-01-21;24.0;1;24.0
1987-01-22;29.0;1;29.0
1987-01-23;29.0;1;29.0
1987-01-24;29.0;1;29.0
1987-01-25;24.0;1;24.0
1987-01-26;24.0;1;24.0
1987-01-27;24.0;1;24.0
1987-01-28;24.0;1;24.0
1987-01-29;-999.000;1;128.0
1987-01-30;-999.000;1;28.0
1987-01-31;-999.000;1;55.0
1987-02-01;29.0;2;29.0
1987-02-02;26.0;2;26.0
1987-02-03;24.0;2;24.0
1987-02-04;24.0;2;24.0
1987-02-05;24.0;2;24.0
1987-02-06;-999.000;2;17.0
1987-02-07;-999.000;2;17.0
1987-02-08;-999.000;2;33.0
1987-02-09;-999.000;2;83.0
1987-02-10;-999.000;2;17.0
1987-02-11;24.0;2;24.0
1987-02-12;24.0;2;24.0
1987-02-13;24.0;2;24.0
1987-02-14;24.0;2;24.0
1987-02-15;24.0;2;24.0
1987-02-16;24.0;2;24.0
1987-02-17;22.0;2;22.0
1987-02-18;22.0;2;22.0
1987-02-19;19.0;2;19.0
1987-02-20;17.0;2;17.0
1987-02-21;17.0;2;17.0
1987-02-22;17.0;2;17.0
1987-02-23;24.0;2;24.0
1987-02-24;22.0;2;22.0
1987-02-25;21.0;2;21.0
1987-02-26;22.0;2;22.0
1987-02-27;40.0;2;40.0
1987-02-28;43.0;2;43.0
1987-03-01;39.0;3;39.0
1987-03-02;33.0;3;33.0
1987-03-03;33.0;3;33.0
1987-03-04;29.0;3;29.0
1987-03-05;29.0;3;29.0
1987-03-06;24.0;3;24.0
1987-03-07;24.0;3;24.0
1987-03-08;24.0;3;24.0
1987-03-09;24.0;3;24.0
1987-03-10;24.0;3;24.0
1987-03-11;24.0;3;24.0
1987-03-12;24.0;3;24.0
1987-03-13;24.0;3;24.0
1987-03-14;24.0;3;24.0
1987-03-15;24.0;3;24.0
1987-03-16;24.0;3;24.0
1987-03-17;39.0;3;39.0
1987-03-18;31.0;3;31.0
1987-03-19;27.0;3;27.0
1987-03-20;27.0;3;27.0
1987-03-21;25.0;3;25.0
1987-03-22;24.0;3;24.0
1987-03-23;24.0;3;24.0
1987-03-24;21.0;3;21.0
1987-03-25;19.0;3;19.0
1987-03-26;18.0;3;18.0
1987-03-27;18.0;3;18.0
1987-03-28;17.0;3;17.0
1987-03-29;17.0;3;17.0
1987-03-30;17.0;3;17.0
1987-03-31;17.0;3;17.0
1987-04-01;17.0;4;17.0
1987-04-02;33.0;4;33.0
1987-04-03;33.0;4;33.0
1987-04-04;36.0;4;36.0
1987-04-05;60.0;4;60.0
1987-04-06;60.0;4;60.0
1987-04-07;57.0;4;57.0
1987-04-08;54.0;4;54.0
1987-04-09;53.0;4;53.0
1987-04-10;48.0;4;48.0
1987-04-11;43.0;4;43.0
1987-04-12;40.0;4;40.0
1987-04-13;35.0;4;35.0
1987-04-14;33.0;4;33.0
1987-04-15;33.0;4;33.0
1987-04-16;33.0;4;33.0
1987-04-17;43.0;4;43.0
1987-04-18;43.0;4;43.0
1987-04-19;139.0;4;139.0
1987-04-20;100.0;4;100.0
1987-04-21;78.0;4;78.0
1987-04-22;65.0;4;65.0
1987-04-23;80.0;4;80.0
1987-04-24;76.0;4;76.0
1987-04-25;58.0;4;58.0
1987-04-26;57.0;4;57.0
1987-04-27;57.0;4;57.0
1987-04-28;51.0;4;51.0
1987-04-29;51.0;4;51.0
1987-04-30;46.0;4;46.0
1987-05-01;43.0;5;43.0
1987-05-02;43.0;5;43.0
1987-05-03;40.0;5;40.0
1987-05-04;40.0;5;40.0
1987-05-05;40.0;5;40.0
1987-05-06;35.0;5;35.0
1987-05-07;34.0;5;34.0
1987-05-08;33.0;5;33.0
1987-05-09;33.0;5;33.0
1987-05-10;33.0;5;33.0
1987-05-11;33.0;5;33.0
1987-05-12;39.0;5;39.0
1987-05-13;33.0;5;33.0
1987-05-14;33.0;5;33.0
1987-05-15;33.0;5;33.0
1987-05-16;33.0;5;33.0
1987-05-17;42.0;5;42.0
1987-05-18;40.0;5;40.0
1987-05-19;40.0;5;40.0
1987-05-20;43.0;5;43.0
1987-05-21;42.0;5;42.0
1987-05-22;40.0;5;40.0
1987-05-23;39.0;5;39.0
1987-05-24;38.0;5;38.0
1987-05-25;38.0;5;38.0
1987-05-26;40.0;5;40.0
1987-05-27;54.0;5;54.0
1987-05-28;53.0;5;53.0
1987-05-29;51.0;5;51.0
1987-05-30;60.0;5;60.0
1987-05-31;53.0;5;53.0
1987-06-01;51.0;6;51.0
1987-06-02;51.0;6;51.0
1987-06-03;74.0;6;74.0
1987-06-04;100.0;6;100.0
1987-06-05;102.0;6;102.0
1987-06-06;60.0;6;60.0
1987-06-07;57.0;6;57.0
1987-06-08;54.0;6;54.0
1987-06-09;54.0;6;54.0
1987-06-10;51.0;6;51.0
1987-06-11;47.0;6;47.0
1987-06-12;46.0;6;46.0
1987-06-13;43.0;6;43.0
1987-06-14;-999.000;6;116.0
1987-06-15;-999.000;6;244.0
1987-06-16;40.0;6;40.0
1987-06-17;35.0;6;35.0
1987-06-18;34.0;6;34.0
1987-06-19;33.0;6;33.0
1987-06-20;31.0;6;31.0
1987-06-21;31.0;6;31.0
1987-06-22;31.0;6;31.0
1987-06-23;33.0;6;33.0
1987-06-24;33.0;6;33.0
1987-06-25;33.0;6;33.0
1987-06-26;29.0;6;29.0
1987-06-27;29.0;6;29.0
1987-06-28;29.0;6;29.0
1987-06-29;29.0;6;29.0
1987-06-30;29.0;6;29.0
1987-07-01;27.0;7;27.0
1987-07-02;27.0;7;27.0
1987-07-03;27.0;7;27.0
1987-07-04;27.0;7;27.0
1987-07-05;27.0;7;27.0
1987-07-06;27.0;7;27.0
1987-07-07;27.0;7;27.0
1987-07-08;27.0;7;27.0
1987-07-09;27.0;7;27.0
1987-07-10;27.0;7;27.0
1987-07-11;25.0;7;25.0
1987-07-12;25.0;7;25.0
1987-07-13;25.0;7;25.0
1987-07-14;24.0;7;24.0
1987-07-15;24.0;7;24.0
1987-07-16;24.0;7;24.0
1987-07-17;24.0;7;24.0
1987-07-18;24.0;7;24.0
1987-07-19;24.0;7;24.0
1987-07-20;24.0;7;24.0
1987-07-21;32.0;7;32.0
1987-07-22;43.0;7;43.0
1987-07-23;43.0;7;43.0
1987-07-24;38.0;7;38.0
1987-07-25;38.0;7;38.0
1987-07-26;33.0;7;33.0
1987-07-27;28.0;7;28.0
1987-07-28;27.0;7;27.0
1987-07-29;24.0;7;24.0
1987-07-30;24.0;7;24.0
1987-07-31;17.0;7;17.0
1987-08-01;17.0;8;17.0
1987-08-02;17.0;8;17.0
1987-08-03;17.0;8;17.0
1987-08-04;17.0;8;17.0
1987-08-05;17.0;8;17.0
1987-08-06;17.0;8;17.0
1987-08-07;17.0;8;17.0
1987-08-08;17.0;8;17.0
1987-08-09;17.0;8;17.0
1987-08-10;17.0;8;17.0
1987-08-11;17.0;8;17.0
1987-08-12;17.0;8;17.0
1987-08-13;22.0;8;22.0
1987-08-14;22.0;8;22.0
1987-08-15;22.0;8;22.0
1987-08-16;20.0;8;20.0
1987-08-17;20.0;8;20.0
1987-08-18;17.0;8;17.0
1987-08-19;17.0;8;17.0
1987-08-20;17.0;8;17.0
1987-08-21;17.0;8;17.0
1987-08-22;17.0;8;17.0
1987-08-23;22.0;8;22.0
1987-08-24;21.0;8;21.0
1987-08-25;21.0;8;21.0
1987-08-26;21.0;8;21.0
1987-08-27;21.0;8;21.0
1987-08-28;24.0;8;24.0
1987-08-29;33.0;8;33.0
1987-08-30;33.0;8;33.0
1987-08-31;38.0;8;38.0
1987-09-01;40.0;9;40.0
1987-09-02;42.0;9;42.0
1987-09-03;89.0;9;89.0
1987-09-04;60.0;9;60.0
1987-09-05;60.0;9;60.0
1987-09-06;51.0;9;51.0
1987-09-07;40.0;9;40.0
1987-09-08;38.0;9;38.0
1987-09-09;33.0;9;33.0
1987-09-10;-999.000;9;69.0
1987-09-11;29.0;9;29.0
1987-09-12;27.0;9;27.0
1987-09-13;21.0;9;21.0
1987-09-14;20.0;9;20.0
1987-09-15;19.0;9;19.0
1987-09-16;19.0;9;19.0
1987-09-17;19.0;9;19.0
1987-09-18;26.0;9;26.0
1987-09-19;20.0;9;20.0
1987-09-20;30.0;9;30.0
1987-09-21;36.0;9;36.0
1987-09-22;-999.000;9;42.0
1987-09-23;-999.000;9;35.0
1987-09-24;-999.000;9;121.0
1987-09-25;-999.000;9;272.0
1987-09-26;-999.000;9;105.0
1987-09-27;-999.000;9;21.0
1987-09-28;-999.000;9;89.0
1987-09-29;-999.000;9;67.0
1987-09-30;-999.000;9;61.0
1987-10-01;33.0;10;33.0
1987-10-02;33.0;10;33.0
1987-10-03;37.0;10;37.0
1987-10-04;33.0;10;33.0
1987-10-05;32.0;10;32.0
1987-10-06;32.0;10;32.0
1987-10-07;34.0;10;34.0
1987-10-08;36.0;10;36.0
1987-10-09;32.0;10;32.0
1987-10-10;31.0;10;31.0
1987-10-11;30.0;10;30.0
1987-10-12;36.0;10;36.0
1987-10-13;34.0;10;34.0
1987-10-14;39.0;10;39.0
1987-10-15;31.0;10;31.0
1987-10-16;30.0;10;30.0
1987-10-17;30.0;10;30.0
1987-10-18;29.0;10;29.0
1987-10-19;28.0;10;28.0
1987-10-20;28.0;10;28.0
1987-10-21;28.0;10;28.0
1987-10-22;27.0;10;27.0
1987-10-23;27.0;10;27.0
1987-10-24;26.0;10;26.0
1987-10-25;25.0;10;25.0
1987-10-26;24.0;10;24.0
1987-10-27;24.0;10;24.0
1987-10-28;20.0;10;20.0
1987-10-29;23.0;10;23.0
1987-10-30;22.0;10;22.0
1987-10-31;22.0;10;22.0
1987-11-01;22.0;11;22.0
1987-11-02;21.0;11;21.0
1987-11-03;21.0;11;21.0
1987-11-04;20.0;11;20.0
1987-11-05;19.0;11;19.0
1987-11-06;22.0;11;22.0
1987-11-07;18.0;11;18.0
1987-11-08;27.0;11;27.0
1987-11-09;39.0;11;39.0
1987-11-10;28.0;11;28.0
1987-11-11;24.0;11;24.0
1987-11-12;18.0;11;18.0
1987-11-13;18.0;11;18.0
1987-11-14;18.0;11;18.0
1987-11-15;18.0;11;18.0
1987-11-16;18.0;11;18.0
1987-11-17;18.0;11;18.0
1987-11-18;18.0;11;18.0
1987-11-19;17.0;11;17.0
1987-11-20;18.0;11;18.0
1987-11-21;18.0;11;18.0
1987-11-22;20.0;11;20.0
1987-11-23;28.0;11;28.0
1987-11-24;24.0;11;24.0
1987-11-25;24.0;11;24.0
1987-11-26;18.0;11;18.0
1987-11-27;22.0;11;22.0
1987-11-28;18.0;11;18.0
1987-11-29;17.0;11;17.0
1987-11-30;17.0;11;17.0
1987-12-01;18.0;12;18.0
1987-12-02;17.0;12;17.0
1987-12-03;17.0;12;17.0
1987-12-04;10.0;12;10.0
1987-12-05;10.0;12;10.0
1987-12-06;11.0;12;11.0
1987-12-07;10.0;12;10.0
1987-12-08;17.0;12;17.0
1987-12-09;17.0;12;17.0
1987-12-10;17.0;12;17.0
1987-12-11;18.0;12;18.0
1987-12-12;17.0;12;17.0
1987-12-13;12.0;12;12.0
1987-12-14;24.0;12;24.0
1987-12-15;17.0;12;17.0
1987-12-16;17.0;12;17.0
1987-12-17;17.0;12;17.0
1987-12-18;17.0;12;17.0
1987-12-19;18.0;12;18.0
1987-12-20;17.0;12;17.0
1987-12-21;17.0;12;17.0
1987-12-22;12.0;12;12.0
1987-12-23;12.0;12;12.0
1987-12-24;13.0;12;13.0
1987-12-25;13.0;12;13.0
1987-12-26;13.0;12;13.0
1987-12-27;13.0;12;13.0
1987-12-28;13.0;12;13.0
1987-12-29;-999.000;12;44.0
1987-12-30;-999.000;12;17.0
1987-12-31;-999.000;12;42.0
1988-01-01;13.0;1;13.0
1988-01-02;12.0;1;12.0
1988-01-03;12.0;1;12.0
1988-01-04;13.0;1;13.0
1988-01-05;25.0;1;25.0
1988-01-06;15.0;1;15.0
1988-01-07;13.0;1;13.0
1988-01-08;13.0;1;13.0
1988-01-09;12.0;1;12.0
1988-01-10;12.0;1;12.0
1988-01-11;13.0;1;13.0
1988-01-12;12.0;1;12.0
1988-01-13;13.0;1;13.0
1988-01-14;20.0;1;20.0
1988-01-15;24.0;1;24.0
1988-01-16;18.0;1;18.0
1988-01-17;14.0;1;14.0
1988-01-18;14.0;1;14.0
1988-01-19;13.0;1;13.0
1988-01-20;13.0;1;13.0
1988-01-21;13.0;1;13.0
1988-01-22;18.0;1;18.0
1988-01-23;14.0;1;14.0
1988-01-24;13.0;1;13.0
1988-01-25;27.0;1;27.0
1988-01-26;20.0;1;20.0
1988-01-27;15.0;1;15.0
1988-01-28;14.0;1;14.0
1988-01-29;28.0;1;28.0
1988-01-30;83.0;1;83.0
1988-01-31;38.0;1;38.0
1988-02-01;27.0;2;27.0
1988-02-02;20.0;2;20.0
1988-02-03;22.0;2;22.0
1988-02-04;40.0;2;40.0
1988-02-05;83.0;2;83.0
1988-02-06;76.0;2;76.0
1988-02-07;33.0;2;33.0
1988-02-08;32.0;2;32.0
1988-02-09;25.0;2;25.0
1988-02-10;24.0;2;24.0
1988-02-11;40.0;2;40.0
1988-02-12;33.0;2;33.0
1988-02-13;26.0;2;26.0
1988-02-14;20.0;2;20.0
1988-02-15;14.0;2;14.0
1988-02-16;20.0;2;20.0
1988-02-17;20.0;2;20.0
1988-02-18;16.0;2;16.0
1988-02-19;17.0;2;17.0
1988-02-20;17.0;2;17.0
1988-02-21;17.0;2;17.0
1988-02-22;16.0;2;16.0
1988-02-23;36.0;2;36.0
1988-02-24;20.0;2;20.0
1988-02-25;17.0;2;17.0
1988-02-26;20.0;2;20.0
1988-02-27;17.0;2;17.0
1988-02-28;28.0;2;28.0
1988-02-29;29.0;2;29.0
1988-03-01;79.0;3;79.0
1988-03-02;64.0;3;64.0
1988-03-03;22.0;3;22.0
1988-03-04;30.0;3;30.0
1988-03-05;33.0;3;33.0
1988-03-06;23.0;3;23.0
1988-03-07;43.0;3;43.0
1988-03-08;54.0;3;54.0
1988-03-09;28.0;3;28.0
1988-03-10;28.0;3;28.0
1988-03-11;26.0;3;26.0
1988-03-12;22.0;3;22.0
1988-03-13;18.0;3;18.0
1988-03-14;56.0;3;56.0
1988-03-15;21.0;3;21.0
1988-03-16;30.0;3;30.0
1988-03-17;94.0;3;94.0
1988-03-18;42.0;3;42.0
1988-03-19;49.0;3;49.0
1988-03-20;34.0;3;34.0
1988-03-21;86.0;3;86.0
1988-03-22;65.0;3;65.0
1988-03-23;38.0;3;38.0
1988-03-24;120.0;3;120.0
1988-03-25;118.0;3;118.0
1988-03-26;-999.000;3;26.0
1988-03-27;-999.000;3;19.0
1988-03-28;-999.000;3;43.0
1988-03-29;-999.000;3;14.0
1988-03-30;13.0;3;13.0
1988-03-31;-999.000;3;23.0
1988-04-01;-999.000;4;18.0
1988-04-02;-999.000;4;18.0
1988-04-03;39.0;4;39.0
1988-04-04;-999.000;4;43.0
1988-04-05;-999.000;4;142.0
1988-04-06;10.0;4;10.0
1988-04-07;-999.000;4;76.0
1988-04-08;21.0;4;21.0
1988-04-09;18.0;4;18.0
1988-04-10;19.0;4;19.0
1988-04-11;26.0;4;26.0
1988-04-12;26.0;4;26.0
1988-04-13;30.0;4;30.0
1988-04-14;18.0;4;18.0
1988-04-15;15.0;4;15.0
1988-04-16;14.0;4;14.0
1988-04-17;14.0;4;14.0
1988-04-18;15.0;4;15.0
1988-04-19;28.0;4;28.0
1988-04-20;26.0;4;26.0
1988-04-21;17.0;4;17.0
1988-04-22;19.0;4;19.0
1988-04-23;18.0;4;18.0
1988-04-24;15.0;4;15.0
1988-04-25;36.0;4;36.0
1988-04-26;25.0;4;25.0
1988-04-27;18.0;4;18.0
1988-04-28;18.0;4;18.0
1988-04-29;13.0;4;13.0
1988-04-30;10.0;4;10.0
1988-05-01;18.0;5;18.0
1988-05-02;15.0;5;15.0
1988-05-03;16.0;5;16.0
1988-05-04;14.0;5;14.0
1988-05-05;24.0;5;24.0
1988-05-06;13.0;5;13.0
1988-05-07;36.0;5;36.0
1988-05-08;28.0;5;28.0
1988-05-09;15.0;5;15.0
1988-05-10;36.0;5;36.0
1988-05-11;29.0;5;29.0
1988-05-12;20.0;5;20.0
1988-05-13;15.0;5;15.0
1988-05-14;19.0;5;19.0
1988-05-15;13.0;5;13.0
1988-05-16;17.0;5;17.0
1988-05-17;48.0;5;48.0
1988-05-18;20.0;5;20.0
1988-05-19;13.0;5;13.0
1988-05-20;13.0;5;13.0
1988-05-21;10.0;5;10.0
1988-05-22;15.0;5;15.0
1988-05-23;14.0;5;14.0
1988-05-24;14.0;5;14.0
1988-05-25;17.0;5;17.0
1988-05-26;14.0;5;14.0
1988-05-27;18.0;5;18.0
1988-05-28;94.0;5;94.0
1988-05-29;133.0;5;133.0
1988-05-30;21.0;5;21.0
1988-05-31;18.0;5;18.0
1988-06-01;29.0;6;29.0
1988-06-02;137.0;6;137.0
1988-06-03;31.0;6;31.0
1988-06-04;37.0;6;37.0
1988-06-05;28.0;6;28.0
1988-06-06;36.0;6;36.0
1988-06-07;34.0;6;34.0
1988-06-08;29.0;6;29.0
1988-06-09;26.0;6;26.0
1988-06-10;24.0;6;24.0
1988-06-11;19.0;6;19.0
1988-06-12;22.0;6;22.0
1988-06-13;33.0;6;33.0
1988-06-14;21.0;6;21.0
1988-06-15;19.0;6;19.0
1988-06-16;18.0;6;18.0
1988-06-17;51.0;6;51.0
1988-06-18;24.0;6;24.0
1988-06-19;19.0;6;19.0
1988-06-20;19.0;6;19.0
1988-06-21;57.0;6;57.0
1988-06-22;73.0;6;73.0
1988-06-23;21.0;6;21.0
1988-06-24;21.0;6;21.0
1988-06-25;16.0;6;16.0
1988-06-26;18.0;6;18.0
1988-06-27;21.0;6;21.0
1988-06-28;28.0;6;28.0
1988-06-29;30.0;6;30.0
1988-06-30;44.0;6;44.0
1988-07-01;22.0;7;22.0
1988-07-02;22.0;7;22.0
1988-07-03;22.0;7;22.0
1988-07-04;75.0;7;75.0
1988-07-05;163.0;7;163.0
1988-07-06;100.0;7;100.0
1988-07-07;93.0;7;93.0
1988-07-08;27.0;7;27.0
1988-07-09;25.0;7;25.0
1988-07-10;26.0;7;26.0
1988-07-11;38.0;7;38.0
1988-07-12;32.0;7;32.0
1988-07-13;22.0;7;22.0
1988-07-14;26.0;7;26.0
1988-07-15;48.0;7;48.0
1988-07-16;36.0;7;36.0
1988-07-17;24.0;7;24.0
1988-07-18;24.0;7;24.0
1988-07-19;20.0;7;20.0
1988-07-20;18.0;7;18.0
1988-07-21;24.0;7;24.0
1988-07-22;20.0;7;20.0
1988-07-23;19.0;7;19.0
1988-07-24;21.0;7;21.0
1988-07-25;19.0;7;19.0
1988-07-26;20.0;7;20.0
1988-07-27;23.0;7;23.0
1988-07-28;18.0;7;18.0
1988-07-29;18.0;7;18.0
1988-07-30;123.0;7;123.0
1988-07-31;-999.000;7;33.0
1988-08-01;24.0;8;24.0
1988-08-02;38.0;8;38.0
1988-08-03;309.0;8;309.0
1988-08-04;155.0;8;155.0
1988-08-05;54.0;8;54.0
1988-08-06;35.0;8;35.0
1988-08-07;36.0;8;36.0
1988-08-08;35.0;8;35.0
1988-08-09;38.0;8;38.0
1988-08-10;76.0;8;76.0
1988-08-11;25.0;8;25.0
1988-08-12;71.0;8;71.0
1988-08-13;38.0;8;38.0
1988-08-14;81.0;8;81.0
1988-08-15;112.0;8;112.0
1988-08-16;161.0;8;161.0
1988-08-17;181.0;8;181.0
1988-08-18;106.0;8;106.0
1988-08-19;50.0;8;50.0
1988-08-20;166.0;8;166.0
1988-08-21;71.0;8;71.0
1988-08-22;72.0;8;72.0
1988-08-23;95.0;8;95.0
1988-08-24;86.0;8;86.0
1988-08-25;62.0;8;62.0
1988-08-26;49.0;8;49.0
1988-08-27;70.0;8;70.0
1988-08-28;62.0;8;62.0
1988-08-29;161.0;8;161.0
1988-08-30;123.0;8;123.0
1988-08-31;192.0;8;192.0
1988-09-01;208.0;9;208.0
1988-09-02;244.0;9;244.0
1988-09-03;231.0;9;231.0
1988-09-04;227.0;9;227.0
1988-09-05;157.0;9;157.0
1988-09-06;145.0;9;145.0
1988-09-07;142.0;9;142.0
1988-09-08;92.0;9;92.0
1988-09-09;79.0;9;79.0
1988-09-10;61.0;9;61.0
1988-09-11;53.0;9;53.0
1988-09-12;53.0;9;53.0
1988-09-13;146.0;9;146.0
1988-09-14;241.0;9;241.0
1988-09-15;156.0;9;156.0
1988-09-16;55.0;9;55.0
1988-09-17;85.0;9;85.0
1988-09-18;129.0;9;129.0
1988-09-19;97.0;9;97.0
1988-09-20;38.0;9;38.0
1988-09-21;76.0;9;76.0
1988-09-22;49.0;9;49.0
1988-09-23;38.0;9;38.0
1988-09-24;43.0;9;43.0
1988-09-25;49.0;9;49.0
1988-09-26;35.0;9;35.0
1988-09-27;31.0;9;31.0
1988-09-28;22.0;9;22.0
1988-09-29;26.0;9;26.0
1988-09-30;36.0;9;36.0
1988-10-01;36.0;10;36.0
1988-10-02;37.0;10;37.0
1988-10-03;34.0;10;34.0
1988-10-04;22.0;10;22.0
1988-10-05;23.0;10;23.0
1988-10-06;28.0;10;28.0
1988-10-07;24.0;10;24.0
1988-10-08;24.0;10;24.0
1988-10-09;28.0;10;28.0
1988-10-10;58.0;10;58.0
1988-10-11;49.0;10;49.0
1988-10-12;33.0;10;33.0
1988-10-13;33.0;10;33.0
1988-10-14;31.0;10;31.0
1988-10-15;49.0;10;49.0
1988-10-16;28.0;10;28.0
1988-10-17;19.0;10;19.0
1988-10-18;17.0;10;17.0
1988-10-19;20.0;10;20.0
1988-10-20;20.0;10;20.0
1988-10-21;17.0;10;17.0
1988-10-22;16.0;10;16.0
1988-10-23;17.0;10;17.0
1988-10-24;17.0;10;17.0
1988-10-25;20.0;10;20.0
1988-10-26;28.0;10;28.0
1988-10-27;27.0;10;27.0
1988-10-28;28.0;10;28.0
1988-10-29;27.0;10;27.0
1988-10-30;27.0;10;27.0
1988-10-31;28.0;10;28.0
1988-11-01;75.0;11;75.0
1988-11-02;52.0;11;52.0
1988-11-03;30.0;11;30.0
1988-11-04;27.0;11;27.0
1988-11-05;26.0;11;26.0
1988-11-06;26.0;11;26.0
1988-11-07;25.0;11;25.0
1988-11-08;24.0;11;24.0
1988-11-09;24.0;11;24.0
1988-11-10;24.0;11;24.0
1988-11-11;20.0;11;20.0
1988-11-12;22.0;11;22.0
1988-11-13;25.0;11;25.0
1988-11-14;26.0;11;26.0
1988-11-15;23.0;11;23.0
1988-11-16;20.0;11;20.0
1988-11-17;18.0;11;18.0
1988-11-18;18.0;11;18.0
1988-11-19;19.0;11;19.0
1988-11-20;19.0;11;19.0
1988-11-21;18.0;11;18.0
1988-11-22;19.0;11;19.0
1988-11-23;19.0;11;19.0
1988-11-24;19.0;11;19.0
1988-11-25;19.0;11;19.0
1988-11-26;18.0;11;18.0
1988-11-27;18.0;11;18.0
1988-11-28;18.0;11;18.0
1988-11-29;19.0;11;19.0
1988-11-30;25.0;11;25.0
1988-12-01;24.0;12;24.0
1988-12-02;20.0;12;20.0
1988-12-03;34.0;12;34.0
1988-12-04;27.0;12;27.0
1988-12-05;24.0;12;24.0
1988-12-06;19.0;12;19.0
1988-12-07;19.0;12;19.0
1988-12-08;28.0;12;28.0
1988-12-09;33.0;12;33.0
1988-12-10;27.0;12;27.0
1988-12-11;33.0;12;33.0
1988-12-12;28.0;12;28.0
1988-12-13;27.0;12;27.0
1988-12-14;27.0;12;27.0
1988-12-15;25.0;12;25.0
1988-12-16;24.0;12;24.0
1988-12-17;25.0;12;25.0
1988-12-18;20.0;12;20.0
1988-12-19;20.0;12;20.0
1988-12-20;19.0;12;19.0
1988-12-21;20.0;12;20.0
1988-12-22;19.0;12;19.0
1988-12-23;20.0;12;20.0
1988-12-24;17.0;12;17.0
1988-12-25;18.0;12;18.0
1988-12-26;25.0;12;25.0
1988-12-27;27.0;12;27.0
1988-12-28;22.0;12;22.0
1988-12-29;17.0;12;17.0
