YYYY-MM-DD;Value;month;Value_imputed
1980-01-09;158.0;1;158.0
1980-01-10;135.0;1;135.0
1980-01-11;136.0;1;136.0
1980-01-12;121.0;1;121.0
1980-01-13;108.0;1;108.0
1980-01-14;123.0;1;123.0
1980-01-15;153.0;1;153.0
1980-01-16;162.0;1;162.0
1980-01-17;212.0;1;212.0
1980-01-18;179.0;1;179.0
1980-01-19;151.0;1;151.0
1980-01-20;139.0;1;139.0
1980-01-21;234.0;1;234.0
1980-01-22;344.0;1;344.0
1980-01-23;240.0;1;240.0
1980-01-24;202.0;1;202.0
1980-01-25;188.0;1;188.0
1980-01-26;223.0;1;223.0
1980-01-27;194.0;1;194.0
1980-01-28;178.0;1;178.0
1980-01-29;152.0;1;152.0
1980-01-30;151.0;1;151.0
1980-01-31;175.0;1;175.0
1980-02-01;153.0;2;153.0
1980-02-02;122.0;2;122.0
1980-02-03;142.0;2;142.0
1980-02-04;128.0;2;128.0
1980-02-05;120.0;2;120.0
1980-02-06;171.0;2;171.0
1980-02-07;212.0;2;212.0
1980-02-08;186.0;2;186.0
1980-02-09;195.0;2;195.0
1980-02-10;193.0;2;193.0
1980-02-11;265.0;2;265.0
1980-02-12;180.0;2;180.0
1980-02-13;191.0;2;191.0
1980-02-14;183.0;2;183.0
1980-02-15;201.0;2;201.0
1980-02-16;199.0;2;199.0
1980-02-17;177.0;2;177.0
1980-02-18;165.0;2;165.0
1980-02-19;131.0;2;131.0
1980-02-20;116.0;2;116.0
1980-02-21;132.0;2;132.0
1980-02-22;119.0;2;119.0
1980-02-23;109.0;2;109.0
1980-02-24;114.0;2;114.0
1980-02-25;118.0;2;118.0
1980-02-26;168.0;2;168.0
1980-02-27;177.0;2;177.0
1980-02-28;165.0;2;165.0
1980-02-29;167.0;2;167.0
1980-03-01;165.0;3;165.0
1980-03-02;116.0;3;116.0
1980-03-03;118.0;3;118.0
1980-03-04;109.0;3;109.0
1980-03-05;146.0;3;146.0
1980-03-06;118.0;3;118.0
1980-03-07;121.0;3;121.0
1980-03-08;114.0;3;114.0
1980-03-09;111.0;3;111.0
1980-03-10;111.0;3;111.0
1980-03-11;109.0;3;109.0
1980-03-12;92.0;3;92.0
1980-03-13;102.0;3;102.0
1980-03-14;128.0;3;128.0
1980-03-15;116.0;3;116.0
1980-03-16;256.0;3;256.0
1980-03-17;387.0;3;387.0
1980-03-18;358.0;3;358.0
1980-03-19;311.0;3;311.0
1980-03-20;264.0;3;264.0
1980-03-21;240.0;3;240.0
1980-03-22;269.0;3;269.0
1980-03-23;198.0;3;198.0
1980-03-24;157.0;3;157.0
1980-03-25;167.0;3;167.0
1980-03-26;162.0;3;162.0
1980-03-27;162.0;3;162.0
1980-03-28;141.0;3;141.0
1980-03-29;135.0;3;135.0
1980-03-30;150.0;3;150.0
1980-03-31;136.0;3;136.0
1980-04-01;215.0;4;215.0
1980-04-02;205.0;4;205.0
1980-04-03;162.0;4;162.0
1980-04-04;149.0;4;149.0
1980-04-05;146.0;4;146.0
1980-04-06;269.0;4;269.0
1980-04-07;178.0;4;178.0
1980-04-08;104.0;4;104.0
1980-04-09;109.0;4;109.0
1980-04-10;109.0;4;109.0
1980-04-11;101.0;4;101.0
1980-04-12;101.0;4;101.0
1980-04-13;144.0;4;144.0
1980-04-14;188.0;4;188.0
1980-04-15;125.0;4;125.0
1980-04-16;142.0;4;142.0
1980-04-17;153.0;4;153.0
1980-04-18;149.0;4;149.0
1980-04-19;155.0;4;155.0
1980-04-20;125.0;4;125.0
1980-04-21;210.0;4;210.0
1980-04-22;170.0;4;170.0
1980-04-23;162.0;4;162.0
1980-04-24;225.0;4;225.0
1980-04-25;92.0;4;92.0
1980-04-26;92.0;4;92.0
1980-04-27;80.0;4;80.0
1980-04-28;278.0;4;278.0
1980-04-29;243.0;4;243.0
1980-04-30;218.0;4;218.0
1980-05-01;132.0;5;132.0
1980-05-02;120.0;5;120.0
1980-05-03;152.0;5;152.0
1980-05-04;161.0;5;161.0
1980-05-05;152.0;5;152.0
1980-05-06;202.0;5;202.0
1980-05-07;199.0;5;199.0
1980-05-08;167.0;5;167.0
1980-05-09;144.0;5;144.0
1980-05-10;139.0;5;139.0
1980-05-11;188.0;5;188.0
1980-05-12;136.0;5;136.0
1980-05-13;116.0;5;116.0
1980-05-14;111.0;5;111.0
1980-05-15;128.0;5;128.0
1980-05-16;131.0;5;131.0
1980-05-17;188.0;5;188.0
1980-05-18;198.0;5;198.0
1980-05-19;177.0;5;177.0
1980-05-20;232.0;5;232.0
1980-05-21;183.0;5;183.0
1980-05-22;146.0;5;146.0
1980-05-23;136.0;5;136.0
1980-05-24;159.0;5;159.0
1980-05-25;129.0;5;129.0
1980-05-26;171.0;5;171.0
1980-05-27;129.0;5;129.0
1980-05-28;124.0;5;124.0
1980-05-29;131.0;5;131.0
1980-05-30;139.0;5;139.0
1980-05-31;-999.000;5;17.0
1980-06-01;130.0;6;130.0
1980-06-02;246.0;6;246.0
1980-06-03;202.0;6;202.0
1980-06-04;178.0;6;178.0
1980-06-05;159.0;6;159.0
1980-06-06;141.0;6;141.0
1980-06-07;121.0;6;121.0
1980-06-08;126.0;6;126.0
1980-06-09;133.0;6;133.0
1980-06-10;138.0;6;138.0
1980-06-11;131.0;6;131.0
1980-06-12;165.0;6;165.0
1980-06-13;349.0;6;349.0
1980-06-14;172.0;6;172.0
1980-06-15;170.0;6;170.0
1980-06-16;167.0;6;167.0
1980-06-17;338.0;6;338.0
1980-06-18;441.0;6;441.0
1980-06-19;441.0;6;441.0
1980-06-20;366.0;6;366.0
1980-06-21;335.0;6;335.0
1980-06-22;290.0;6;290.0
1980-06-23;244.0;6;244.0
1980-06-24;260.0;6;260.0
1980-06-25;481.0;6;481.0
1980-06-26;401.0;6;401.0
1980-06-27;364.0;6;364.0
1980-06-28;420.0;6;420.0
1980-06-29;415.0;6;415.0
1980-06-30;370.0;6;370.0
1980-07-01;265.0;7;265.0
1980-07-02;226.0;7;226.0
1980-07-03;183.0;7;183.0
1980-07-04;177.0;7;177.0
1980-07-05;227.0;7;227.0
1980-07-06;213.0;7;213.0
1980-07-07;165.0;7;165.0
1980-07-08;130.0;7;130.0
1980-07-09;162.0;7;162.0
1980-07-10;162.0;7;162.0
1980-07-11;142.0;7;142.0
1980-07-12;151.0;7;151.0
1980-07-13;165.0;7;165.0
1980-07-14;147.0;7;147.0
1980-07-15;159.0;7;159.0
1980-07-16;132.0;7;132.0
1980-07-17;139.0;7;139.0
1980-07-18;135.0;7;135.0
1980-07-19;113.0;7;113.0
1980-07-20;106.0;7;106.0
1980-07-21;155.0;7;155.0
1980-07-22;135.0;7;135.0
1980-07-23;142.0;7;142.0
1980-07-24;151.0;7;151.0
1980-07-25;159.0;7;159.0
1980-07-26;191.0;7;191.0
1980-07-27;168.0;7;168.0
1980-07-28;144.0;7;144.0
1980-07-29;139.0;7;139.0
1980-07-30;152.0;7;152.0
1980-07-31;-999.000;7;121.0
1980-08-01;252.0;8;252.0
1980-08-02;180.0;8;180.0
1980-08-03;272.0;8;272.0
1980-08-04;262.0;8;262.0
1980-08-05;232.0;8;232.0
1980-08-06;208.0;8;208.0
1980-08-07;133.0;8;133.0
1980-08-08;118.0;8;118.0
1980-08-09;110.0;8;110.0
1980-08-10;128.0;8;128.0
1980-08-11;121.0;8;121.0
1980-08-12;99.0;8;99.0
1980-08-13;130.0;8;130.0
1980-08-14;102.0;8;102.0
1980-08-15;111.0;8;111.0
1980-08-16;116.0;8;116.0
1980-08-17;119.0;8;119.0
1980-08-18;149.0;8;149.0
1980-08-19;146.0;8;146.0
1980-08-20;256.0;8;256.0
1980-08-21;254.0;8;254.0
1980-08-22;192.0;8;192.0
1980-08-23;135.0;8;135.0
1980-08-24;125.0;8;125.0
1980-08-25;129.0;8;129.0
1980-08-26;110.0;8;110.0
1980-08-27;91.0;8;91.0
1980-08-28;94.0;8;94.0
1980-08-29;83.0;8;83.0
1980-08-30;80.0;8;80.0
1980-08-31;74.0;8;74.0
1980-09-01;74.0;9;74.0
1980-09-02;95.0;9;95.0
1980-09-03;96.0;9;96.0
1980-09-04;85.0;9;85.0
1980-09-05;102.0;9;102.0
1980-09-06;69.0;9;69.0
1980-09-07;76.0;9;76.0
1980-09-08;65.0;9;65.0
1980-09-09;49.0;9;49.0
1980-09-10;40.0;9;40.0
1980-09-11;39.0;9;39.0
1980-09-12;33.0;9;33.0
1980-09-13;28.0;9;28.0
1980-09-14;26.0;9;26.0
1980-09-15;23.0;9;23.0
1980-09-16;18.0;9;18.0
1980-09-17;13.0;9;13.0
1980-09-18;27.0;9;27.0
1980-09-19;30.0;9;30.0
1980-09-20;17.0;9;17.0
1980-09-21;24.0;9;24.0
1980-09-22;24.0;9;24.0
1980-09-23;43.0;9;43.0
1980-09-24;52.0;9;52.0
1980-09-25;41.0;9;41.0
1980-09-26;38.0;9;38.0
1980-09-27;35.0;9;35.0
1980-09-28;34.0;9;34.0
1980-09-29;32.0;9;32.0
1980-09-30;27.0;9;27.0
1980-10-01;94.0;10;94.0
1980-10-02;89.0;10;89.0
1980-10-03;49.0;10;49.0
1980-10-04;37.0;10;37.0
1980-10-05;-999.000;10;186.0
1980-10-06;-999.000;10;174.0
1980-10-07;-999.000;10;51.0
1980-10-08;-999.000;10;102.0
1980-10-09;-999.000;10;54.0
1980-10-10;-999.000;10;121.0
1980-10-11;-999.000;10;362.0
1980-10-12;-999.000;10;189.0
1980-10-13;-999.000;10;299.0
1980-10-14;22.0;10;22.0
1980-10-15;16.0;10;16.0
1980-10-16;49.0;10;49.0
1980-10-17;149.0;10;149.0
1980-10-18;205.0;10;205.0
1980-10-19;256.0;10;256.0
1980-10-20;208.0;10;208.0
1980-10-21;250.0;10;250.0
1980-10-22;145.0;10;145.0
1980-10-23;124.0;10;124.0
1980-10-24;94.0;10;94.0
1980-10-25;121.0;10;121.0
1980-10-26;149.0;10;149.0
1980-10-27;124.0;10;124.0
1980-10-28;121.0;10;121.0
1980-10-29;94.0;10;94.0
1980-10-30;105.0;10;105.0
1980-10-31;-999.000;10;176.0
1980-11-01;171.0;11;171.0
1980-11-02;123.0;11;123.0
1980-11-03;118.0;11;118.0
1980-11-04;129.0;11;129.0
1980-11-05;112.0;11;112.0
1980-11-06;108.0;11;108.0
1980-11-07;86.0;11;86.0
1980-11-08;76.0;11;76.0
1980-11-09;89.0;11;89.0
1980-11-10;108.0;11;108.0
1980-11-11;86.0;11;86.0
1980-11-12;76.0;11;76.0
1980-11-13;71.0;11;71.0
1980-11-14;73.0;11;73.0
1980-11-15;180.0;11;180.0
1980-11-16;129.0;11;129.0
1980-11-17;130.0;11;130.0
1980-11-18;122.0;11;122.0
1980-11-19;121.0;11;121.0
1980-11-20;142.0;11;142.0
1980-11-21;113.0;11;113.0
1980-11-22;89.0;11;89.0
1980-11-23;105.0;11;105.0
1980-11-24;110.0;11;110.0
1980-11-25;234.0;11;234.0
1980-11-26;260.0;11;260.0
1980-11-27;242.0;11;242.0
1980-11-28;165.0;11;165.0
1980-11-29;118.0;11;118.0
1980-11-30;76.0;11;76.0
1980-12-01;177.0;12;177.0
1980-12-02;201.0;12;201.0
1980-12-03;315.0;12;315.0
1980-12-04;239.0;12;239.0
1980-12-05;270.0;12;270.0
1980-12-06;301.0;12;301.0
1980-12-07;239.0;12;239.0
1980-12-08;256.0;12;256.0
1980-12-09;239.0;12;239.0
1980-12-10;263.0;12;263.0
1980-12-11;342.0;12;342.0
1980-12-12;382.0;12;382.0
1980-12-13;446.0;12;446.0
1980-12-14;312.0;12;312.0
1980-12-15;246.0;12;246.0
1980-12-16;242.0;12;242.0
1980-12-17;193.0;12;193.0
1980-12-18;235.0;12;235.0
1980-12-19;222.0;12;222.0
1980-12-20;205.0;12;205.0
1980-12-21;222.0;12;222.0
1980-12-22;177.0;12;177.0
1980-12-23;192.0;12;192.0
1980-12-24;165.0;12;165.0
1980-12-25;159.0;12;159.0
1980-12-26;232.0;12;232.0
1980-12-27;326.0;12;326.0
1980-12-28;340.0;12;340.0
1980-12-29;308.0;12;308.0
1980-12-30;326.0;12;326.0
1980-12-31;-999.000;12;283.0
1981-01-01;268.0;1;268.0
1981-01-02;238.0;1;238.0
1981-01-03;246.0;1;246.0
1981-01-04;215.0;1;215.0
1981-01-05;208.0;1;208.0
1981-01-06;159.0;1;159.0
1981-01-07;205.0;1;205.0
1981-01-08;144.0;1;144.0
1981-01-09;141.0;1;141.0
1981-01-10;150.0;1;150.0
1981-01-11;189.0;1;189.0
1981-01-12;162.0;1;162.0
1981-01-13;141.0;1;141.0
1981-01-14;192.0;1;192.0
1981-01-15;201.0;1;201.0
1981-01-16;205.0;1;205.0
1981-01-17;218.0;1;218.0
1981-01-18;147.0;1;147.0
1981-01-19;153.0;1;153.0
1981-01-20;135.0;1;135.0
1981-01-21;208.0;1;208.0
1981-01-22;177.0;1;177.0
1981-01-23;230.0;1;230.0
1981-01-24;208.0;1;208.0
1981-01-25;189.0;1;189.0
1981-01-26;150.0;1;150.0
1981-01-27;147.0;1;147.0
1981-01-28;215.0;1;215.0
1981-01-29;277.0;1;277.0
1981-01-30;218.0;1;218.0
1981-01-31;189.0;1;189.0
1981-02-01;183.0;2;183.0
1981-02-02;208.0;2;208.0
1981-02-03;177.0;2;177.0
1981-02-04;159.0;2;159.0
1981-02-05;135.0;2;135.0
1981-02-06;270.0;2;270.0
1981-02-07;246.0;2;246.0
1981-02-08;198.0;2;198.0
1981-02-09;174.0;2;174.0
1981-02-10;132.0;2;132.0
1981-02-11;129.0;2;129.0
1981-02-12;113.0;2;113.0
1981-02-13;108.0;2;108.0
1981-02-14;97.0;2;97.0
1981-02-15;105.0;2;105.0
1981-02-16;159.0;2;159.0
1981-02-17;183.0;2;183.0
1981-02-18;136.0;2;136.0
1981-02-19;202.0;2;202.0
1981-02-20;124.0;2;124.0
1981-02-21;177.0;2;177.0
1981-02-22;124.0;2;124.0
1981-02-23;108.0;2;108.0
1981-02-24;116.0;2;116.0
1981-02-25;105.0;2;105.0
1981-02-26;116.0;2;116.0
1981-02-27;183.0;2;183.0
1981-02-28;205.0;2;205.0
1981-03-01;229.0;3;229.0
1981-03-02;202.0;3;202.0
1981-03-03;143.0;3;143.0
1981-03-04;162.0;3;162.0
1981-03-05;229.0;3;229.0
1981-03-06;324.0;3;324.0
1981-03-07;241.0;3;241.0
1981-03-08;201.0;3;201.0
1981-03-09;200.0;3;200.0
1981-03-10;242.0;3;242.0
1981-03-11;212.0;3;212.0
1981-03-12;238.0;3;238.0
1981-03-13;172.0;3;172.0
1981-03-14;153.0;3;153.0
1981-03-15;133.0;3;133.0
1981-03-16;142.0;3;142.0
1981-03-17;174.0;3;174.0
1981-03-18;201.0;3;201.0
1981-03-19;186.0;3;186.0
1981-03-20;189.0;3;189.0
1981-03-21;177.0;3;177.0
1981-03-22;174.0;3;174.0
1981-03-23;214.0;3;214.0
1981-03-24;189.0;3;189.0
1981-03-25;162.0;3;162.0
1981-03-26;135.0;3;135.0
1981-03-27;129.0;3;129.0
1981-03-28;126.0;3;126.0
1981-03-29;147.0;3;147.0
1981-03-30;123.0;3;123.0
1981-03-31;-999.000;3;109.0
1981-04-01;141.0;4;141.0
1981-04-02;183.0;4;183.0
1981-04-03;177.0;4;177.0
1981-04-04;144.0;4;144.0
1981-04-05;138.0;4;138.0
1981-04-06;214.0;4;214.0
1981-04-07;182.0;4;182.0
1981-04-08;222.0;4;222.0
1981-04-09;212.0;4;212.0
1981-04-10;168.0;4;168.0
1981-04-11;194.0;4;194.0
1981-04-12;172.0;4;172.0
1981-04-13;151.0;4;151.0
1981-04-14;134.0;4;134.0
1981-04-15;116.0;4;116.0
1981-04-16;101.0;4;101.0
1981-04-17;99.0;4;99.0
1981-04-18;247.0;4;247.0
1981-04-19;286.0;4;286.0
1981-04-20;232.0;4;232.0
1981-04-21;204.0;4;204.0
1981-04-22;159.0;4;159.0
1981-04-23;186.0;4;186.0
1981-04-24;168.0;4;168.0
1981-04-25;196.0;4;196.0
1981-04-26;174.0;4;174.0
1981-04-27;212.0;4;212.0
1981-04-28;158.0;4;158.0
1981-04-29;129.0;4;129.0
1981-04-30;116.0;4;116.0
1981-05-01;150.0;5;150.0
1981-05-02;142.0;5;142.0
1981-05-03;198.0;5;198.0
1981-05-04;256.0;5;256.0
1981-05-05;249.0;5;249.0
1981-05-06;205.0;5;205.0
1981-05-07;257.0;5;257.0
1981-05-08;219.0;5;219.0
1981-05-09;177.0;5;177.0
1981-05-10;133.0;5;133.0
1981-05-11;108.0;5;108.0
1981-05-12;185.0;5;185.0
1981-05-13;290.0;5;290.0
1981-05-14;259.0;5;259.0
1981-05-15;171.0;5;171.0
1981-05-16;242.0;5;242.0
1981-05-17;263.0;5;263.0
1981-05-18;260.0;5;260.0
1981-05-19;212.0;5;212.0
1981-05-20;189.0;5;189.0
1981-05-21;168.0;5;168.0
1981-05-22;147.0;5;147.0
1981-05-23;138.0;5;138.0
1981-05-24;99.0;5;99.0
1981-05-25;89.0;5;89.0
1981-05-26;97.0;5;97.0
1981-05-27;118.0;5;118.0
1981-05-28;94.0;5;94.0
1981-05-29;147.0;5;147.0
1981-05-30;135.0;5;135.0
1981-05-31;-999.000;5;122.0
1981-06-01;86.0;6;86.0
1981-06-02;76.0;6;76.0
1981-06-03;61.0;6;61.0
1981-06-04;42.0;6;42.0
1981-06-05;36.0;6;36.0
1981-06-06;63.0;6;63.0
1981-06-07;83.0;6;83.0
1981-06-08;89.0;6;89.0
1981-06-09;76.0;6;76.0
1981-06-10;63.0;6;63.0
1981-06-11;78.0;6;78.0
1981-06-12;97.0;6;97.0
1981-06-13;94.0;6;94.0
1981-06-14;83.0;6;83.0
1981-06-15;66.0;6;66.0
1981-06-16;54.0;6;54.0
1981-06-17;62.0;6;62.0
1981-06-18;74.0;6;74.0
1981-06-19;129.0;6;129.0
1981-06-20;135.0;6;135.0
1981-06-21;99.0;6;99.0
1981-06-22;83.0;6;83.0
1981-06-23;68.0;6;68.0
1981-06-24;78.0;6;78.0
1981-06-25;47.0;6;47.0
1981-06-26;71.0;6;71.0
1981-06-27;86.0;6;86.0
1981-06-28;71.0;6;71.0
1981-06-29;91.0;6;91.0
1981-06-30;76.0;6;76.0
1981-07-01;12.0;7;12.0
1981-07-02;12.0;7;12.0
1981-07-03;16.0;7;16.0
1981-07-04;20.0;7;20.0
1981-07-05;36.0;7;36.0
1981-07-06;15.0;7;15.0
1981-07-07;12.0;7;12.0
1981-07-08;15.0;7;15.0
1981-07-09;32.0;7;32.0
1981-07-10;33.0;7;33.0
1981-07-11;36.0;7;36.0
1981-07-12;25.0;7;25.0
1981-07-13;46.0;7;46.0
1981-07-14;76.0;7;76.0
1981-07-15;113.0;7;113.0
1981-07-16;256.0;7;256.0
1981-07-17;263.0;7;263.0
1981-07-18;209.0;7;209.0
1981-07-19;162.0;7;162.0
1981-07-20;172.0;7;172.0
1981-07-21;162.0;7;162.0
1981-07-22;266.0;7;266.0
1981-07-23;319.0;7;319.0
1981-07-24;322.0;7;322.0
1981-07-25;364.0;7;364.0
1981-07-26;340.0;7;340.0
1981-07-27;322.0;7;322.0
1981-07-28;235.0;7;235.0
1981-07-29;202.0;7;202.0
1981-07-30;198.0;7;198.0
1981-07-31;-999.000;7;138.0
1981-08-01;222.0;8;222.0
1981-08-02;177.0;8;177.0
1981-08-03;149.0;8;149.0
1981-08-04;181.0;8;181.0
1981-08-05;284.0;8;284.0
1981-08-06;291.0;8;291.0
1981-08-07;284.0;8;284.0
1981-08-08;344.0;8;344.0
1981-08-09;434.0;8;434.0
1981-08-10;320.0;8;320.0
1981-08-11;286.0;8;286.0
1981-08-12;313.0;8;313.0
1981-08-13;361.0;8;361.0
1981-08-14;333.0;8;333.0
1981-08-15;326.0;8;326.0
1981-08-16;354.0;8;354.0
1981-08-17;425.0;8;425.0
1981-08-18;368.0;8;368.0
1981-08-19;456.0;8;456.0
1981-08-20;396.0;8;396.0
1981-08-21;347.0;8;347.0
1981-08-22;336.0;8;336.0
1981-08-23;319.0;8;319.0
1981-08-24;326.0;8;326.0
1981-08-25;284.0;8;284.0
1981-08-26;280.0;8;280.0
1981-08-27;241.0;8;241.0
1981-08-28;183.0;8;183.0
1981-08-29;156.0;8;156.0
1981-08-30;329.0;8;329.0
1981-08-31;361.0;8;361.0
1981-09-01;301.0;9;301.0
1981-09-02;273.0;9;273.0
1981-09-03;266.0;9;266.0
1981-09-04;146.0;9;146.0
1981-09-05;185.0;9;185.0
1981-09-06;174.0;9;174.0
1981-09-07;222.0;9;222.0
1981-09-08;389.0;9;389.0
1981-09-09;312.0;9;312.0
1981-09-10;365.0;9;365.0
1981-09-11;389.0;9;389.0
1981-09-12;401.0;9;401.0
1981-09-13;326.0;9;326.0
1981-09-14;267.0;9;267.0
1981-09-15;212.0;9;212.0
1981-09-16;189.0;9;189.0
1981-09-17;205.0;9;205.0
1981-09-18;215.0;9;215.0
1981-09-19;336.0;9;336.0
1981-09-20;250.0;9;250.0
1981-09-21;311.0;9;311.0
1981-09-22;340.0;9;340.0
1981-09-23;368.0;9;368.0
1981-09-24;493.0;9;493.0
1981-09-25;467.0;9;467.0
1981-09-26;411.0;9;411.0
1981-09-27;291.0;9;291.0
1981-09-28;222.0;9;222.0
1981-09-29;205.0;9;205.0
1981-09-30;180.0;9;180.0
1981-10-01;156.0;10;156.0
1981-10-02;97.0;10;97.0
1981-10-03;198.0;10;198.0
1981-10-04;194.0;10;194.0
1981-10-05;225.0;10;225.0
1981-10-06;201.0;10;201.0
1981-10-07;183.0;10;183.0
1981-10-08;161.0;10;161.0
1981-10-09;97.0;10;97.0
1981-10-10;102.0;10;102.0
1981-10-11;232.0;10;232.0
1981-10-12;402.0;10;402.0
1981-10-13;284.0;10;284.0
1981-10-14;101.0;10;101.0
1981-10-15;77.0;10;77.0
1981-10-16;86.0;10;86.0
1981-10-17;108.0;10;108.0
1981-10-18;279.0;10;279.0
1981-10-19;264.0;10;264.0
1981-10-20;233.0;10;233.0
1981-10-21;232.0;10;232.0
1981-10-22;207.0;10;207.0
1981-10-23;162.0;10;162.0
1981-10-24;144.0;10;144.0
1981-10-25;136.0;10;136.0
1981-10-26;118.0;10;118.0
1981-10-27;112.0;10;112.0
1981-10-28;106.0;10;106.0
1981-10-29;99.0;10;99.0
1981-10-30;113.0;10;113.0
1981-10-31;109.0;10;109.0
1981-11-01;142.0;11;142.0
1981-11-02;112.0;11;112.0
1981-11-03;72.0;11;72.0
1981-11-04;24.0;11;24.0
1981-11-05;22.0;11;22.0
1981-11-06;21.0;11;21.0
1981-11-07;19.0;11;19.0
1981-11-08;26.0;11;26.0
1981-11-09;29.0;11;29.0
1981-11-10;33.0;11;33.0
1981-11-11;28.0;11;28.0
1981-11-12;81.0;11;81.0
1981-11-13;192.0;11;192.0
1981-11-14;177.0;11;177.0
1981-11-15;121.0;11;121.0
1981-11-16;71.0;11;71.0
1981-11-17;23.0;11;23.0
1981-11-18;24.0;11;24.0
1981-11-19;27.0;11;27.0
1981-11-20;18.0;11;18.0
1981-11-21;12.0;11;12.0
1981-11-22;37.0;11;37.0
1981-11-23;71.0;11;71.0
1981-11-24;71.0;11;71.0
1981-11-25;40.0;11;40.0
1981-11-26;228.0;11;228.0
1981-11-27;102.0;11;102.0
1981-11-28;20.0;11;20.0
1981-11-29;15.0;11;15.0
1981-11-30;20.0;11;20.0
1981-12-01;235.0;12;235.0
1981-12-02;190.0;12;190.0
1981-12-03;174.0;12;174.0
1981-12-04;139.0;12;139.0
1981-12-05;124.0;12;124.0
1981-12-06;116.0;12;116.0
1981-12-07;112.0;12;112.0
1981-12-08;123.0;12;123.0
1981-12-09;104.0;12;104.0
1981-12-10;111.0;12;111.0
1981-12-11;140.0;12;140.0
1981-12-12;123.0;12;123.0
1981-12-13;112.0;12;112.0
1981-12-14;109.0;12;109.0
1981-12-15;112.0;12;112.0
1981-12-16;101.0;12;101.0
1981-12-17;91.0;12;91.0
1981-12-18;134.0;12;134.0
1981-12-19;113.0;12;113.0
1981-12-20;146.0;12;146.0
1981-12-21;181.0;12;181.0
1981-12-22;153.0;12;153.0
1981-12-23;115.0;12;115.0
1981-12-24;81.0;12;81.0
1981-12-25;76.0;12;76.0
1981-12-26;81.0;12;81.0
1981-12-27;80.0;12;80.0
1981-12-28;76.0;12;76.0
1981-12-29;77.0;12;77.0
1981-12-30;75.0;12;75.0
1981-12-31;-999.000;12;291.0
1982-01-01;-999.000;1;465.0
1982-01-02;-999.000;1;213.0
1982-01-03;-999.000;1;123.0
1982-01-04;-999.000;1;246.0
1982-01-05;-999.000;1;110.0
1982-01-06;-999.000;1;428.0
1982-01-07;-999.000;1;214.0
1982-01-08;-999.000;1;89.0
1982-01-09;-999.000;1;208.0
1982-01-10;-999.000;1;234.0
1982-01-11;-999.000;1;218.0
1982-01-12;-999.000;1;141.0
1982-01-13;-999.000;1;186.0
1982-01-14;-999.000;1;192.0
1982-01-15;-999.000;1;151.0
1982-01-16;-999.000;1;266.0
1982-01-17;-999.000;1;50.0
1982-01-18;-999.000;1;92.0
1982-01-19;-999.000;1;158.0
1982-01-20;-999.000;1;139.0
1982-01-21;-999.000;1;144.0
1982-01-22;-999.000;1;127.0
1982-01-23;-999.000;1;319.0
1982-01-24;-999.000;1;149.0
1982-01-25;-999.000;1;212.0
1982-01-26;-999.000;1;153.0
1982-01-27;-999.000;1;321.0
1982-01-28;-999.000;1;130.0
1982-01-29;-999.000;1;283.0
1982-01-30;-999.000;1;358.0
1982-01-31;-999.000;1;266.0
1982-02-01;-999.000;2;112.0
1982-02-02;-999.000;2;177.0
1982-02-03;-999.000;2;20.0
1982-02-04;-999.000;2;114.0
1982-02-05;-999.000;2;58.0
1982-02-06;-999.000;2;348.0
1982-02-07;-999.000;2;63.0
1982-02-08;-999.000;2;165.0
1982-02-09;-999.000;2;254.0
1982-02-10;-999.000;2;112.0
1982-02-11;-999.000;2;180.0
1982-02-12;-999.000;2;75.0
1982-02-13;-999.000;2;169.0
1982-02-14;-999.000;2;153.0
1982-02-15;-999.000;2;242.0
1982-02-16;-999.000;2;112.0
1982-02-17;-999.000;2;108.0
1982-02-18;-999.000;2;73.0
1982-02-19;-999.000;2;261.0
1982-02-20;-999.000;2;297.0
1982-02-21;-999.000;2;165.0
1982-02-22;-999.000;2;177.0
1982-02-23;-999.000;2;73.0
1982-02-24;-999.000;2;109.0
1982-02-25;-999.000;2;118.0
1982-02-26;-999.000;2;113.0
1982-02-27;-999.000;2;112.0
1982-02-28;-999.000;2;246.0
1982-03-01;-999.000;3;177.0
1982-03-02;-999.000;3;21.0
1982-03-03;-999.000;3;133.0
1982-03-04;-999.000;3;160.0
1982-03-05;-999.000;3;19.0
1982-03-06;-999.000;3;19.0
1982-03-07;-999.000;3;144.0
1982-03-08;-999.000;3;387.0
1982-03-09;-999.000;3;45.0
1982-03-10;-999.000;3;61.0
1982-03-11;-999.000;3;100.0
1982-03-12;-999.000;3;201.0
1982-03-13;-999.000;3;229.0
1982-03-14;-999.000;3;154.0
1982-03-15;-999.000;3;68.0
1982-03-16;-999.000;3;22.0
1982-03-17;-999.000;3;324.0
1982-03-18;-999.000;3;185.0
1982-03-19;-999.000;3;24.0
1982-03-20;-999.000;3;240.0
1982-03-21;-999.000;3;19.0
1982-03-22;-999.000;3;146.0
1982-03-23;-999.000;3;126.0
1982-03-24;-999.000;3;114.0
1982-03-25;-999.000;3;53.0
1982-03-26;-999.000;3;190.0
1982-03-27;-999.000;3;174.0
1982-03-28;-999.000;3;153.0
1982-03-29;-999.000;3;102.0
1982-03-30;-999.000;3;61.0
1982-03-31;-999.000;3;217.0
1982-04-01;-999.000;4;53.0
1982-04-02;-999.000;4;129.0
1982-04-03;-999.000;4;168.0
1982-04-04;-999.000;4;15.0
1982-04-05;-999.000;4;106.0
1982-04-06;-999.000;4;190.0
1982-04-07;-999.000;4;76.0
1982-04-08;-999.000;4;150.0
1982-04-09;-999.000;4;101.0
1982-04-10;-999.000;4;114.0
1982-04-11;-999.000;4;20.0
1982-04-12;-999.000;4;212.0
1982-04-13;-999.000;4;149.0
1982-04-14;-999.000;4;155.0
1982-04-15;-999.000;4;155.0
1982-04-16;-999.000;4;20.0
1982-04-17;-999.000;4;22.0
1982-04-18;-999.000;4;64.0
1982-04-19;-999.000;4;168.0
1982-04-20;-999.000;4;19.0
1982-04-21;-999.000;4;125.0
1982-04-22;-999.000;4;92.0
1982-04-23;-999.000;4;178.0
1982-04-24;-999.000;4;138.0
1982-04-25;-999.000;4;106.0
1982-04-26;-999.000;4;205.0
1982-04-27;-999.000;4;22.0
1982-04-28;-999.000;4;51.0
1982-04-29;-999.000;4;159.0
1982-04-30;-999.000;4;188.0
1982-05-01;-999.000;5;53.0
1982-05-02;-999.000;5;259.0
1982-05-03;-999.000;5;169.0
1982-05-04;-999.000;5;21.0
1982-05-05;-999.000;5;263.0
1982-05-06;-999.000;5;266.0
1982-05-07;-999.000;5;14.0
1982-05-08;-999.000;5;59.0
1982-05-09;-999.000;5;303.0
1982-05-10;-999.000;5;40.0
1982-05-11;-999.000;5;21.0
1982-05-12;-999.000;5;116.0
1982-05-13;-999.000;5;24.0
1982-05-14;-999.000;5;168.0
1982-05-15;-999.000;5;199.0
1982-05-16;-999.000;5;16.0
1982-05-17;-999.000;5;189.0
1982-05-18;-999.000;5;81.0
1982-05-19;-999.000;5;132.0
1982-05-20;-999.000;5;212.0
1982-05-21;-999.000;5;150.0
1982-05-22;-999.000;5;28.0
1982-05-23;-999.000;5;165.0
1982-05-24;-999.000;5;108.0
1982-05-25;-999.000;5;139.0
1982-05-26;-999.000;5;17.0
1982-05-27;-999.000;5;238.0
1982-05-28;-999.000;5;153.0
1982-05-29;-999.000;5;306.0
1982-05-30;-999.000;5;97.0
1982-05-31;-999.000;5;108.0
1982-06-01;-999.000;6;177.0
1982-06-02;-999.000;6;290.0
1982-06-03;-999.000;6;130.0
1982-06-04;-999.000;6;140.0
1982-06-05;-999.000;6;19.0
1982-06-06;-999.000;6;257.0
1982-06-07;-999.000;6;192.0
1982-06-08;-999.000;6;74.0
1982-06-09;-999.000;6;17.0
1982-06-10;-999.000;6;420.0
1982-06-11;-999.000;6;133.0
1982-06-12;-999.000;6;152.0
1982-06-13;-999.000;6;92.0
1982-06-14;-999.000;6;169.0
1982-06-15;-999.000;6;76.0
1982-06-16;-999.000;6;223.0
1982-06-17;-999.000;6;118.0
1982-06-18;-999.000;6;146.0
1982-06-19;-999.000;6;164.0
1982-06-20;-999.000;6;86.0
1982-06-21;-999.000;6;112.0
1982-06-22;-999.000;6;125.0
1982-06-23;-999.000;6;92.0
1982-06-24;-999.000;6;401.0
1982-06-25;-999.000;6;19.0
1982-06-26;-999.000;6;129.0
1982-06-27;-999.000;6;163.0
1982-06-28;-999.000;6;297.0
1982-06-29;-999.000;6;79.0
1982-06-30;-999.000;6;89.0
1982-07-01;-999.000;7;339.0
1982-07-02;-999.000;7;135.0
1982-07-03;-999.000;7;133.0
1982-07-04;-999.000;7;330.0
1982-07-05;-999.000;7;388.0
1982-07-06;-999.000;7;135.0
1982-07-07;-999.000;7;459.0
1982-07-08;-999.000;7;322.0
1982-07-09;-999.000;7;353.0
1982-07-10;-999.000;7;181.0
1982-07-11;-999.000;7;283.0
1982-07-12;-999.000;7;172.0
1982-07-13;-999.000;7;151.0
1982-07-14;-999.000;7;35.0
1982-07-15;-999.000;7;120.0
1982-07-16;-999.000;7;150.0
1982-07-17;-999.000;7;165.0
1982-07-18;-999.000;7;33.0
1982-07-19;-999.000;7;78.0
1982-07-20;-999.000;7;153.0
1982-07-21;-999.000;7;157.0
1982-07-22;-999.000;7;283.0
1982-07-23;-999.000;7;265.0
1982-07-24;-999.000;7;108.0
1982-07-25;-999.000;7;52.0
1982-07-26;-999.000;7;142.0
1982-07-27;-999.000;7;363.0
1982-07-28;-999.000;7;25.0
1982-07-29;-999.000;7;113.0
1982-07-30;-999.000;7;179.0
1982-07-31;-999.000;7;174.0
1982-08-01;-999.000;8;129.0
1982-08-02;-999.000;8;198.0
1982-08-03;-999.000;8;116.0
1982-08-04;-999.000;8;116.0
1982-08-05;-999.000;8;80.0
1982-08-06;-999.000;8;74.0
1982-08-07;-999.000;8;24.0
1982-08-08;-999.000;8;192.0
1982-08-09;-999.000;8;309.0
1982-08-10;-999.000;8;201.0
1982-08-11;-999.000;8;283.0
1982-08-12;-999.000;8;97.0
1982-08-13;-999.000;8;188.0
1982-08-14;-999.000;8;130.0
1982-08-15;-999.000;8;192.0
1982-08-16;-999.000;8;129.0
1982-08-17;-999.000;8;126.0
1982-08-18;-999.000;8;201.0
1982-08-19;-999.000;8;102.0
1982-08-20;-999.000;8;284.0
1982-08-21;-999.000;8;188.0
1982-08-22;-999.000;8;427.0
1982-08-23;-999.000;8;66.0
1982-08-24;-999.000;8;186.0
1982-08-25;-999.000;8;139.0
1982-08-26;-999.000;8;146.0
1982-08-27;-999.000;8;174.0
1982-08-28;-999.000;8;388.0
1982-08-29;-999.000;8;192.0
1982-08-30;-999.000;8;372.0
1982-08-31;-999.000;8;102.0
1982-09-01;-999.000;9;282.0
1982-09-02;-999.000;9;273.0
1982-09-03;-999.000;9;289.0
1982-09-04;-999.000;9;226.0
1982-09-05;-999.000;9;365.0
1982-09-06;-999.000;9;80.0
1982-09-07;-999.000;9;429.0
1982-09-08;-999.000;9;45.0
1982-09-09;-999.000;9;707.0
1982-09-10;-999.000;9;275.0
1982-09-11;-999.000;9;311.0
1982-09-12;-999.000;9;35.0
1982-09-13;-999.000;9;107.0
1982-09-14;-999.000;9;780.0
1982-09-15;-999.000;9;337.0
1982-09-16;-999.000;9;121.0
1982-09-17;-999.000;9;330.0
1982-09-18;-999.000;9;338.0
1982-09-19;-999.000;9;101.0
1982-09-20;-999.000;9;209.0
1982-09-21;-999.000;9;205.0
1982-09-22;-999.000;9;205.0
1982-09-23;-999.000;9;196.0
1982-09-24;-999.000;9;28.0
1982-09-25;-999.000;9;121.0
1982-09-26;-999.000;9;58.0
1982-09-27;-999.000;9;368.0
1982-09-28;-999.000;9;462.0
1982-09-29;-999.000;9;154.0
1982-09-30;-999.000;9;212.0
1982-10-01;-999.000;10;136.0
1982-10-02;-999.000;10;291.0
1982-10-03;-999.000;10;65.0
1982-10-04;-999.000;10;68.0
1982-10-05;-999.000;10;161.0
1982-10-06;-999.000;10;320.0
1982-10-07;-999.000;10;110.0
1982-10-08;-999.000;10;222.0
1982-10-09;-999.000;10;51.0
1982-10-10;-999.000;10;362.0
1982-10-11;-999.000;10;37.0
1982-10-12;-999.000;10;108.0
1982-10-13;-999.000;10;183.0
1982-10-14;-999.000;10;129.0
1982-10-15;-999.000;10;337.0
1982-10-16;-999.000;10;262.0
1982-10-17;-999.000;10;183.0
1982-10-18;-999.000;10;222.0
1982-10-19;-999.000;10;149.0
1982-10-20;-999.000;10;115.0
1982-10-21;-999.000;10;37.0
1982-10-22;-999.000;10;189.0
1982-10-23;-999.000;10;156.0
1982-10-24;-999.000;10;112.0
1982-10-25;-999.000;10;44.0
1982-10-26;-999.000;10;42.0
1982-10-27;-999.000;10;274.0
1982-10-28;-999.000;10;149.0
1982-10-29;-999.000;10;341.0
1982-10-30;-999.000;10;54.0
1982-10-31;-999.000;10;193.0
1982-11-01;-999.000;11;106.0
1982-11-02;-999.000;11;80.0
1982-11-03;-999.000;11;54.0
1982-11-04;-999.000;11;60.0
1982-11-05;-999.000;11;160.0
1982-11-06;-999.000;11;85.0
1982-11-07;-999.000;11;165.0
1982-11-08;-999.000;11;24.0
1982-11-09;-999.000;11;106.0
1982-11-10;-999.000;11;86.0
1982-11-11;-999.000;11;120.0
1982-11-12;-999.000;11;76.0
1982-11-13;-999.000;11;76.0
1982-11-14;-999.000;11;84.0
1982-11-15;-999.000;11;113.0
1982-11-16;-999.000;11;102.0
1982-11-17;-999.000;11;247.0
1982-11-18;-999.000;11;54.0
1982-11-19;-999.000;11;162.0
1982-11-20;-999.000;11;171.0
1982-11-21;-999.000;11;168.0
1982-11-22;-999.000;11;133.0
1982-11-23;-999.000;11;100.0
1982-11-24;-999.000;11;54.0
1982-11-25;-999.000;11;118.0
1982-11-26;-999.000;11;108.0
1982-11-27;-999.000;11;86.0
1982-11-28;-999.000;11;86.0
1982-11-29;-999.000;11;195.0
1982-11-30;-999.000;11;83.0
1982-12-01;-999.000;12;246.0
1982-12-02;-999.000;12;482.0
1982-12-03;-999.000;12;122.0
1982-12-04;-999.000;12;280.0
1982-12-05;-999.000;12;125.0
1982-12-06;-999.000;12;180.0
1982-12-07;-999.000;12;235.0
1982-12-08;-999.000;12;250.0
1982-12-09;-999.000;12;272.0
1982-12-10;-999.000;12;239.0
1982-12-11;-999.000;12;342.0
1982-12-12;-999.000;12;301.0
1982-12-13;-999.000;12;140.0
1982-12-14;-999.000;12;83.0
1982-12-15;-999.000;12;80.0
1982-12-16;-999.000;12;112.0
1982-12-17;-999.000;12;194.0
1982-12-18;-999.000;12;129.0
1982-12-19;-999.000;12;208.0
1982-12-20;-999.000;12;159.0
1982-12-21;-999.000;12;336.0
1982-12-22;-999.000;12;76.0
1982-12-23;-999.000;12;102.0
1982-12-24;-999.000;12;177.0
1982-12-25;-999.000;12;95.0
1982-12-26;-999.000;12;81.0
1982-12-27;-999.000;12;51.0
1982-12-28;-999.000;12;288.0
1982-12-29;-999.000;12;284.0
1982-12-30;-999.000;12;204.0
1982-12-31;-999.000;12;190.0
1983-01-01;158.0;1;158.0
1983-01-02;186.0;1;186.0
1983-01-03;159.0;1;159.0
1983-01-04;129.0;1;129.0
1983-01-05;103.0;1;103.0
1983-01-06;99.0;1;99.0
1983-01-07;92.0;1;92.0
1983-01-08;123.0;1;123.0
1983-01-09;186.0;1;186.0
1983-01-10;229.0;1;229.0
1983-01-11;289.0;1;289.0
1983-01-12;177.0;1;177.0
1983-01-13;135.0;1;135.0
1983-01-14;133.0;1;133.0
1983-01-15;113.0;1;113.0
1983-01-16;139.0;1;139.0
1983-01-17;142.0;1;142.0
1983-01-18;127.0;1;127.0
1983-01-19;94.0;1;94.0
1983-01-20;149.0;1;149.0
1983-01-21;135.0;1;135.0
1983-01-22;135.0;1;135.0
1983-01-23;162.0;1;162.0
1983-01-24;148.0;1;148.0
1983-01-25;139.0;1;139.0
1983-01-26;144.0;1;144.0
1983-01-27;133.0;1;133.0
1983-01-28;126.0;1;126.0
1983-01-29;142.0;1;142.0
1983-01-30;169.0;1;169.0
1983-01-31;252.0;1;252.0
1983-02-01;110.0;2;110.0
1983-02-02;185.0;2;185.0
1983-02-03;180.0;2;180.0
1983-02-04;229.0;2;229.0
1983-02-05;174.0;2;174.0
1983-02-06;154.0;2;154.0
1983-02-07;224.0;2;224.0
1983-02-08;235.0;2;235.0
1983-02-09;334.0;2;334.0
1983-02-10;258.0;2;258.0
1983-02-11;241.0;2;241.0
1983-02-12;238.0;2;238.0
1983-02-13;169.0;2;169.0
1983-02-14;140.0;2;140.0
1983-02-15;169.0;2;169.0
1983-02-16;156.0;2;156.0
1983-02-17;112.0;2;112.0
1983-02-18;108.0;2;108.0
1983-02-19;135.0;2;135.0
1983-02-20;224.0;2;224.0
1983-02-21;149.0;2;149.0
1983-02-22;174.0;2;174.0
1983-02-23;198.0;2;198.0
1983-02-24;224.0;2;224.0
1983-02-25;196.0;2;196.0
1983-02-26;154.0;2;154.0
1983-02-27;164.0;2;164.0
1983-02-28;126.0;2;126.0
1983-03-01;348.0;3;348.0
1983-03-02;276.0;3;276.0
1983-03-03;264.0;3;264.0
1983-03-04;276.0;3;276.0
1983-03-05;247.0;3;247.0
1983-03-06;154.0;3;154.0
1983-03-07;126.0;3;126.0
1983-03-08;120.0;3;120.0
1983-03-09;106.0;3;106.0
1983-03-10;96.0;3;96.0
1983-03-11;102.0;3;102.0
1983-03-12;100.0;3;100.0
1983-03-13;98.0;3;98.0
1983-03-14;93.0;3;93.0
1983-03-15;113.0;3;113.0
1983-03-16;119.0;3;119.0
1983-03-17;128.0;3;128.0
1983-03-18;144.0;3;144.0
1983-03-19;135.0;3;135.0
1983-03-20;289.0;3;289.0
1983-03-21;298.0;3;298.0
1983-03-22;271.0;3;271.0
1983-03-23;304.0;3;304.0
1983-03-24;386.0;3;386.0
1983-03-25;304.0;3;304.0
1983-03-26;317.0;3;317.0
1983-03-27;336.0;3;336.0
1983-03-28;485.0;3;485.0
1983-03-29;-999.000;3;45.0
1983-03-30;-999.000;3;17.0
1983-03-31;460.0;3;460.0
1983-04-01;386.0;4;386.0
1983-04-02;283.0;4;283.0
1983-04-03;246.0;4;246.0
1983-04-04;232.0;4;232.0
1983-04-05;202.0;4;202.0
1983-04-06;205.0;4;205.0
1983-04-07;169.0;4;169.0
1983-04-08;190.0;4;190.0
1983-04-09;178.0;4;178.0
1983-04-10;163.0;4;163.0
1983-04-11;147.0;4;147.0
1983-04-12;136.0;4;136.0
1983-04-13;128.0;4;128.0
1983-04-14;128.0;4;128.0
1983-04-15;125.0;4;125.0
1983-04-16;114.0;4;114.0
1983-04-17;120.0;4;120.0
1983-04-18;127.0;4;127.0
1983-04-19;123.0;4;123.0
1983-04-20;110.0;4;110.0
1983-04-21;130.0;4;130.0
1983-04-22;190.0;4;190.0
1983-04-23;220.0;4;220.0
1983-04-24;166.0;4;166.0
1983-04-25;164.0;4;164.0
1983-04-26;140.0;4;140.0
1983-04-27;144.0;4;144.0
1983-04-28;128.0;4;128.0
1983-04-29;126.0;4;126.0
1983-04-30;135.0;4;135.0
1983-05-01;159.0;5;159.0
1983-05-02;174.0;5;174.0
1983-05-03;172.0;5;172.0
1983-05-04;235.0;5;235.0
1983-05-05;238.0;5;238.0
1983-05-06;241.0;5;241.0
1983-05-07;252.0;5;252.0
1983-05-08;246.0;5;246.0
1983-05-09;214.0;5;214.0
1983-05-10;169.0;5;169.0
1983-05-11;151.0;5;151.0
1983-05-12;154.0;5;154.0
1983-05-13;137.0;5;137.0
1983-05-14;154.0;5;154.0
1983-05-15;222.0;5;222.0
1983-05-16;194.0;5;194.0
1983-05-17;195.0;5;195.0
1983-05-18;195.0;5;195.0
1983-05-19;187.0;5;187.0
1983-05-20;217.0;5;217.0
1983-05-21;272.0;5;272.0
1983-05-22;245.0;5;245.0
1983-05-23;251.0;5;251.0
1983-05-24;228.0;5;228.0
1983-05-25;235.0;5;235.0
1983-05-26;310.0;5;310.0
1983-05-27;306.0;5;306.0
1983-05-28;266.0;5;266.0
1983-05-29;190.0;5;190.0
1983-05-30;199.0;5;199.0
1983-05-31;205.0;5;205.0
1983-06-01;189.0;6;189.0
1983-06-02;182.0;6;182.0
1983-06-03;192.0;6;192.0
1983-06-04;163.0;6;163.0
1983-06-05;139.0;6;139.0
1983-06-06;150.0;6;150.0
1983-06-07;169.0;6;169.0
1983-06-08;178.0;6;178.0
1983-06-09;174.0;6;174.0
1983-06-10;166.0;6;166.0
1983-06-11;140.0;6;140.0
1983-06-12;172.0;6;172.0
1983-06-13;223.0;6;223.0
1983-06-14;223.0;6;223.0
1983-06-15;217.0;6;217.0
1983-06-16;217.0;6;217.0
1983-06-17;191.0;6;191.0
1983-06-18;182.0;6;182.0
1983-06-19;217.0;6;217.0
1983-06-20;206.0;6;206.0
1983-06-21;219.0;6;219.0
1983-06-22;210.0;6;210.0
1983-06-23;164.0;6;164.0
1983-06-24;200.0;6;200.0
1983-06-25;164.0;6;164.0
1983-06-26;138.0;6;138.0
1983-06-27;118.0;6;118.0
1983-06-28;192.0;6;192.0
1983-06-29;121.0;6;121.0
1983-06-30;118.0;6;118.0
1983-07-01;139.0;7;139.0
1983-07-02;82.0;7;82.0
1983-07-03;161.0;7;161.0
1983-07-04;133.0;7;133.0
1983-07-05;160.0;7;160.0
1983-07-06;205.0;7;205.0
1983-07-07;164.0;7;164.0
1983-07-08;144.0;7;144.0
1983-07-09;142.0;7;142.0
1983-07-10;229.0;7;229.0
1983-07-11;158.0;7;158.0
1983-07-12;166.0;7;166.0
1983-07-13;179.0;7;179.0
1983-07-14;151.0;7;151.0
1983-07-15;-999.000;7;222.0
1983-07-16;162.0;7;162.0
1983-07-17;157.0;7;157.0
1983-07-18;217.0;7;217.0
1983-07-19;222.0;7;222.0
1983-07-20;93.0;7;93.0
1983-07-21;91.0;7;91.0
1983-07-22;108.0;7;108.0
1983-07-23;84.0;7;84.0
1983-07-24;88.0;7;88.0
1983-07-25;90.0;7;90.0
1983-07-26;90.0;7;90.0
1983-07-27;180.0;7;180.0
1983-07-28;172.0;7;172.0
1983-07-29;179.0;7;179.0
1983-07-30;229.0;7;229.0
1983-07-31;-999.000;7;125.0
1983-08-01;180.0;8;180.0
1983-08-02;92.0;8;92.0
1983-08-03;152.0;8;152.0
1983-08-04;229.0;8;229.0
1983-08-05;166.0;8;166.0
1983-08-06;101.0;8;101.0
1983-08-07;192.0;8;192.0
1983-08-08;168.0;8;168.0
1983-08-09;188.0;8;188.0
1983-08-10;204.0;8;204.0
1983-08-11;217.0;8;217.0
1983-08-12;371.0;8;371.0
1983-08-13;251.0;8;251.0
1983-08-14;225.0;8;225.0
1983-08-15;174.0;8;174.0
1983-08-16;188.0;8;188.0
1983-08-17;192.0;8;192.0
1983-08-18;193.0;8;193.0
1983-08-19;196.0;8;196.0
1983-08-20;207.0;8;207.0
1983-08-21;210.0;8;210.0
1983-08-22;217.0;8;217.0
1983-08-23;213.0;8;213.0
1983-08-24;203.0;8;203.0
1983-08-25;297.0;8;297.0
1983-08-26;449.0;8;449.0
1983-08-27;468.0;8;468.0
1983-08-28;-999.000;8;183.0
1983-08-29;-999.000;8;236.0
1983-08-30;-999.000;8;201.0
1983-08-31;-999.000;8;302.0
1983-09-01;107.0;9;107.0
1983-09-02;117.0;9;117.0
1983-09-03;104.0;9;104.0
1983-09-04;155.0;9;155.0
1983-09-05;196.0;9;196.0
1983-09-06;150.0;9;150.0
1983-09-07;104.0;9;104.0
1983-09-08;101.0;9;101.0
1983-09-09;128.0;9;128.0
1983-09-10;163.0;9;163.0
1983-09-11;190.0;9;190.0
1983-09-12;119.0;9;119.0
1983-09-13;139.0;9;139.0
1983-09-14;111.0;9;111.0
1983-09-15;94.0;9;94.0
1983-09-16;80.0;9;80.0
1983-09-17;68.0;9;68.0
1983-09-18;63.0;9;63.0
1983-09-19;58.0;9;58.0
1983-09-20;58.0;9;58.0
1983-09-21;58.0;9;58.0
1983-09-22;72.0;9;72.0
1983-09-23;58.0;9;58.0
1983-09-24;58.0;9;58.0
1983-09-25;58.0;9;58.0
1983-09-26;58.0;9;58.0
1983-09-27;58.0;9;58.0
1983-09-28;58.0;9;58.0
1983-09-29;51.0;9;51.0
1983-09-30;51.0;9;51.0
1983-10-01;51.0;10;51.0
1983-10-02;51.0;10;51.0
1983-10-03;80.0;10;80.0
1983-10-04;58.0;10;58.0
1983-10-05;58.0;10;58.0
1983-10-06;51.0;10;51.0
1983-10-07;51.0;10;51.0
1983-10-08;58.0;10;58.0
1983-10-09;51.0;10;51.0
1983-10-10;51.0;10;51.0
1983-10-11;115.0;10;115.0
1983-10-12;100.0;10;100.0
1983-10-13;65.0;10;65.0
1983-10-14;58.0;10;58.0
1983-10-15;54.0;10;54.0
1983-10-16;54.0;10;54.0
1983-10-17;54.0;10;54.0
1983-10-18;54.0;10;54.0
1983-10-19;54.0;10;54.0
1983-10-20;54.0;10;54.0
1983-10-21;54.0;10;54.0
1983-10-22;54.0;10;54.0
1983-10-23;54.0;10;54.0
1983-10-24;54.0;10;54.0
1983-10-25;54.0;10;54.0
1983-10-26;54.0;10;54.0
1983-10-27;54.0;10;54.0
1983-10-28;54.0;10;54.0
1983-10-29;54.0;10;54.0
1983-10-30;54.0;10;54.0
1983-10-31;54.0;10;54.0
1983-11-01;63.0;11;63.0
1983-11-02;58.0;11;58.0
1983-11-03;60.0;11;60.0
1983-11-04;54.0;11;54.0
1983-11-05;54.0;11;54.0
1983-11-06;54.0;11;54.0
1983-11-07;54.0;11;54.0
1983-11-08;54.0;11;54.0
1983-11-09;54.0;11;54.0
1983-11-10;54.0;11;54.0
1983-11-11;54.0;11;54.0
1983-11-12;54.0;11;54.0
1983-11-13;54.0;11;54.0
1983-11-14;54.0;11;54.0
1983-11-15;54.0;11;54.0
1983-11-16;54.0;11;54.0
1983-11-17;54.0;11;54.0
1983-11-18;54.0;11;54.0
1983-11-19;54.0;11;54.0
1983-11-20;54.0;11;54.0
1983-11-21;54.0;11;54.0
1983-11-22;139.0;11;139.0
1983-11-23;147.0;11;147.0
1983-11-24;120.0;11;120.0
1983-11-25;110.0;11;110.0
1983-11-26;90.0;11;90.0
1983-11-27;100.0;11;100.0
1983-11-28;105.0;11;105.0
1983-11-29;-999.000;11;224.0
1983-11-30;-999.000;11;147.0
1983-12-01;-999.000;12;308.0
1983-12-02;-999.000;12;181.0
1983-12-03;-999.000;12;284.0
1983-12-04;-999.000;12;283.0
1983-12-05;-999.000;12;283.0
1983-12-06;-999.000;12;263.0
1983-12-07;-999.000;12;284.0
1983-12-08;-999.000;12;180.0
1983-12-09;-999.000;12;256.0
1983-12-10;61.0;12;61.0
1983-12-11;31.0;12;31.0
1983-12-12;17.0;12;17.0
1983-12-13;24.0;12;24.0
1983-12-14;24.0;12;24.0
1983-12-15;97.0;12;97.0
1983-12-16;62.0;12;62.0
1983-12-17;52.0;12;52.0
1983-12-18;45.0;12;45.0
1983-12-19;34.0;12;34.0
1983-12-20;30.0;12;30.0
1983-12-21;45.0;12;45.0
1983-12-22;70.0;12;70.0
1983-12-23;102.0;12;102.0
1983-12-24;85.0;12;85.0
1983-12-25;63.0;12;63.0
1983-12-26;56.0;12;56.0
1983-12-27;56.0;12;56.0
1983-12-28;113.0;12;113.0
1983-12-29;61.0;12;61.0
1983-12-30;56.0;12;56.0
1983-12-31;51.0;12;51.0
1984-01-01;47.0;1;47.0
1984-01-02;50.0;1;50.0
1984-01-03;35.0;1;35.0
1984-01-04;84.0;1;84.0
1984-01-05;87.0;1;87.0
1984-01-06;91.0;1;91.0
1984-01-07;104.0;1;104.0
1984-01-08;110.0;1;110.0
1984-01-09;107.0;1;107.0
1984-01-10;89.0;1;89.0
1984-01-11;117.0;1;117.0
1984-01-12;95.0;1;95.0
1984-01-13;113.0;1;113.0
1984-01-14;216.0;1;216.0
1984-01-15;428.0;1;428.0
1984-01-16;287.0;1;287.0
1984-01-17;233.0;1;233.0
1984-01-18;212.0;1;212.0
1984-01-19;191.0;1;191.0
1984-01-20;154.0;1;154.0
1984-01-21;156.0;1;156.0
1984-01-22;254.0;1;254.0
1984-01-23;210.0;1;210.0
1984-01-24;201.0;1;201.0
1984-01-25;197.0;1;197.0
1984-01-26;198.0;1;198.0
1984-01-27;247.0;1;247.0
1984-01-28;248.0;1;248.0
1984-01-29;235.0;1;235.0
1984-01-30;348.0;1;348.0
1984-01-31;-999.000;1;89.0
1984-02-01;297.0;2;297.0
1984-02-02;290.0;2;290.0
1984-02-03;246.0;2;246.0
1984-02-04;218.0;2;218.0
1984-02-05;239.0;2;239.0
1984-02-06;-999.000;2;212.0
1984-02-07;254.0;2;254.0
1984-02-08;309.0;2;309.0
1984-02-09;245.0;2;245.0
1984-02-10;-999.000;2;124.0
1984-02-11;-999.000;2;235.0
1984-02-12;-999.000;2;97.0
1984-02-13;-999.000;2;165.0
1984-02-14;180.0;2;180.0
1984-02-15;261.0;2;261.0
1984-02-16;272.0;2;272.0
1984-02-17;246.0;2;246.0
1984-02-18;-999.000;2;164.0
1984-02-19;-999.000;2;198.0
1984-02-20;189.0;2;189.0
1984-02-21;-999.000;2;254.0
1984-02-22;-999.000;2;130.0
1984-02-23;283.0;2;283.0
1984-02-24;276.0;2;276.0
1984-02-25;252.0;2;252.0
1984-02-26;372.0;2;372.0
1984-02-27;360.0;2;360.0
1984-02-28;331.0;2;331.0
1984-02-29;314.0;2;314.0
1984-03-01;246.0;3;246.0
1984-03-02;276.0;3;276.0
1984-03-03;232.0;3;232.0
1984-03-04;217.0;3;217.0
1984-03-05;270.0;3;270.0
1984-03-06;235.0;3;235.0
1984-03-07;211.0;3;211.0
1984-03-08;221.0;3;221.0
1984-03-09;190.0;3;190.0
1984-03-10;185.0;3;185.0
1984-03-11;270.0;3;270.0
1984-03-12;252.0;3;252.0
1984-03-13;190.0;3;190.0
1984-03-14;217.0;3;217.0
1984-03-15;174.0;3;174.0
1984-03-16;169.0;3;169.0
1984-03-17;147.0;3;147.0
1984-03-18;121.0;3;121.0
1984-03-19;-999.000;3;144.0
1984-03-20;-999.000;3;304.0
1984-03-21;-999.000;3;190.0
1984-03-22;123.0;3;123.0
1984-03-23;131.0;3;131.0
1984-03-24;144.0;3;144.0
1984-03-25;133.0;3;133.0
1984-03-26;137.0;3;137.0
1984-03-27;137.0;3;137.0
1984-03-28;147.0;3;147.0
1984-03-29;216.0;3;216.0
1984-03-30;193.0;3;193.0
1984-03-31;-999.000;3;270.0
1984-04-01;266.0;4;266.0
1984-04-02;341.0;4;341.0
1984-04-03;372.0;4;372.0
1984-04-04;317.0;4;317.0
1984-04-05;241.0;4;241.0
1984-04-06;293.0;4;293.0
1984-04-07;198.0;4;198.0
1984-04-08;161.0;4;161.0
1984-04-09;176.0;4;176.0
1984-04-10;116.0;4;116.0
1984-04-11;372.0;4;372.0
1984-04-12;318.0;4;318.0
1984-04-13;241.0;4;241.0
1984-04-14;226.0;4;226.0
1984-04-15;116.0;4;116.0
1984-04-16;159.0;4;159.0
1984-04-17;180.0;4;180.0
1984-04-18;135.0;4;135.0
1984-04-19;101.0;4;101.0
1984-04-20;130.0;4;130.0
1984-04-21;144.0;4;144.0
1984-04-22;161.0;4;161.0
1984-04-23;146.0;4;146.0
1984-04-24;106.0;4;106.0
1984-04-25;127.0;4;127.0
1984-04-26;258.0;4;258.0
1984-04-27;246.0;4;246.0
1984-04-28;185.0;4;185.0
1984-04-29;110.0;4;110.0
1984-04-30;164.0;4;164.0
1984-05-01;185.0;5;185.0
1984-05-02;166.0;5;166.0
1984-05-03;176.0;5;176.0
1984-05-04;173.0;5;173.0
1984-05-05;189.0;5;189.0
1984-05-06;198.0;5;198.0
1984-05-07;203.0;5;203.0
1984-05-08;172.0;5;172.0
1984-05-09;152.0;5;152.0
1984-05-10;132.0;5;132.0
1984-05-11;180.0;5;180.0
1984-05-12;205.0;5;205.0
1984-05-13;187.0;5;187.0
1984-05-14;170.0;5;170.0
1984-05-15;206.0;5;206.0
1984-05-16;119.0;5;119.0
1984-05-17;94.0;5;94.0
1984-05-18;122.0;5;122.0
1984-05-19;105.0;5;105.0
1984-05-20;196.0;5;196.0
1984-05-21;165.0;5;165.0
1984-05-22;137.0;5;137.0
1984-05-23;116.0;5;116.0
1984-05-24;113.0;5;113.0
1984-05-25;181.0;5;181.0
1984-05-26;334.0;5;334.0
1984-05-27;105.0;5;105.0
1984-05-28;111.0;5;111.0
1984-05-29;319.0;5;319.0
1984-05-30;274.0;5;274.0
1984-05-31;262.0;5;262.0
1984-06-01;215.0;6;215.0
1984-06-02;208.0;6;208.0
1984-06-03;206.0;6;206.0
1984-06-04;208.0;6;208.0
1984-06-05;120.0;6;120.0
1984-06-06;131.0;6;131.0
1984-06-07;79.0;6;79.0
1984-06-08;110.0;6;110.0
1984-06-09;115.0;6;115.0
1984-06-10;102.0;6;102.0
1984-06-11;92.0;6;92.0
1984-06-12;114.0;6;114.0
1984-06-13;111.0;6;111.0
1984-06-14;115.0;6;115.0
1984-06-15;102.0;6;102.0
1984-06-16;124.0;6;124.0
1984-06-17;130.0;6;130.0
1984-06-18;109.0;6;109.0
1984-06-19;96.0;6;96.0
1984-06-20;152.0;6;152.0
1984-06-21;-999.000;6;20.0
1984-06-22;-999.000;6;182.0
1984-06-23;-999.000;6;364.0
1984-06-24;-999.000;6;79.0
1984-06-25;-999.000;6;366.0
1984-06-26;-999.000;6;154.0
1984-06-27;-999.000;6;13.0
1984-06-28;-999.000;6;166.0
1984-06-29;-999.000;6;156.0
1984-06-30;-999.000;6;79.0
1984-07-01;-999.000;7;339.0
1984-07-02;-999.000;7;211.0
1984-07-03;-999.000;7;155.0
1984-07-04;-999.000;7;256.0
1984-07-05;-999.000;7;16.0
1984-07-06;-999.000;7;164.0
1984-07-07;-999.000;7;90.0
1984-07-08;-999.000;7;166.0
1984-07-09;-999.000;7;283.0
1984-07-10;-999.000;7;91.0
1984-07-11;-999.000;7;172.0
1984-07-12;-999.000;7;135.0
1984-07-13;116.0;7;116.0
1984-07-14;187.0;7;187.0
1984-07-15;211.0;7;211.0
1984-07-16;174.0;7;174.0
1984-07-17;137.0;7;137.0
1984-07-18;115.0;7;115.0
1984-07-19;107.0;7;107.0
1984-07-20;102.0;7;102.0
1984-07-21;181.0;7;181.0
1984-07-22;154.0;7;154.0
1984-07-23;135.0;7;135.0
1984-07-24;153.0;7;153.0
1984-07-25;102.0;7;102.0
1984-07-26;130.0;7;130.0
1984-07-27;177.0;7;177.0
1984-07-28;126.0;7;126.0
1984-07-29;108.0;7;108.0
1984-07-30;96.0;7;96.0
1984-07-31;84.0;7;84.0
1984-08-01;88.0;8;88.0
1984-08-02;78.0;8;78.0
1984-08-03;82.0;8;82.0
1984-08-04;102.0;8;102.0
1984-08-05;78.0;8;78.0
1984-08-06;66.0;8;66.0
1984-08-07;130.0;8;130.0
1984-08-08;129.0;8;129.0
1984-08-09;128.0;8;128.0
1984-08-10;135.0;8;135.0
1984-08-11;102.0;8;102.0
1984-08-12;66.0;8;66.0
1984-08-13;57.0;8;57.0
1984-08-14;49.0;8;49.0
1984-08-15;52.0;8;52.0
1984-08-16;48.0;8;48.0
1984-08-17;77.0;8;77.0
1984-08-18;115.0;8;115.0
1984-08-19;106.0;8;106.0
1984-08-20;97.0;8;97.0
1984-08-21;85.0;8;85.0
1984-08-22;72.0;8;72.0
1984-08-23;71.0;8;71.0
1984-08-24;66.0;8;66.0
1984-08-25;54.0;8;54.0
1984-08-26;51.0;8;51.0
1984-08-27;45.0;8;45.0
1984-08-28;45.0;8;45.0
1984-08-29;45.0;8;45.0
1984-08-30;41.0;8;41.0
1984-08-31;39.0;8;39.0
1984-09-01;35.0;9;35.0
1984-09-02;35.0;9;35.0
1984-09-03;52.0;9;52.0
1984-09-04;57.0;9;57.0
1984-09-05;45.0;9;45.0
1984-09-06;36.0;9;36.0
1984-09-07;41.0;9;41.0
1984-09-08;65.0;9;65.0
1984-09-09;66.0;9;66.0
1984-09-10;86.0;9;86.0
1984-09-11;73.0;9;73.0
1984-09-12;52.0;9;52.0
1984-09-13;45.0;9;45.0
1984-09-14;44.0;9;44.0
1984-09-15;47.0;9;47.0
1984-09-16;121.0;9;121.0
1984-09-17;194.0;9;194.0
1984-09-18;163.0;9;163.0
1984-09-19;178.0;9;178.0
1984-09-20;133.0;9;133.0
1984-09-21;126.0;9;126.0
1984-09-22;180.0;9;180.0
1984-09-23;412.0;9;412.0
1984-09-24;398.0;9;398.0
1984-09-25;330.0;9;330.0
1984-09-26;253.0;9;253.0
1984-09-27;189.0;9;189.0
1984-09-28;154.0;9;154.0
1984-09-29;82.0;9;82.0
1984-09-30;-999.000;9;451.0
1984-10-01;118.0;10;118.0
1984-10-02;110.0;10;110.0
1984-10-03;86.0;10;86.0
1984-10-04;86.0;10;86.0
1984-10-05;87.0;10;87.0
1984-10-06;83.0;10;83.0
1984-10-07;80.0;10;80.0
1984-10-08;80.0;10;80.0
1984-10-09;80.0;10;80.0
1984-10-10;77.0;10;77.0
1984-10-11;68.0;10;68.0
1984-10-12;102.0;10;102.0
1984-10-13;37.0;10;37.0
1984-10-14;51.0;10;51.0
1984-10-15;47.0;10;47.0
1984-10-16;44.0;10;44.0
1984-10-17;43.0;10;43.0
1984-10-18;44.0;10;44.0
1984-10-19;42.0;10;42.0
1984-10-20;40.0;10;40.0
1984-10-21;37.0;10;37.0
1984-10-22;40.0;10;40.0
1984-10-23;42.0;10;42.0
1984-10-24;47.0;10;47.0
1984-10-25;49.0;10;49.0
1984-10-26;39.0;10;39.0
1984-10-27;44.0;10;44.0
1984-10-28;49.0;10;49.0
1984-10-29;114.0;10;114.0
1984-10-30;78.0;10;78.0
1984-10-31;129.0;10;129.0
1984-11-01;138.0;11;138.0
1984-11-02;102.0;11;102.0
1984-11-03;80.0;11;80.0
1984-11-04;62.0;11;62.0
1984-11-05;50.0;11;50.0
1984-11-06;52.0;11;52.0
1984-11-07;51.0;11;51.0
1984-11-08;54.0;11;54.0
1984-11-09;112.0;11;112.0
1984-11-10;120.0;11;120.0
1984-11-11;134.0;11;134.0
1984-11-12;90.0;11;90.0
1984-11-13;83.0;11;83.0
1984-11-14;53.0;11;53.0
1984-11-15;51.0;11;51.0
1984-11-16;68.0;11;68.0
1984-11-17;269.0;11;269.0
1984-11-18;177.0;11;177.0
1984-11-19;156.0;11;156.0
1984-11-20;116.0;11;116.0
1984-11-21;86.0;11;86.0
1984-11-22;85.0;11;85.0
1984-11-23;94.0;11;94.0
1984-11-24;82.0;11;82.0
1984-11-25;94.0;11;94.0
1984-11-26;130.0;11;130.0
1984-11-27;205.0;11;205.0
1984-11-28;191.0;11;191.0
1984-11-29;274.0;11;274.0
1984-11-30;392.0;11;392.0
1984-12-01;584.0;12;584.0
1984-12-02;617.0;12;617.0
1984-12-03;447.0;12;447.0
1984-12-04;482.0;12;482.0
1984-12-05;270.0;12;270.0
1984-12-06;204.0;12;204.0
1984-12-07;183.0;12;183.0
1984-12-08;144.0;12;144.0
1984-12-09;140.0;12;140.0
1984-12-10;156.0;12;156.0
1984-12-11;138.0;12;138.0
1984-12-12;138.0;12;138.0
1984-12-13;129.0;12;129.0
1984-12-14;144.0;12;144.0
1984-12-15;133.0;12;133.0
1984-12-16;140.0;12;140.0
1984-12-17;146.0;12;146.0
1984-12-18;139.0;12;139.0
1984-12-19;138.0;12;138.0
1984-12-20;134.0;12;134.0
1984-12-21;169.0;12;169.0
1984-12-22;161.0;12;161.0
1984-12-23;160.0;12;160.0
1984-12-24;194.0;12;194.0
1984-12-25;236.0;12;236.0
1984-12-26;272.0;12;272.0
1984-12-27;349.0;12;349.0
1984-12-28;225.0;12;225.0
1984-12-29;195.0;12;195.0
1984-12-30;177.0;12;177.0
1984-12-31;189.0;12;189.0
1985-01-01;397.0;1;397.0
1985-01-02;478.0;1;478.0
1985-01-03;343.0;1;343.0
1985-01-04;319.0;1;319.0
1985-01-05;429.0;1;429.0
1985-01-06;358.0;1;358.0
1985-01-07;270.0;1;270.0
1985-01-08;349.0;1;349.0
1985-01-09;316.0;1;316.0
1985-01-10;281.0;1;281.0
1985-01-11;315.0;1;315.0
1985-01-12;481.0;1;481.0
1985-01-13;432.0;1;432.0
1985-01-14;457.0;1;457.0
1985-01-15;465.0;1;465.0
1985-01-16;419.0;1;419.0
1985-01-17;431.0;1;431.0
1985-01-18;321.0;1;321.0
1985-01-19;330.0;1;330.0
1985-01-20;419.0;1;419.0
1985-01-21;327.0;1;327.0
1985-01-22;283.0;1;283.0
1985-01-23;335.0;1;335.0
1985-01-24;330.0;1;330.0
1985-01-25;321.0;1;321.0
1985-01-26;283.0;1;283.0
1985-01-27;323.0;1;323.0
1985-01-28;549.0;1;549.0
1985-01-29;688.0;1;688.0
1985-01-30;548.0;1;548.0
1985-01-31;-999.000;1;194.0
1985-02-01;461.0;2;461.0
1985-02-02;320.0;2;320.0
1985-02-03;378.0;2;378.0
1985-02-04;348.0;2;348.0
1985-02-05;380.0;2;380.0
1985-02-06;330.0;2;330.0
1985-02-07;283.0;2;283.0
1985-02-08;301.0;2;301.0
1985-02-09;296.0;2;296.0
1985-02-10;273.0;2;273.0
1985-02-11;226.0;2;226.0
1985-02-12;177.0;2;177.0
1985-02-13;177.0;2;177.0
1985-02-14;271.0;2;271.0
1985-02-15;225.0;2;225.0
1985-02-16;234.0;2;234.0
1985-02-17;210.0;2;210.0
1985-02-18;262.0;2;262.0
1985-02-19;230.0;2;230.0
1985-02-20;182.0;2;182.0
1985-02-21;224.0;2;224.0
1985-02-22;145.0;2;145.0
1985-02-23;173.0;2;173.0
1985-02-24;153.0;2;153.0
1985-02-25;161.0;2;161.0
1985-02-26;178.0;2;178.0
1985-02-27;181.0;2;181.0
1985-02-28;228.0;2;228.0
1985-03-01;80.0;3;80.0
1985-03-02;97.0;3;97.0
1985-03-03;41.0;3;41.0
1985-03-04;129.0;3;129.0
1985-03-05;116.0;3;116.0
1985-03-06;123.0;3;123.0
1985-03-07;114.0;3;114.0
1985-03-08;107.0;3;107.0
1985-03-09;112.0;3;112.0
1985-03-10;113.0;3;113.0
1985-03-11;133.0;3;133.0
1985-03-12;112.0;3;112.0
1985-03-13;128.0;3;128.0
1985-03-14;135.0;3;135.0
1985-03-15;153.0;3;153.0
1985-03-16;167.0;3;167.0
1985-03-17;156.0;3;156.0
1985-03-18;147.0;3;147.0
1985-03-19;154.0;3;154.0
1985-03-20;261.0;3;261.0
1985-03-21;225.0;3;225.0
1985-03-22;193.0;3;193.0
1985-03-23;177.0;3;177.0
1985-03-24;151.0;3;151.0
1985-03-25;177.0;3;177.0
1985-03-26;289.0;3;289.0
1985-03-27;356.0;3;356.0
1985-03-28;311.0;3;311.0
1985-03-29;259.0;3;259.0
1985-03-30;226.0;3;226.0
1985-03-31;177.0;3;177.0
1985-04-01;157.0;4;157.0
1985-04-02;138.0;4;138.0
1985-04-03;143.0;4;143.0
1985-04-04;127.0;4;127.0
1985-04-05;133.0;4;133.0
1985-04-06;122.0;4;122.0
1985-04-07;111.0;4;111.0
1985-04-08;135.0;4;135.0
1985-04-09;110.0;4;110.0
1985-04-10;113.0;4;113.0
1985-04-11;119.0;4;119.0
1985-04-12;126.0;4;126.0
1985-04-13;112.0;4;112.0
1985-04-14;109.0;4;109.0
1985-04-15;184.0;4;184.0
1985-04-16;129.0;4;129.0
1985-04-17;137.0;4;137.0
1985-04-18;150.0;4;150.0
1985-04-19;175.0;4;175.0
1985-04-20;174.0;4;174.0
1985-04-21;260.0;4;260.0
1985-04-22;163.0;4;163.0
1985-04-23;155.0;4;155.0
1985-04-24;129.0;4;129.0
1985-04-25;144.0;4;144.0
1985-04-26;129.0;4;129.0
1985-04-27;148.0;4;148.0
1985-04-28;187.0;4;187.0
1985-04-29;210.0;4;210.0
1985-04-30;187.0;4;187.0
1985-05-01;165.0;5;165.0
1985-05-02;145.0;5;145.0
1985-05-03;133.0;5;133.0
1985-05-04;123.0;5;123.0
1985-05-05;108.0;5;108.0
1985-05-06;147.0;5;147.0
1985-05-07;165.0;5;165.0
1985-05-08;189.0;5;189.0
1985-05-09;198.0;5;198.0
1985-05-10;168.0;5;168.0
1985-05-11;339.0;5;339.0
1985-05-12;378.0;5;378.0
1985-05-13;308.0;5;308.0
1985-05-14;288.0;5;288.0
1985-05-15;335.0;5;335.0
1985-05-16;349.0;5;349.0
1985-05-17;349.0;5;349.0
1985-05-18;419.0;5;419.0
1985-05-19;394.0;5;394.0
1985-05-20;311.0;5;311.0
1985-05-21;271.0;5;271.0
1985-05-22;256.0;5;256.0
1985-05-23;217.0;5;217.0
1985-05-24;189.0;5;189.0
1985-05-25;174.0;5;174.0
1985-05-26;153.0;5;153.0
1985-05-27;129.0;5;129.0
1985-05-28;181.0;5;181.0
1985-05-29;163.0;5;163.0
1985-05-30;223.0;5;223.0
1985-05-31;303.0;5;303.0
1985-06-01;270.0;6;270.0
1985-06-02;210.0;6;210.0
1985-06-03;145.0;6;145.0
1985-06-04;153.0;6;153.0
1985-06-05;158.0;6;158.0
1985-06-06;163.0;6;163.0
1985-06-07;154.0;6;154.0
1985-06-08;151.0;6;151.0
1985-06-09;154.0;6;154.0
1985-06-10;129.0;6;129.0
1985-06-11;144.0;6;144.0
1985-06-12;131.0;6;131.0
1985-06-13;186.0;6;186.0
1985-06-14;177.0;6;177.0
1985-06-15;186.0;6;186.0
1985-06-16;279.0;6;279.0
1985-06-17;266.0;6;266.0
1985-06-18;218.0;6;218.0
1985-06-19;169.0;6;169.0
1985-06-20;162.0;6;162.0
1985-06-21;156.0;6;156.0
1985-06-22;154.0;6;154.0
1985-06-23;129.0;6;129.0
1985-06-24;125.0;6;125.0
1985-06-25;126.0;6;126.0
1985-06-26;133.0;6;133.0
1985-06-27;119.0;6;119.0
1985-06-28;112.0;6;112.0
1985-06-29;146.0;6;146.0
1985-06-30;171.0;6;171.0
1985-07-01;151.0;7;151.0
1985-07-02;138.0;7;138.0
1985-07-03;128.0;7;128.0
1985-07-04;110.0;7;110.0
1985-07-05;91.0;7;91.0
1985-07-06;83.0;7;83.0
1985-07-07;78.0;7;78.0
1985-07-08;66.0;7;66.0
1985-07-09;46.0;7;46.0
1985-07-10;23.0;7;23.0
1985-07-11;15.0;7;15.0
1985-07-12;20.0;7;20.0
1985-07-13;33.0;7;33.0
1985-07-14;47.0;7;47.0
1985-07-15;59.0;7;59.0
1985-07-16;70.0;7;70.0
1985-07-17;58.0;7;58.0
1985-07-18;52.0;7;52.0
1985-07-19;41.0;7;41.0
1985-07-20;33.0;7;33.0
1985-07-21;58.0;7;58.0
1985-07-22;52.0;7;52.0
1985-07-23;41.0;7;41.0
1985-07-24;35.0;7;35.0
1985-07-25;26.0;7;26.0
1985-07-26;22.0;7;22.0
1985-07-27;26.0;7;26.0
1985-07-28;28.0;7;28.0
1985-07-29;28.0;7;28.0
1985-07-30;26.0;7;26.0
1985-07-31;28.0;7;28.0
1985-08-01;26.0;8;26.0
1985-08-02;41.0;8;41.0
1985-08-03;48.0;8;48.0
1985-08-04;34.0;8;34.0
1985-08-05;41.0;8;41.0
1985-08-06;62.0;8;62.0
1985-08-07;49.0;8;49.0
1985-08-08;44.0;8;44.0
1985-08-09;31.0;8;31.0
1985-08-10;-999.000;8;497.0
1985-08-11;24.0;8;24.0
1985-08-12;-999.000;8;225.0
1985-08-13;-999.000;8;129.0
1985-08-14;-999.000;8;342.0
1985-08-15;-999.000;8;72.0
1985-08-16;-999.000;8;149.0
1985-08-17;-999.000;8;48.0
1985-08-18;-999.000;8;284.0
1985-08-19;-999.000;8;97.0
1985-08-20;-999.000;8;456.0
1985-08-21;-999.000;8;275.0
1985-08-22;145.0;8;145.0
1985-08-23;128.0;8;128.0
1985-08-24;97.0;8;97.0
1985-08-25;95.0;8;95.0
1985-08-26;102.0;8;102.0
1985-08-27;97.0;8;97.0
1985-08-28;144.0;8;144.0
1985-08-29;139.0;8;139.0
1985-08-30;108.0;8;108.0
1985-08-31;-999.000;8;319.0
1985-09-01;76.0;9;76.0
1985-09-02;80.0;9;80.0
1985-09-03;51.0;9;51.0
1985-09-04;80.0;9;80.0
1985-09-05;159.0;9;159.0
1985-09-06;183.0;9;183.0
1985-09-07;157.0;9;157.0
1985-09-08;223.0;9;223.0
1985-09-09;302.0;9;302.0
1985-09-10;311.0;9;311.0
1985-09-11;210.0;9;210.0
1985-09-12;189.0;9;189.0
1985-09-13;226.0;9;226.0
1985-09-14;266.0;9;266.0
1985-09-15;250.0;9;250.0
1985-09-16;311.0;9;311.0
1985-09-17;339.0;9;339.0
1985-09-18;339.0;9;339.0
1985-09-19;408.0;9;408.0
1985-09-20;428.0;9;428.0
1985-09-21;289.0;9;289.0
1985-09-22;210.0;9;210.0
1985-09-23;189.0;9;189.0
1985-09-24;240.0;9;240.0
1985-09-25;208.0;9;208.0
1985-09-26;240.0;9;240.0
1985-09-27;189.0;9;189.0
1985-09-28;213.0;9;213.0
1985-09-29;311.0;9;311.0
1985-09-30;336.0;9;336.0
1985-10-01;337.0;10;337.0
1985-10-02;440.0;10;440.0
1985-10-03;588.0;10;588.0
1985-10-04;666.0;10;666.0
1985-10-05;419.0;10;419.0
1985-10-06;408.0;10;408.0
1985-10-07;555.0;10;555.0
1985-10-08;617.0;10;617.0
1985-10-09;427.0;10;427.0
1985-10-10;349.0;10;349.0
1985-10-11;283.0;10;283.0
1985-10-12;262.0;10;262.0
1985-10-13;217.0;10;217.0
1985-10-14;189.0;10;189.0
1985-10-15;195.0;10;195.0
1985-10-16;202.0;10;202.0
1985-10-17;193.0;10;193.0
1985-10-18;196.0;10;196.0
1985-10-19;234.0;10;234.0
1985-10-20;218.0;10;218.0
1985-10-21;250.0;10;250.0
1985-10-22;210.0;10;210.0
1985-10-23;195.0;10;195.0
1985-10-24;189.0;10;189.0
1985-10-25;204.0;10;204.0
1985-10-26;171.0;10;171.0
1985-10-27;242.0;10;242.0
1985-10-28;187.0;10;187.0
1985-10-29;143.0;10;143.0
1985-10-30;239.0;10;239.0
1985-10-31;-999.000;10;49.0
1985-11-01;175.0;11;175.0
1985-11-02;177.0;11;177.0
1985-11-03;266.0;11;266.0
1985-11-04;248.0;11;248.0
1985-11-05;218.0;11;218.0
1985-11-06;189.0;11;189.0
1985-11-07;183.0;11;183.0
1985-11-08;234.0;11;234.0
1985-11-09;195.0;11;195.0
1985-11-10;234.0;11;234.0
1985-11-11;264.0;11;264.0
1985-11-12;247.0;11;247.0
1985-11-13;218.0;11;218.0
1985-11-14;217.0;11;217.0
1985-11-15;189.0;11;189.0
1985-11-16;165.0;11;165.0
1985-11-17;141.0;11;141.0
1985-11-18;124.0;11;124.0
1985-11-19;111.0;11;111.0
1985-11-20;122.0;11;122.0
1985-11-21;199.0;11;199.0
1985-11-22;189.0;11;189.0
1985-11-23;141.0;11;141.0
1985-11-24;127.0;11;127.0
1985-11-25;141.0;11;141.0
1985-11-26;172.0;11;172.0
1985-11-27;189.0;11;189.0
1985-11-28;184.0;11;184.0
1985-11-29;177.0;11;177.0
1985-11-30;216.0;11;216.0
1985-12-01;189.0;12;189.0
1985-12-02;180.0;12;180.0
1985-12-03;177.0;12;177.0
1985-12-04;168.0;12;168.0
1985-12-05;165.0;12;165.0
1985-12-06;263.0;12;263.0
1985-12-07;274.0;12;274.0
1985-12-08;328.0;12;328.0
1985-12-09;330.0;12;330.0
1985-12-10;266.0;12;266.0
1985-12-11;234.0;12;234.0
1985-12-12;239.0;12;239.0
1985-12-13;218.0;12;218.0
1985-12-14;189.0;12;189.0
1985-12-15;287.0;12;287.0
1985-12-16;247.0;12;247.0
1985-12-17;250.0;12;250.0
1985-12-18;283.0;12;283.0
1985-12-19;266.0;12;266.0
1985-12-20;250.0;12;250.0
1985-12-21;258.0;12;258.0
1985-12-22;250.0;12;250.0
1985-12-23;210.0;12;210.0
1985-12-24;210.0;12;210.0
1985-12-25;218.0;12;218.0
1985-12-26;409.0;12;409.0
1985-12-27;350.0;12;350.0
1985-12-28;242.0;12;242.0
1985-12-29;210.0;12;210.0
1985-12-30;275.0;12;275.0
1985-12-31;189.0;12;189.0
1986-01-01;174.0;1;174.0
1986-01-02;153.0;1;153.0
1986-01-03;177.0;1;177.0
1986-01-04;189.0;1;189.0
1986-01-05;202.0;1;202.0
1986-01-06;250.0;1;250.0
1986-01-07;317.0;1;317.0
1986-01-08;266.0;1;266.0
1986-01-09;305.0;1;305.0
1986-01-10;377.0;1;377.0
1986-01-11;302.0;1;302.0
1986-01-12;258.0;1;258.0
1986-01-13;250.0;1;250.0
1986-01-14;284.0;1;284.0
1986-01-15;231.0;1;231.0
1986-01-16;234.0;1;234.0
1986-01-17;202.0;1;202.0
1986-01-18;210.0;1;210.0
1986-01-19;195.0;1;195.0
1986-01-20;183.0;1;183.0
1986-01-21;165.0;1;165.0
1986-01-22;218.0;1;218.0
1986-01-23;210.0;1;210.0
1986-01-24;165.0;1;165.0
1986-01-25;168.0;1;168.0
1986-01-26;183.0;1;183.0
1986-01-27;163.0;1;163.0
1986-01-28;192.0;1;192.0
1986-01-29;202.0;1;202.0
1986-01-30;177.0;1;177.0
1986-01-31;-999.000;1;110.0
1986-02-01;214.0;2;214.0
1986-02-02;302.0;2;302.0
1986-02-03;258.0;2;258.0
1986-02-04;242.0;2;242.0
1986-02-05;202.0;2;202.0
1986-02-06;177.0;2;177.0
1986-02-07;153.0;2;153.0
1986-02-08;165.0;2;165.0
1986-02-09;189.0;2;189.0
1986-02-10;242.0;2;242.0
1986-02-11;388.0;2;388.0
1986-02-12;302.0;2;302.0
1986-02-13;266.0;2;266.0
1986-02-14;234.0;2;234.0
1986-02-15;202.0;2;202.0
1986-02-16;177.0;2;177.0
1986-02-17;141.0;2;141.0
1986-02-18;118.0;2;118.0
1986-02-19;124.0;2;124.0
1986-02-20;108.0;2;108.0
1986-02-21;74.0;2;74.0
1986-02-22;45.0;2;45.0
1986-02-23;22.0;2;22.0
1986-02-24;181.0;2;181.0
1986-02-25;239.0;2;239.0
1986-02-26;202.0;2;202.0
1986-02-27;153.0;2;153.0
1986-02-28;132.0;2;132.0
1986-03-01;165.0;3;165.0
1986-03-02;141.0;3;141.0
1986-03-03;127.0;3;127.0
1986-03-04;122.0;3;122.0
1986-03-05;118.0;3;118.0
1986-03-06;287.0;3;287.0
1986-03-07;195.0;3;195.0
1986-03-08;174.0;3;174.0
1986-03-09;153.0;3;153.0
1986-03-10;129.0;3;129.0
1986-03-11;144.0;3;144.0
1986-03-12;160.0;3;160.0
1986-03-13;183.0;3;183.0
1986-03-14;155.0;3;155.0
1986-03-15;129.0;3;129.0
1986-03-16;117.0;3;117.0
1986-03-17;105.0;3;105.0
1986-03-18;86.0;3;86.0
1986-03-19;111.0;3;111.0
1986-03-20;117.0;3;117.0
1986-03-21;105.0;3;105.0
1986-03-22;211.0;3;211.0
1986-03-23;270.0;3;270.0
1986-03-24;210.0;3;210.0
1986-03-25;147.0;3;147.0
1986-03-26;132.0;3;132.0
1986-03-27;118.0;3;118.0
1986-03-28;102.0;3;102.0
1986-03-29;96.0;3;96.0
1986-03-30;126.0;3;126.0
1986-03-31;-999.000;3;287.0
1986-04-01;198.0;4;198.0
1986-04-02;168.0;4;168.0
1986-04-03;129.0;4;129.0
1986-04-04;118.0;4;118.0
1986-04-05;108.0;4;108.0
1986-04-06;156.0;4;156.0
1986-04-07;170.0;4;170.0
1986-04-08;202.0;4;202.0
1986-04-09;150.0;4;150.0
1986-04-10;106.0;4;106.0
1986-04-11;86.0;4;86.0
1986-04-12;64.0;4;64.0
1986-04-13;90.0;4;90.0
1986-04-14;76.0;4;76.0
1986-04-15;61.0;4;61.0
1986-04-16;53.0;4;53.0
1986-04-17;44.0;4;44.0
1986-04-18;39.0;4;39.0
1986-04-19;-999.000;4;106.0
1986-04-20;-999.000;4;22.0
1986-04-21;-999.000;4;20.0
1986-04-22;-999.000;4;19.0
1986-04-23;-999.000;4;26.0
1986-04-24;-999.000;4;120.0
1986-04-25;-999.000;4;260.0
1986-04-26;-999.000;4;49.0
1986-04-27;-999.000;4;122.0
1986-04-28;-999.000;4;243.0
1986-04-29;-999.000;4;127.0
1986-04-30;-999.000;4;286.0
1986-05-01;84.0;5;84.0
1986-05-02;71.0;5;71.0
1986-05-03;135.0;5;135.0
1986-05-04;45.0;5;45.0
1986-05-05;45.0;5;45.0
1986-05-06;43.0;5;43.0
1986-05-07;37.0;5;37.0
1986-05-08;29.0;5;29.0
1986-05-09;26.0;5;26.0
1986-05-10;24.0;5;24.0
1986-05-11;24.0;5;24.0
1986-05-12;31.0;5;31.0
1986-05-13;73.0;5;73.0
1986-05-14;108.0;5;108.0
1986-05-15;59.0;5;59.0
1986-05-16;53.0;5;53.0
1986-05-17;45.0;5;45.0
1986-05-18;29.0;5;29.0
1986-05-19;29.0;5;29.0
1986-05-20;53.0;5;53.0
1986-05-21;41.0;5;41.0
1986-05-22;37.0;5;37.0
1986-05-23;27.0;5;27.0
1986-05-24;29.0;5;29.0
1986-05-25;29.0;5;29.0
1986-05-26;24.0;5;24.0
1986-05-27;29.0;5;29.0
1986-05-28;37.0;5;37.0
1986-05-29;124.0;5;124.0
1986-05-30;97.0;5;97.0
1986-05-31;81.0;5;81.0
1986-06-01;102.0;6;102.0
1986-06-02;108.0;6;108.0
1986-06-03;189.0;6;189.0
1986-06-04;153.0;6;153.0
1986-06-05;71.0;6;71.0
1986-06-06;71.0;6;71.0
1986-06-07;183.0;6;183.0
1986-06-08;183.0;6;183.0
1986-06-09;124.0;6;124.0
1986-06-10;183.0;6;183.0
1986-06-11;165.0;6;165.0
1986-06-12;141.0;6;141.0
1986-06-13;135.0;6;135.0
1986-06-14;159.0;6;159.0
1986-06-15;183.0;6;183.0
1986-06-16;153.0;6;153.0
1986-06-17;216.0;6;216.0
1986-06-18;186.0;6;186.0
1986-06-19;117.0;6;117.0
1986-06-20;121.0;6;121.0
1986-06-21;126.0;6;126.0
1986-06-22;257.0;6;257.0
1986-06-23;471.0;6;471.0
1986-06-24;462.0;6;462.0
1986-06-25;316.0;6;316.0
1986-06-26;311.0;6;311.0
1986-06-27;297.0;6;297.0
1986-06-28;363.0;6;363.0
1986-06-29;358.0;6;358.0
1986-06-30;262.0;6;262.0
1986-07-01;222.0;7;222.0
1986-07-02;349.0;7;349.0
1986-07-03;302.0;7;302.0
1986-07-04;210.0;7;210.0
1986-07-05;174.0;7;174.0
1986-07-06;189.0;7;189.0
1986-07-07;202.0;7;202.0
1986-07-08;171.0;7;171.0
1986-07-09;159.0;7;159.0
1986-07-10;150.0;7;150.0
1986-07-11;138.0;7;138.0
1986-07-12;220.0;7;220.0
1986-07-13;413.0;7;413.0
1986-07-14;-999.000;7;189.0
1986-07-15;363.0;7;363.0
1986-07-16;330.0;7;330.0
1986-07-17;283.0;7;283.0
1986-07-18;283.0;7;283.0
1986-07-19;321.0;7;321.0
1986-07-20;429.0;7;429.0
1986-07-21;358.0;7;358.0
1986-07-22;189.0;7;189.0
1986-07-23;292.0;7;292.0
1986-07-24;339.0;7;339.0
1986-07-25;388.0;7;388.0
1986-07-26;459.0;7;459.0
1986-07-27;353.0;7;353.0
1986-07-28;302.0;7;302.0
1986-07-29;258.0;7;258.0
1986-07-30;388.0;7;388.0
1986-07-31;321.0;7;321.0
1986-08-01;283.0;8;283.0
1986-08-02;234.0;8;234.0
1986-08-03;192.0;8;192.0
1986-08-04;180.0;8;180.0
1986-08-05;242.0;8;242.0
1986-08-06;349.0;8;349.0
1986-08-07;388.0;8;388.0
1986-08-08;358.0;8;358.0
1986-08-09;275.0;8;275.0
1986-08-10;210.0;8;210.0
1986-08-11;183.0;8;183.0
1986-08-12;226.0;8;226.0
1986-08-13;210.0;8;210.0
1986-08-14;174.0;8;174.0
1986-08-15;171.0;8;171.0
1986-08-16;195.0;8;195.0
1986-08-17;242.0;8;242.0
1986-08-18;274.0;8;274.0
1986-08-19;283.0;8;283.0
1986-08-20;339.0;8;339.0
1986-08-21;398.0;8;398.0
1986-08-22;419.0;8;419.0
1986-08-23;459.0;8;459.0
1986-08-24;519.0;8;519.0
1986-08-25;502.0;8;502.0
1986-08-26;627.0;8;627.0
1986-08-27;508.0;8;508.0
1986-08-28;497.0;8;497.0
1986-08-29;658.0;8;658.0
1986-08-30;810.0;8;810.0
1986-08-31;-999.000;8;256.0
1986-09-01;984.0;9;984.0
1986-09-02;780.0;9;780.0
1986-09-03;707.0;9;707.0
1986-09-04;579.0;9;579.0
1986-09-05;546.0;9;546.0
1986-09-06;470.0;9;470.0
1986-09-07;429.0;9;429.0
1986-09-08;579.0;9;579.0
1986-09-09;502.0;9;502.0
1986-09-10;349.0;9;349.0
1986-09-11;339.0;9;339.0
1986-09-12;292.0;9;292.0
1986-09-13;274.0;9;274.0
1986-09-14;274.0;9;274.0
1986-09-15;292.0;9;292.0
1986-09-16;306.0;9;306.0
1986-09-17;292.0;9;292.0
1986-09-18;358.0;9;358.0
1986-09-19;277.0;9;277.0
1986-09-20;-999.000;9;292.0
1986-09-21;-999.000;9;157.0
1986-09-22;-999.000;9;339.0
1986-09-23;-999.000;9;80.0
1986-09-24;-999.000;9;45.0
1986-09-25;-999.000;9;340.0
1986-09-26;-999.000;9;546.0
1986-09-27;-999.000;9;58.0
1986-09-28;-999.000;9;174.0
1986-09-29;-999.000;9;333.0
1986-09-30;-999.000;9;157.0
1986-10-01;258.0;10;258.0
1986-10-02;274.0;10;274.0
1986-10-03;264.0;10;264.0
1986-10-04;262.0;10;262.0
1986-10-05;297.0;10;297.0
1986-10-06;258.0;10;258.0
1986-10-07;222.0;10;222.0
1986-10-08;189.0;10;189.0
1986-10-09;171.0;10;171.0
1986-10-10;144.0;10;144.0
1986-10-11;121.0;10;121.0
1986-10-12;108.0;10;108.0
1986-10-13;165.0;10;165.0
1986-10-14;162.0;10;162.0
1986-10-15;150.0;10;150.0
1986-10-16;189.0;10;189.0
1986-10-17;189.0;10;189.0
1986-10-18;195.0;10;195.0
1986-10-19;189.0;10;189.0
1986-10-20;174.0;10;174.0
1986-10-21;183.0;10;183.0
1986-10-22;250.0;10;250.0
1986-10-23;291.0;10;291.0
1986-10-24;222.0;10;222.0
1986-10-25;202.0;10;202.0
1986-10-26;218.0;10;218.0
1986-10-27;189.0;10;189.0
1986-10-28;183.0;10;183.0
1986-10-29;162.0;10;162.0
1986-10-30;150.0;10;150.0
1986-10-31;135.0;10;135.0
1986-11-01;124.0;11;124.0
1986-11-02;118.0;11;118.0
1986-11-03;126.0;11;126.0
1986-11-04;141.0;11;141.0
1986-11-05;124.0;11;124.0
1986-11-06;118.0;11;118.0
1986-11-07;183.0;11;183.0
1986-11-08;160.0;11;160.0
1986-11-09;195.0;11;195.0
1986-11-10;189.0;11;189.0
1986-11-11;183.0;11;183.0
1986-11-12;174.0;11;174.0
1986-11-13;153.0;11;153.0
1986-11-14;132.0;11;132.0
1986-11-15;124.0;11;124.0
1986-11-16;141.0;11;141.0
1986-11-17;168.0;11;168.0
1986-11-18;234.0;11;234.0
1986-11-19;261.0;11;261.0
1986-11-20;246.0;11;246.0
1986-11-21;218.0;11;218.0
1986-11-22;192.0;11;192.0
1986-11-23;180.0;11;180.0
1986-11-24;165.0;11;165.0
1986-11-25;153.0;11;153.0
1986-11-26;135.0;11;135.0
1986-11-27;153.0;11;153.0
1986-11-28;177.0;11;177.0
1986-11-29;363.0;11;363.0
1986-11-30;383.0;11;383.0
1986-12-01;349.0;12;349.0
1986-12-02;330.0;12;330.0
1986-12-03;302.0;12;302.0
1986-12-04;303.0;12;303.0
1986-12-05;278.0;12;278.0
1986-12-06;283.0;12;283.0
1986-12-07;242.0;12;242.0
1986-12-08;277.0;12;277.0
1986-12-09;311.0;12;311.0
1986-12-10;283.0;12;283.0
1986-12-11;280.0;12;280.0
1986-12-12;272.0;12;272.0
1986-12-13;288.0;12;288.0
1986-12-14;288.0;12;288.0
1986-12-15;284.0;12;284.0
1986-12-16;291.0;12;291.0
1986-12-17;294.0;12;294.0
1986-12-18;288.0;12;288.0
1986-12-19;321.0;12;321.0
1986-12-20;266.0;12;266.0
1986-12-21;266.0;12;266.0
1986-12-22;267.0;12;267.0
1986-12-23;246.0;12;246.0
1986-12-24;254.0;12;254.0
1986-12-25;265.0;12;265.0
1986-12-26;201.0;12;201.0
1986-12-27;189.0;12;189.0
1986-12-28;179.0;12;179.0
1986-12-29;180.0;12;180.0
1986-12-30;141.0;12;141.0
1986-12-31;121.0;12;121.0
1987-01-01;126.0;1;126.0
1987-01-02;253.0;1;253.0
1987-01-03;213.0;1;213.0
1987-01-04;157.0;1;157.0
1987-01-05;108.0;1;108.0
1987-01-06;153.0;1;153.0
1987-01-07;210.0;1;210.0
1987-01-08;242.0;1;242.0
1987-01-09;203.0;1;203.0
1987-01-10;169.0;1;169.0
1987-01-11;124.0;1;124.0
1987-01-12;116.0;1;116.0
1987-01-13;214.0;1;214.0
1987-01-14;183.0;1;183.0
1987-01-15;130.0;1;130.0
1987-01-16;102.0;1;102.0
1987-01-17;108.0;1;108.0
1987-01-18;97.0;1;97.0
1987-01-19;113.0;1;113.0
1987-01-20;105.0;1;105.0
1987-01-21;89.0;1;89.0
1987-01-22;89.0;1;89.0
1987-01-23;109.0;1;109.0
1987-01-24;86.0;1;86.0
1987-01-25;84.0;1;84.0
1987-01-26;80.0;1;80.0
1987-01-27;80.0;1;80.0
1987-01-28;68.0;1;68.0
1987-01-29;63.0;1;63.0
1987-01-30;57.0;1;57.0
1987-01-31;-999.000;1;319.0
1987-02-01;53.0;2;53.0
1987-02-02;57.0;2;57.0
1987-02-03;64.0;2;64.0
1987-02-04;57.0;2;57.0
1987-02-05;67.0;2;67.0
1987-02-06;75.0;2;75.0
1987-02-07;86.0;2;86.0
1987-02-08;73.0;2;73.0
1987-02-09;93.0;2;93.0
1987-02-10;97.0;2;97.0
1987-02-11;73.0;2;73.0
1987-02-12;69.0;2;69.0
1987-02-13;60.0;2;60.0
1987-02-14;55.0;2;55.0
1987-02-15;57.0;2;57.0
1987-02-16;55.0;2;55.0
1987-02-17;50.0;2;50.0
1987-02-18;53.0;2;53.0
1987-02-19;66.0;2;66.0
1987-02-20;147.0;2;147.0
1987-02-21;76.0;2;76.0
1987-02-22;74.0;2;74.0
1987-02-23;63.0;2;63.0
1987-02-24;60.0;2;60.0
1987-02-25;53.0;2;53.0
1987-02-26;63.0;2;63.0
1987-02-27;56.0;2;56.0
1987-02-28;61.0;2;61.0
1987-03-01;68.0;3;68.0
1987-03-02;65.0;3;65.0
1987-03-03;57.0;3;57.0
1987-03-04;61.0;3;61.0
1987-03-05;53.0;3;53.0
1987-03-06;47.0;3;47.0
1987-03-07;51.0;3;51.0
1987-03-08;54.0;3;54.0
1987-03-09;48.0;3;48.0
1987-03-10;65.0;3;65.0
1987-03-11;62.0;3;62.0
1987-03-12;45.0;3;45.0
1987-03-13;31.0;3;31.0
1987-03-14;27.0;3;27.0
1987-03-15;23.0;3;23.0
1987-03-16;25.0;3;25.0
1987-03-17;27.0;3;27.0
1987-03-18;25.0;3;25.0
1987-03-19;24.0;3;24.0
1987-03-20;21.0;3;21.0
1987-03-21;20.0;3;20.0
1987-03-22;22.0;3;22.0
1987-03-23;24.0;3;24.0
1987-03-24;23.0;3;23.0
1987-03-25;23.0;3;23.0
1987-03-26;23.0;3;23.0
1987-03-27;22.0;3;22.0
1987-03-28;20.0;3;20.0
1987-03-29;20.0;3;20.0
1987-03-30;22.0;3;22.0
1987-03-31;22.0;3;22.0
1987-04-01;20.0;4;20.0
1987-04-02;22.0;4;22.0
1987-04-03;22.0;4;22.0
1987-04-04;20.0;4;20.0
1987-04-05;21.0;4;21.0
1987-04-06;22.0;4;22.0
1987-04-07;21.0;4;21.0
1987-04-08;21.0;4;21.0
1987-04-09;19.0;4;19.0
1987-04-10;68.0;4;68.0
1987-04-11;59.0;4;59.0
1987-04-12;53.0;4;53.0
1987-04-13;46.0;4;46.0
1987-04-14;41.0;4;41.0
1987-04-15;49.0;4;49.0
1987-04-16;51.0;4;51.0
1987-04-17;49.0;4;49.0
1987-04-18;41.0;4;41.0
1987-04-19;34.0;4;34.0
1987-04-20;27.0;4;27.0
1987-04-21;24.0;4;24.0
1987-04-22;22.0;4;22.0
1987-04-23;25.0;4;25.0
1987-04-24;24.0;4;24.0
1987-04-25;26.0;4;26.0
1987-04-26;30.0;4;30.0
1987-04-27;26.0;4;26.0
1987-04-28;24.0;4;24.0
1987-04-29;-999.000;4;246.0
1987-04-30;-999.000;4;149.0
1987-05-01;23.0;5;23.0
1987-05-02;23.0;5;23.0
1987-05-03;23.0;5;23.0
1987-05-04;25.0;5;25.0
1987-05-05;22.0;5;22.0
1987-05-06;21.0;5;21.0
1987-05-07;20.0;5;20.0
1987-05-08;19.0;5;19.0
1987-05-09;18.0;5;18.0
1987-05-10;17.0;5;17.0
1987-05-11;15.0;5;15.0
1987-05-12;14.0;5;14.0
1987-05-13;30.0;5;30.0
1987-05-14;28.0;5;28.0
1987-05-15;23.0;5;23.0
1987-05-16;27.0;5;27.0
1987-05-17;145.0;5;145.0
1987-05-18;123.0;5;123.0
1987-05-19;68.0;5;68.0
1987-05-20;41.0;5;41.0
1987-05-21;30.0;5;30.0
1987-05-22;67.0;5;67.0
1987-05-23;106.0;5;106.0
1987-05-24;81.0;5;81.0
1987-05-25;73.0;5;73.0
1987-05-26;67.0;5;67.0
1987-05-27;61.0;5;61.0
1987-05-28;48.0;5;48.0
1987-05-29;54.0;5;54.0
1987-05-30;112.0;5;112.0
1987-05-31;65.0;5;65.0
1987-06-01;56.0;6;56.0
1987-06-02;68.0;6;68.0
1987-06-03;144.0;6;144.0
1987-06-04;167.0;6;167.0
1987-06-05;162.0;6;162.0
1987-06-06;175.0;6;175.0
1987-06-07;170.0;6;170.0
1987-06-08;191.0;6;191.0
1987-06-09;178.0;6;178.0
1987-06-10;166.0;6;166.0
1987-06-11;165.0;6;165.0
1987-06-12;160.0;6;160.0
1987-06-13;156.0;6;156.0
1987-06-14;154.0;6;154.0
1987-06-15;151.0;6;151.0
1987-06-16;156.0;6;156.0
1987-06-17;167.0;6;167.0
1987-06-18;177.0;6;177.0
1987-06-19;192.0;6;192.0
1987-06-20;195.0;6;195.0
1987-06-21;173.0;6;173.0
1987-06-22;166.0;6;166.0
1987-06-23;163.0;6;163.0
1987-06-24;179.0;6;179.0
1987-06-25;196.0;6;196.0
1987-06-26;198.0;6;198.0
1987-06-27;183.0;6;183.0
1987-06-28;174.0;6;174.0
1987-06-29;165.0;6;165.0
1987-06-30;155.0;6;155.0
1987-07-01;156.0;7;156.0
1987-07-02;166.0;7;166.0
1987-07-03;160.0;7;160.0
1987-07-04;172.0;7;172.0
1987-07-05;181.0;7;181.0
1987-07-06;193.0;7;193.0
1987-07-07;207.0;7;207.0
1987-07-08;229.0;7;229.0
1987-07-09;215.0;7;215.0
1987-07-10;201.0;7;201.0
1987-07-11;198.0;7;198.0
1987-07-12;190.0;7;190.0
1987-07-13;186.0;7;186.0
1987-07-14;182.0;7;182.0
1987-07-15;183.0;7;183.0
1987-07-16;176.0;7;176.0
1987-07-17;168.0;7;168.0
1987-07-18;162.0;7;162.0
1987-07-19;157.0;7;157.0
1987-07-20;151.0;7;151.0
1987-07-21;146.0;7;146.0
1987-07-22;143.0;7;143.0
1987-07-23;145.0;7;145.0
1987-07-24;142.0;7;142.0
1987-07-25;140.0;7;140.0
1987-07-26;135.0;7;135.0
1987-07-27;141.0;7;141.0
1987-07-28;145.0;7;145.0
1987-07-29;155.0;7;155.0
1987-07-30;174.0;7;174.0
1987-07-31;171.0;7;171.0
1987-08-01;190.0;8;190.0
1987-08-02;199.0;8;199.0
1987-08-03;182.0;8;182.0
1987-08-04;177.0;8;177.0
1987-08-05;222.0;8;222.0
1987-08-06;185.0;8;185.0
1987-08-07;165.0;8;165.0
1987-08-08;175.0;8;175.0
1987-08-09;186.0;8;186.0
1987-08-10;184.0;8;184.0
1987-08-11;201.0;8;201.0
1987-08-12;198.0;8;198.0
1987-08-13;164.0;8;164.0
1987-08-14;159.0;8;159.0
1987-08-15;283.0;8;283.0
1987-08-16;328.0;8;328.0
1987-08-17;201.0;8;201.0
1987-08-18;178.0;8;178.0
1987-08-19;192.0;8;192.0
1987-08-20;152.0;8;152.0
1987-08-21;126.0;8;126.0
1987-08-22;120.0;8;120.0
1987-08-23;117.0;8;117.0
1987-08-24;247.0;8;247.0
1987-08-25;335.0;8;335.0
1987-08-26;227.0;8;227.0
1987-08-27;275.0;8;275.0
1987-08-28;256.0;8;256.0
1987-08-29;236.0;8;236.0
1987-08-30;221.0;8;221.0
1987-08-31;-999.000;8;48.0
1987-09-01;212.0;9;212.0
1987-09-02;275.0;9;275.0
1987-09-03;390.0;9;390.0
1987-09-04;403.0;9;403.0
1987-09-05;462.0;9;462.0
1987-09-06;445.0;9;445.0
1987-09-07;454.0;9;454.0
1987-09-08;538.0;9;538.0
1987-09-09;495.0;9;495.0
1987-09-10;476.0;9;476.0
1987-09-11;451.0;9;451.0
1987-09-12;364.0;9;364.0
1987-09-13;346.0;9;346.0
1987-09-14;337.0;9;337.0
1987-09-15;333.0;9;333.0
1987-09-16;276.0;9;276.0
1987-09-17;209.0;9;209.0
1987-09-18;193.0;9;193.0
1987-09-19;187.0;9;187.0
1987-09-20;189.0;9;189.0
1987-09-21;181.0;9;181.0
1987-09-22;177.0;9;177.0
1987-09-23;208.0;9;208.0
1987-09-24;271.0;9;271.0
1987-09-25;321.0;9;321.0
1987-09-26;353.0;9;353.0
1987-09-27;338.0;9;338.0
1987-09-28;312.0;9;312.0
1987-09-29;278.0;9;278.0
1987-09-30;267.0;9;267.0
1987-10-01;316.0;10;316.0
1987-10-02;336.0;10;336.0
1987-10-03;271.0;10;271.0
1987-10-04;266.0;10;266.0
1987-10-05;247.0;10;247.0
1987-10-06;236.0;10;236.0
1987-10-07;233.0;10;233.0
1987-10-08;239.0;10;239.0
1987-10-09;259.0;10;259.0
1987-10-10;232.0;10;232.0
1987-10-11;314.0;10;314.0
1987-10-12;371.0;10;371.0
1987-10-13;360.0;10;360.0
1987-10-14;341.0;10;341.0
1987-10-15;362.0;10;362.0
1987-10-16;320.0;10;320.0
1987-10-17;291.0;10;291.0
1987-10-18;422.0;10;422.0
1987-10-19;349.0;10;349.0
1987-10-20;289.0;10;289.0
1987-10-21;276.0;10;276.0
1987-10-22;228.0;10;228.0
1987-10-23;196.0;10;196.0
1987-10-24;186.0;10;186.0
1987-10-25;176.0;10;176.0
1987-10-26;163.0;10;163.0
1987-10-27;136.0;10;136.0
1987-10-28;118.0;10;118.0
1987-10-29;152.0;10;152.0
1987-10-30;236.0;10;236.0
1987-10-31;201.0;10;201.0
1987-11-01;169.0;11;169.0
1987-11-02;160.0;11;160.0
1987-11-03;154.0;11;154.0
1987-11-04;157.0;11;157.0
1987-11-05;133.0;11;133.0
1987-11-06;109.0;11;109.0
1987-11-07;133.0;11;133.0
1987-11-08;162.0;11;162.0
1987-11-09;160.0;11;160.0
1987-11-10;175.0;11;175.0
1987-11-11;147.0;11;147.0
1987-11-12;205.0;11;205.0
1987-11-13;187.0;11;187.0
1987-11-14;128.0;11;128.0
1987-11-15;114.0;11;114.0
1987-11-16;141.0;11;141.0
1987-11-17;140.0;11;140.0
1987-11-18;101.0;11;101.0
1987-11-19;92.0;11;92.0
1987-11-20;96.0;11;96.0
1987-11-21;189.0;11;189.0
1987-11-22;244.0;11;244.0
1987-11-23;225.0;11;225.0
1987-11-24;212.0;11;212.0
1987-11-25;195.0;11;195.0
1987-11-26;184.0;11;184.0
1987-11-27;172.0;11;172.0
1987-11-28;162.0;11;162.0
1987-11-29;149.0;11;149.0
1987-11-30;125.0;11;125.0
1987-12-01;119.0;12;119.0
1987-12-02;169.0;12;169.0
1987-12-03;181.0;12;181.0
1987-12-04;269.0;12;269.0
1987-12-05;255.0;12;255.0
1987-12-06;246.0;12;246.0
1987-12-07;234.0;12;234.0
1987-12-08;217.0;12;217.0
1987-12-09;203.0;12;203.0
1987-12-10;172.0;12;172.0
1987-12-11;150.0;12;150.0
1987-12-12;137.0;12;137.0
1987-12-13;122.0;12;122.0
1987-12-14;111.0;12;111.0
1987-12-15;185.0;12;185.0
1987-12-16;148.0;12;148.0
1987-12-17;128.0;12;128.0
1987-12-18;206.0;12;206.0
1987-12-19;305.0;12;305.0
1987-12-20;259.0;12;259.0
1987-12-21;242.0;12;242.0
1987-12-22;277.0;12;277.0
1987-12-23;308.0;12;308.0
1987-12-24;370.0;12;370.0
1987-12-25;336.0;12;336.0
1987-12-26;280.0;12;280.0
1987-12-27;256.0;12;256.0
1987-12-28;240.0;12;240.0
1987-12-29;450.0;12;450.0
1987-12-30;290.0;12;290.0
1987-12-31;242.0;12;242.0
1988-01-01;207.0;1;207.0
1988-01-02;166.0;1;166.0
1988-01-03;174.0;1;174.0
1988-01-04;187.0;1;187.0
1988-01-05;208.0;1;208.0
1988-01-06;248.0;1;248.0
1988-01-07;197.0;1;197.0
1988-01-08;184.0;1;184.0
1988-01-09;170.0;1;170.0
1988-01-10;130.0;1;130.0
1988-01-11;107.0;1;107.0
1988-01-12;85.0;1;85.0
1988-01-13;-999.000;1;316.0
1988-01-14;-999.000;1;478.0
1988-01-15;-999.000;1;135.0
1988-01-16;-999.000;1;163.0
1988-01-17;-999.000;1;283.0
1988-01-18;-999.000;1;192.0
1988-01-19;-999.000;1;348.0
1988-01-20;110.0;1;110.0
1988-01-21;149.0;1;149.0
1988-01-22;150.0;1;150.0
1988-01-23;172.0;1;172.0
1988-01-24;144.0;1;144.0
1988-01-25;138.0;1;138.0
1988-01-26;89.0;1;89.0
1988-01-27;77.0;1;77.0
1988-01-28;95.0;1;95.0
1988-01-29;149.0;1;149.0
1988-01-30;135.0;1;135.0
1988-01-31;-999.000;1;135.0
1988-02-01;141.0;2;141.0
1988-02-02;130.0;2;130.0
1988-02-03;112.0;2;112.0
1988-02-04;104.0;2;104.0
1988-02-05;92.0;2;92.0
1988-02-06;114.0;2;114.0
1988-02-07;238.0;2;238.0
1988-02-08;209.0;2;209.0
1988-02-09;180.0;2;180.0
1988-02-10;153.0;2;153.0
1988-02-11;128.0;2;128.0
1988-02-12;86.0;2;86.0
1988-02-13;169.0;2;169.0
1988-02-14;197.0;2;197.0
1988-02-15;164.0;2;164.0
1988-02-16;132.0;2;132.0
1988-02-17;88.0;2;88.0
1988-02-18;141.0;2;141.0
1988-02-19;97.0;2;97.0
1988-02-20;66.0;2;66.0
1988-02-21;58.0;2;58.0
1988-02-22;49.0;2;49.0
1988-02-23;42.0;2;42.0
1988-02-24;33.0;2;33.0
1988-02-25;26.0;2;26.0
1988-02-26;20.0;2;20.0
1988-02-27;16.0;2;16.0
1988-02-28;18.0;2;18.0
1988-02-29;16.0;2;16.0
1988-03-01;67.0;3;67.0
1988-03-02;41.0;3;41.0
1988-03-03;26.0;3;26.0
1988-03-04;19.0;3;19.0
1988-03-05;19.0;3;19.0
1988-03-06;19.0;3;19.0
1988-03-07;16.0;3;16.0
1988-03-08;17.0;3;17.0
1988-03-09;19.0;3;19.0
1988-03-10;17.0;3;17.0
1988-03-11;16.0;3;16.0
1988-03-12;18.0;3;18.0
1988-03-13;19.0;3;19.0
1988-03-14;17.0;3;17.0
1988-03-15;19.0;3;19.0
1988-03-16;18.0;3;18.0
1988-03-17;19.0;3;19.0
1988-03-18;19.0;3;19.0
1988-03-19;22.0;3;22.0
1988-03-20;19.0;3;19.0
1988-03-21;18.0;3;18.0
1988-03-22;17.0;3;17.0
1988-03-23;19.0;3;19.0
1988-03-24;19.0;3;19.0
1988-03-25;18.0;3;18.0
1988-03-26;20.0;3;20.0
1988-03-27;23.0;3;23.0
1988-03-28;21.0;3;21.0
1988-03-29;20.0;3;20.0
1988-03-30;19.0;3;19.0
1988-03-31;19.0;3;19.0
1988-04-01;20.0;4;20.0
1988-04-02;19.0;4;19.0
1988-04-03;18.0;4;18.0
1988-04-04;19.0;4;19.0
1988-04-05;25.0;4;25.0
1988-04-06;25.0;4;25.0
1988-04-07;19.0;4;19.0
1988-04-08;18.0;4;18.0
1988-04-09;33.0;4;33.0
1988-04-10;22.0;4;22.0
1988-04-11;20.0;4;20.0
1988-04-12;19.0;4;19.0
1988-04-13;22.0;4;22.0
1988-04-14;20.0;4;20.0
1988-04-15;19.0;4;19.0
1988-04-16;17.0;4;17.0
1988-04-17;19.0;4;19.0
1988-04-18;17.0;4;17.0
1988-04-19;18.0;4;18.0
1988-04-20;18.0;4;18.0
1988-04-21;17.0;4;17.0
1988-04-22;16.0;4;16.0
1988-04-23;16.0;4;16.0
1988-04-24;16.0;4;16.0
1988-04-25;15.0;4;15.0
1988-04-26;17.0;4;17.0
1988-04-27;15.0;4;15.0
1988-04-28;17.0;4;17.0
1988-04-29;16.0;4;16.0
1988-04-30;-999.000;4;27.0
1988-05-01;18.0;5;18.0
1988-05-02;16.0;5;16.0
1988-05-03;15.0;5;15.0
1988-05-04;17.0;5;17.0
1988-05-05;16.0;5;16.0
1988-05-06;15.0;5;15.0
1988-05-07;17.0;5;17.0
1988-05-08;19.0;5;19.0
1988-05-09;17.0;5;17.0
1988-05-10;15.0;5;15.0
1988-05-11;14.0;5;14.0
1988-05-12;16.0;5;16.0
1988-05-13;14.0;5;14.0
1988-05-14;14.0;5;14.0
1988-05-15;13.0;5;13.0
1988-05-16;17.0;5;17.0
1988-05-17;22.0;5;22.0
1988-05-18;21.0;5;21.0
1988-05-19;19.0;5;19.0
1988-05-20;19.0;5;19.0
1988-05-21;22.0;5;22.0
1988-05-22;20.0;5;20.0
1988-05-23;19.0;5;19.0
1988-05-24;17.0;5;17.0
1988-05-25;16.0;5;16.0
1988-05-26;15.0;5;15.0
1988-05-27;16.0;5;16.0
1988-05-28;14.0;5;14.0
1988-05-29;15.0;5;15.0
1988-05-30;16.0;5;16.0
1988-05-31;40.0;5;40.0
1988-06-01;34.0;6;34.0
1988-06-02;15.0;6;15.0
1988-06-03;21.0;6;21.0
1988-06-04;21.0;6;21.0
1988-06-05;19.0;6;19.0
1988-06-06;13.0;6;13.0
1988-06-07;12.0;6;12.0
1988-06-08;26.0;6;26.0
1988-06-09;29.0;6;29.0
1988-06-10;26.0;6;26.0
1988-06-11;24.0;6;24.0
1988-06-12;26.0;6;26.0
1988-06-13;22.0;6;22.0
1988-06-14;28.0;6;28.0
1988-06-15;28.0;6;28.0
1988-06-16;31.0;6;31.0
1988-06-17;26.0;6;26.0
1988-06-18;24.0;6;24.0
1988-06-19;22.0;6;22.0
1988-06-20;20.0;6;20.0
1988-06-21;20.0;6;20.0
1988-06-22;20.0;6;20.0
1988-06-23;19.0;6;19.0
1988-06-24;17.0;6;17.0
1988-06-25;16.0;6;16.0
1988-06-26;28.0;6;28.0
1988-06-27;23.0;6;23.0
1988-06-28;20.0;6;20.0
1988-06-29;29.0;6;29.0
1988-06-30;23.0;6;23.0
1988-07-01;109.0;7;109.0
1988-07-02;125.0;7;125.0
1988-07-03;188.0;7;188.0
1988-07-04;121.0;7;121.0
1988-07-05;121.0;7;121.0
1988-07-06;101.0;7;101.0
1988-07-07;93.0;7;93.0
1988-07-08;80.0;7;80.0
1988-07-09;182.0;7;182.0
1988-07-10;165.0;7;165.0
1988-07-11;150.0;7;150.0
1988-07-12;160.0;7;160.0
1988-07-13;134.0;7;134.0
1988-07-14;115.0;7;115.0
1988-07-15;177.0;7;177.0
1988-07-16;154.0;7;154.0
1988-07-17;142.0;7;142.0
1988-07-18;126.0;7;126.0
1988-07-19;114.0;7;114.0
1988-07-20;103.0;7;103.0
1988-07-21;158.0;7;158.0
1988-07-22;141.0;7;141.0
1988-07-23;125.0;7;125.0
1988-07-24;279.0;7;279.0
1988-07-25;222.0;7;222.0
1988-07-26;164.0;7;164.0
1988-07-27;142.0;7;142.0
1988-07-28;136.0;7;136.0
1988-07-29;135.0;7;135.0
1988-07-30;120.0;7;120.0
1988-07-31;110.0;7;110.0
1988-08-01;192.0;8;192.0
1988-08-02;366.0;8;366.0
1988-08-03;339.0;8;339.0
1988-08-04;316.0;8;316.0
1988-08-05;306.0;8;306.0
1988-08-06;285.0;8;285.0
1988-08-07;287.0;8;287.0
1988-08-08;302.0;8;302.0
1988-08-09;330.0;8;330.0
1988-08-10;422.0;8;422.0
1988-08-11;427.0;8;427.0
1988-08-12;372.0;8;372.0
1988-08-13;332.0;8;332.0
1988-08-14;337.0;8;337.0
1988-08-15;342.0;8;342.0
1988-08-16;318.0;8;318.0
1988-08-17;309.0;8;309.0
1988-08-18;321.0;8;321.0
1988-08-19;337.0;8;337.0
1988-08-20;330.0;8;330.0
1988-08-21;319.0;8;319.0
1988-08-22;308.0;8;308.0
1988-08-23;305.0;8;305.0
1988-08-24;299.0;8;299.0
1988-08-25;373.0;8;373.0
1988-08-26;358.0;8;358.0
1988-08-27;341.0;8;341.0
1988-08-28;318.0;8;318.0
1988-08-29;306.0;8;306.0
1988-08-30;345.0;8;345.0
1988-08-31;-999.000;8;196.0
1988-09-01;323.0;9;323.0
1988-09-02;289.0;9;289.0
1988-09-03;282.0;9;282.0
1988-09-04;253.0;9;253.0
1988-09-05;280.0;9;280.0
1988-09-06;279.0;9;279.0
1988-09-07;326.0;9;326.0
1988-09-08;337.0;9;337.0
1988-09-09;364.0;9;364.0
1988-09-10;338.0;9;338.0
1988-09-11;263.0;9;263.0
1988-09-12;242.0;9;242.0
1988-09-13;224.0;9;224.0
1988-09-14;218.0;9;218.0
1988-09-15;185.0;9;185.0
1988-09-16;161.0;9;161.0
1988-09-17;149.0;9;149.0
1988-09-18;135.0;9;135.0
1988-09-19;179.0;9;179.0
1988-09-20;114.0;9;114.0
1988-09-21;101.0;9;101.0
1988-09-22;93.0;9;93.0
1988-09-23;87.0;9;87.0
1988-09-24;84.0;9;84.0
1988-09-25;87.0;9;87.0
1988-09-26;94.0;9;94.0
1988-09-27;86.0;9;86.0
1988-09-28;87.0;9;87.0
1988-09-29;84.0;9;84.0
1988-09-30;89.0;9;89.0
1988-10-01;71.0;10;71.0
1988-10-02;86.0;10;86.0
1988-10-03;86.0;10;86.0
1988-10-04;88.0;10;88.0
1988-10-05;87.0;10;87.0
1988-10-06;91.0;10;91.0
1988-10-07;108.0;10;108.0
1988-10-08;94.0;10;94.0
1988-10-09;89.0;10;89.0
1988-10-10;88.0;10;88.0
1988-10-11;85.0;10;85.0
1988-10-12;83.0;10;83.0
1988-10-13;83.0;10;83.0
1988-10-14;84.0;10;84.0
1988-10-15;80.0;10;80.0
1988-10-16;90.0;10;90.0
1988-10-17;94.0;10;94.0
1988-10-18;199.0;10;199.0
1988-10-19;137.0;10;137.0
1988-10-20;149.0;10;149.0
1988-10-21;205.0;10;205.0
1988-10-22;186.0;10;186.0
1988-10-23;242.0;10;242.0
1988-10-24;299.0;10;299.0
1988-10-25;203.0;10;203.0
1988-10-26;221.0;10;221.0
1988-10-27;258.0;10;258.0
1988-10-28;298.0;10;298.0
1988-10-29;370.0;10;370.0
1988-10-30;306.0;10;306.0
1988-10-31;274.0;10;274.0
1988-11-01;280.0;11;280.0
1988-11-02;255.0;11;255.0
1988-11-03;209.0;11;209.0
1988-11-04;202.0;11;202.0
1988-11-05;177.0;11;177.0
1988-11-06;153.0;11;153.0
1988-11-07;142.0;11;142.0
1988-11-08;102.0;11;102.0
1988-11-09;87.0;11;87.0
1988-11-10;82.0;11;82.0
1988-11-11;325.0;11;325.0
1988-11-12;280.0;11;280.0
1988-11-13;246.0;11;246.0
1988-11-14;224.0;11;224.0
1988-11-15;183.0;11;183.0
1988-11-16;135.0;11;135.0
1988-11-17;87.0;11;87.0
1988-11-18;106.0;11;106.0
1988-11-19;81.0;11;81.0
1988-11-20;85.0;11;85.0
1988-11-21;71.0;11;71.0
1988-11-22;70.0;11;70.0
1988-11-23;74.0;11;74.0
1988-11-24;60.0;11;60.0
1988-11-25;80.0;11;80.0
1988-11-26;92.0;11;92.0
1988-11-27;84.0;11;84.0
1988-11-28;64.0;11;64.0
1988-11-29;76.0;11;76.0
1988-11-30;84.0;11;84.0
1988-12-01;84.0;12;84.0
1988-12-02;102.0;12;102.0
1988-12-03;83.0;12;83.0
1988-12-04;80.0;12;80.0
1988-12-05;294.0;12;294.0
1988-12-06;269.0;12;269.0
1988-12-07;346.0;12;346.0
1988-12-08;233.0;12;233.0
1988-12-09;348.0;12;348.0
1988-12-10;265.0;12;265.0
1988-12-11;221.0;12;221.0
1988-12-12;133.0;12;133.0
1988-12-13;123.0;12;123.0
1988-12-14;83.0;12;83.0
1988-12-15;256.0;12;256.0
1988-12-16;188.0;12;188.0
1988-12-17;125.0;12;125.0
1988-12-18;124.0;12;124.0
1988-12-19;274.0;12;274.0
1988-12-20;224.0;12;224.0
1988-12-21;155.0;12;155.0
1988-12-22;95.0;12;95.0
1988-12-23;85.0;12;85.0
1988-12-24;78.0;12;78.0
1988-12-25;90.0;12;90.0
1988-12-26;95.0;12;95.0
1988-12-27;127.0;12;127.0
1988-12-28;95.0;12;95.0
1988-12-29;226.0;12;226.0
1988-12-30;208.0;12;208.0
1988-12-31;134.0;12;134.0
