YYYY-MM-DD;Value;month;Value_imputed
1978-01-01;20.0;1;20.0
1978-01-02;19.0;1;19.0
1978-01-03;19.0;1;19.0
1978-01-04;18.0;1;18.0
1978-01-05;16.0;1;16.0
1978-01-06;15.0;1;15.0
1978-01-07;15.0;1;15.0
1978-01-08;15.0;1;15.0
1978-01-09;15.0;1;15.0
1978-01-10;15.0;1;15.0
1978-01-11;14.0;1;14.0
1978-01-12;14.0;1;14.0
1978-01-13;13.0;1;13.0
1978-01-14;13.0;1;13.0
1978-01-15;14.0;1;14.0
1978-01-16;14.0;1;14.0
1978-01-17;14.0;1;14.0
1978-01-18;13.0;1;13.0
1978-01-19;13.0;1;13.0
1978-01-20;13.0;1;13.0
1978-01-21;13.0;1;13.0
1978-01-22;13.0;1;13.0
1978-01-23;14.0;1;14.0
1978-01-24;14.0;1;14.0
1978-01-25;15.0;1;15.0
1978-01-26;14.0;1;14.0
1978-01-27;15.0;1;15.0
1978-01-28;15.0;1;15.0
1978-01-29;40.0;1;40.0
1978-01-30;26.0;1;26.0
1978-01-31;27.0;1;27.0
1978-02-01;21.0;2;21.0
1978-02-02;23.0;2;23.0
1978-02-03;19.0;2;19.0
1978-02-04;19.0;2;19.0
1978-02-05;19.0;2;19.0
1978-02-06;19.0;2;19.0
1978-02-07;19.0;2;19.0
1978-02-08;32.0;2;32.0
1978-02-09;20.0;2;20.0
1978-02-10;19.0;2;19.0
1978-02-11;22.0;2;22.0
1978-02-12;18.0;2;18.0
1978-02-13;18.0;2;18.0
1978-02-14;18.0;2;18.0
1978-02-15;17.0;2;17.0
1978-02-16;17.0;2;17.0
1978-02-17;17.0;2;17.0
1978-02-18;16.0;2;16.0
1978-02-19;14.0;2;14.0
1978-02-20;14.0;2;14.0
1978-02-21;13.0;2;13.0
1978-02-22;12.0;2;12.0
1978-02-23;14.0;2;14.0
1978-02-24;14.0;2;14.0
1978-02-25;13.0;2;13.0
1978-02-26;13.0;2;13.0
1978-02-27;13.0;2;13.0
1978-02-28;13.0;2;13.0
1978-03-01;13.0;3;13.0
1978-03-02;12.0;3;12.0
1978-03-03;11.0;3;11.0
1978-03-04;11.0;3;11.0
1978-03-05;10.0;3;10.0
1978-03-06;12.0;3;12.0
1978-03-07;16.0;3;16.0
1978-03-08;11.0;3;11.0
1978-03-09;11.0;3;11.0
1978-03-10;10.0;3;10.0
1978-03-11;9.0;3;9.0
1978-03-12;9.0;3;9.0
1978-03-13;9.0;3;9.0
1978-03-14;9.0;3;9.0
1978-03-15;10.0;3;10.0
1978-03-16;11.0;3;11.0
1978-03-17;12.0;3;12.0
1978-03-18;12.0;3;12.0
1978-03-19;11.0;3;11.0
1978-03-20;11.0;3;11.0
1978-03-21;11.0;3;11.0
1978-03-22;45.0;3;45.0
1978-03-23;16.0;3;16.0
1978-03-24;22.0;3;22.0
1978-03-25;18.0;3;18.0
1978-03-26;11.0;3;11.0
1978-03-27;26.0;3;26.0
1978-03-28;15.0;3;15.0
1978-03-29;12.0;3;12.0
1978-03-30;10.0;3;10.0
1978-03-31;10.0;3;10.0
1978-04-01;11.0;4;11.0
1978-04-02;21.0;4;21.0
1978-04-03;26.0;4;26.0
1978-04-04;11.0;4;11.0
1978-04-05;11.0;4;11.0
1978-04-06;10.0;4;10.0
1978-04-07;105.0;4;105.0
1978-04-08;22.0;4;22.0
1978-04-09;15.0;4;15.0
1978-04-10;22.0;4;22.0
1978-04-11;85.0;4;85.0
1978-04-12;44.0;4;44.0
1978-04-13;29.0;4;29.0
1978-04-14;45.0;4;45.0
1978-04-15;25.0;4;25.0
1978-04-16;25.0;4;25.0
1978-04-17;19.0;4;19.0
1978-04-18;18.0;4;18.0
1978-04-19;22.0;4;22.0
1978-04-20;19.0;4;19.0
1978-04-21;15.0;4;15.0
1978-04-22;16.0;4;16.0
1978-04-23;16.0;4;16.0
1978-04-24;18.0;4;18.0
1978-04-25;14.0;4;14.0
1978-04-26;33.0;4;33.0
1978-04-27;38.0;4;38.0
1978-04-28;40.0;4;40.0
1978-04-29;28.0;4;28.0
1978-04-30;25.0;4;25.0
1978-05-01;30.0;5;30.0
1978-05-02;74.0;5;74.0
1978-05-03;31.0;5;31.0
1978-05-04;28.0;5;28.0
1978-05-05;25.0;5;25.0
1978-05-06;43.0;5;43.0
1978-05-07;48.0;5;48.0
1978-05-08;36.0;5;36.0
1978-05-09;38.0;5;38.0
1978-05-10;35.0;5;35.0
1978-05-11;28.0;5;28.0
1978-05-12;33.0;5;33.0
1978-05-13;32.0;5;32.0
1978-05-14;33.0;5;33.0
1978-05-15;28.0;5;28.0
1978-05-16;33.0;5;33.0
1978-05-17;31.0;5;31.0
1978-05-18;99.0;5;99.0
1978-05-19;36.0;5;36.0
1978-05-20;32.0;5;32.0
1978-05-21;33.0;5;33.0
1978-05-22;30.0;5;30.0
1978-05-23;30.0;5;30.0
1978-05-24;29.0;5;29.0
1978-05-25;29.0;5;29.0
1978-05-26;28.0;5;28.0
1978-05-27;37.0;5;37.0
1978-05-28;41.0;5;41.0
1978-05-29;28.0;5;28.0
1978-05-30;28.0;5;28.0
1978-05-31;31.0;5;31.0
1978-06-01;30.0;6;30.0
1978-06-02;45.0;6;45.0
1978-06-03;28.0;6;28.0
1978-06-04;63.0;6;63.0
1978-06-05;38.0;6;38.0
1978-06-06;44.0;6;44.0
1978-06-07;47.0;6;47.0
1978-06-08;34.0;6;34.0
1978-06-09;33.0;6;33.0
1978-06-10;33.0;6;33.0
1978-06-11;32.0;6;32.0
1978-06-12;29.0;6;29.0
1978-06-13;54.0;6;54.0
1978-06-14;41.0;6;41.0
1978-06-15;72.0;6;72.0
1978-06-16;43.0;6;43.0
1978-06-17;36.0;6;36.0
1978-06-18;32.0;6;32.0
1978-06-19;31.0;6;31.0
1978-06-20;46.0;6;46.0
1978-06-21;37.0;6;37.0
1978-06-22;31.0;6;31.0
1978-06-23;42.0;6;42.0
1978-06-24;94.0;6;94.0
1978-06-25;77.0;6;77.0
1978-06-26;46.0;6;46.0
1978-06-27;37.0;6;37.0
1978-06-28;35.0;6;35.0
1978-06-29;48.0;6;48.0
1978-06-30;41.0;6;41.0
1978-07-01;49.0;7;49.0
1978-07-02;113.0;7;113.0
1978-07-03;54.0;7;54.0
1978-07-04;45.0;7;45.0
1978-07-05;42.0;7;42.0
1978-07-06;72.0;7;72.0
1978-07-07;84.0;7;84.0
1978-07-08;54.0;7;54.0
1978-07-09;50.0;7;50.0
1978-07-10;46.0;7;46.0
1978-07-11;40.0;7;40.0
1978-07-12;37.0;7;37.0
1978-07-13;59.0;7;59.0
1978-07-14;50.0;7;50.0
1978-07-15;42.0;7;42.0
1978-07-16;37.0;7;37.0
1978-07-17;35.0;7;35.0
1978-07-18;39.0;7;39.0
1978-07-19;35.0;7;35.0
1978-07-20;33.0;7;33.0
1978-07-21;30.0;7;30.0
1978-07-22;29.0;7;29.0
1978-07-23;30.0;7;30.0
1978-07-24;29.0;7;29.0
1978-07-25;30.0;7;30.0
1978-07-26;28.0;7;28.0
1978-07-27;30.0;7;30.0
1978-07-28;57.0;7;57.0
1978-07-29;31.0;7;31.0
1978-07-30;35.0;7;35.0
1978-07-31;51.0;7;51.0
1978-08-01;50.0;8;50.0
1978-08-02;45.0;8;45.0
1978-08-03;36.0;8;36.0
1978-08-04;37.0;8;37.0
1978-08-05;32.0;8;32.0
1978-08-06;35.0;8;35.0
1978-08-07;34.0;8;34.0
1978-08-08;29.0;8;29.0
1978-08-09;35.0;8;35.0
1978-08-10;40.0;8;40.0
1978-08-11;30.0;8;30.0
1978-08-12;32.0;8;32.0
1978-08-13;61.0;8;61.0
1978-08-14;213.0;8;213.0
1978-08-15;104.0;8;104.0
1978-08-16;61.0;8;61.0
1978-08-17;48.0;8;48.0
1978-08-18;41.0;8;41.0
1978-08-19;37.0;8;37.0
1978-08-20;34.0;8;34.0
1978-08-21;33.0;8;33.0
1978-08-22;29.0;8;29.0
1978-08-23;28.0;8;28.0
1978-08-24;30.0;8;30.0
1978-08-25;27.0;8;27.0
1978-08-26;26.0;8;26.0
1978-08-27;26.0;8;26.0
1978-08-28;26.0;8;26.0
1978-08-29;26.0;8;26.0
1978-08-30;28.0;8;28.0
1978-08-31;26.0;8;26.0
1978-09-01;26.0;9;26.0
1978-09-02;29.0;9;29.0
1978-09-03;26.0;9;26.0
1978-09-04;26.0;9;26.0
1978-09-05;25.0;9;25.0
1978-09-06;24.0;9;24.0
1978-09-07;31.0;9;31.0
1978-09-08;30.0;9;30.0
1978-09-09;27.0;9;27.0
1978-09-10;67.0;9;67.0
1978-09-11;30.0;9;30.0
1978-09-12;27.0;9;27.0
1978-09-13;24.0;9;24.0
1978-09-14;24.0;9;24.0
1978-09-15;30.0;9;30.0
1978-09-16;25.0;9;25.0
1978-09-17;24.0;9;24.0
1978-09-18;44.0;9;44.0
1978-09-19;24.0;9;24.0
1978-09-20;22.0;9;22.0
1978-09-21;23.0;9;23.0
1978-09-22;51.0;9;51.0
1978-09-23;37.0;9;37.0
1978-09-24;32.0;9;32.0
1978-09-25;45.0;9;45.0
1978-09-26;29.0;9;29.0
1978-09-27;25.0;9;25.0
1978-09-28;25.0;9;25.0
1978-09-29;70.0;9;70.0
1978-09-30;31.0;9;31.0
1978-10-01;39.0;10;39.0
1978-10-02;34.0;10;34.0
1978-10-03;41.0;10;41.0
1978-10-04;29.0;10;29.0
1978-10-05;27.0;10;27.0
1978-10-06;61.0;10;61.0
1978-10-07;32.0;10;32.0
1978-10-08;29.0;10;29.0
1978-10-09;26.0;10;26.0
1978-10-10;25.0;10;25.0
1978-10-11;25.0;10;25.0
1978-10-12;24.0;10;24.0
1978-10-13;23.0;10;23.0
1978-10-14;22.0;10;22.0
1978-10-15;22.0;10;22.0
1978-10-16;23.0;10;23.0
1978-10-17;22.0;10;22.0
1978-10-18;26.0;10;26.0
1978-10-19;24.0;10;24.0
1978-10-20;21.0;10;21.0
1978-10-21;21.0;10;21.0
1978-10-22;21.0;10;21.0
1978-10-23;21.0;10;21.0
1978-10-24;20.0;10;20.0
1978-10-25;20.0;10;20.0
1978-10-26;21.0;10;21.0
1978-10-27;21.0;10;21.0
1978-10-28;20.0;10;20.0
1978-10-29;20.0;10;20.0
1978-10-30;19.0;10;19.0
1978-10-31;19.0;10;19.0
1978-11-01;42.0;11;42.0
1978-11-02;20.0;11;20.0
1978-11-03;20.0;11;20.0
1978-11-04;19.0;11;19.0
1978-11-05;19.0;11;19.0
1978-11-06;58.0;11;58.0
1978-11-07;84.0;11;84.0
1978-11-08;33.0;11;33.0
1978-11-09;30.0;11;30.0
1978-11-10;33.0;11;33.0
1978-11-11;28.0;11;28.0
1978-11-12;26.0;11;26.0
1978-11-13;25.0;11;25.0
1978-11-14;26.0;11;26.0
1978-11-15;28.0;11;28.0
1978-11-16;25.0;11;25.0
1978-11-17;25.0;11;25.0
1978-11-18;25.0;11;25.0
1978-11-19;24.0;11;24.0
1978-11-20;24.0;11;24.0
1978-11-21;24.0;11;24.0
1978-11-22;24.0;11;24.0
1978-11-23;23.0;11;23.0
1978-11-24;50.0;11;50.0
1978-11-25;24.0;11;24.0
1978-11-26;26.0;11;26.0
1978-11-27;23.0;11;23.0
1978-11-28;22.0;11;22.0
1978-11-29;21.0;11;21.0
1978-11-30;28.0;11;28.0
1978-12-01;26.0;12;26.0
1978-12-02;24.0;12;24.0
1978-12-03;24.0;12;24.0
1978-12-04;31.0;12;31.0
1978-12-05;23.0;12;23.0
1978-12-06;23.0;12;23.0
1978-12-07;23.0;12;23.0
1978-12-08;32.0;12;32.0
1978-12-09;26.0;12;26.0
1978-12-10;27.0;12;27.0
1978-12-11;23.0;12;23.0
1978-12-12;26.0;12;26.0
1978-12-13;29.0;12;29.0
1978-12-14;23.0;12;23.0
1978-12-15;23.0;12;23.0
1978-12-16;23.0;12;23.0
1978-12-17;22.0;12;22.0
1978-12-18;24.0;12;24.0
1978-12-19;22.0;12;22.0
1978-12-20;24.0;12;24.0
1978-12-21;21.0;12;21.0
1978-12-22;21.0;12;21.0
1978-12-23;20.0;12;20.0
1978-12-24;20.0;12;20.0
1978-12-25;19.0;12;19.0
1978-12-26;18.0;12;18.0
1978-12-27;18.0;12;18.0
1978-12-28;17.0;12;17.0
1978-12-29;17.0;12;17.0
1978-12-30;17.0;12;17.0
1978-12-31;16.0;12;16.0
1979-01-01;15.0;1;15.0
1979-01-02;14.0;1;14.0
1979-01-03;14.0;1;14.0
1979-01-04;13.0;1;13.0
1979-01-05;14.0;1;14.0
1979-01-06;13.0;1;13.0
1979-01-07;14.0;1;14.0
1979-01-08;14.0;1;14.0
1979-01-09;14.0;1;14.0
1979-01-10;16.0;1;16.0
1979-01-11;16.0;1;16.0
1979-01-12;14.0;1;14.0
1979-01-13;13.0;1;13.0
1979-01-14;13.0;1;13.0
1979-01-15;13.0;1;13.0
1979-01-16;15.0;1;15.0
1979-01-17;12.0;1;12.0
1979-01-18;13.0;1;13.0
1979-01-19;12.0;1;12.0
1979-01-20;12.0;1;12.0
1979-01-21;12.0;1;12.0
1979-01-22;16.0;1;16.0
1979-01-23;12.0;1;12.0
1979-01-24;12.0;1;12.0
1979-01-25;12.0;1;12.0
1979-01-26;12.0;1;12.0
1979-01-27;27.0;1;27.0
1979-01-28;17.0;1;17.0
1979-01-29;13.0;1;13.0
1979-01-30;13.0;1;13.0
1979-01-31;13.0;1;13.0
1979-02-01;12.0;2;12.0
1979-02-02;12.0;2;12.0
1979-02-03;12.0;2;12.0
1979-02-04;11.0;2;11.0
1979-02-05;11.0;2;11.0
1979-02-06;10.0;2;10.0
1979-02-07;10.0;2;10.0
1979-02-08;10.0;2;10.0
1979-02-09;10.0;2;10.0
1979-02-10;10.0;2;10.0
1979-02-11;10.0;2;10.0
1979-02-12;10.0;2;10.0
1979-02-13;10.0;2;10.0
1979-02-14;10.0;2;10.0
1979-02-15;10.0;2;10.0
1979-02-16;9.0;2;9.0
1979-02-17;11.0;2;11.0
1979-02-18;9.0;2;9.0
1979-02-19;10.0;2;10.0
1979-02-20;9.0;2;9.0
1979-02-21;9.0;2;9.0
1979-02-22;9.0;2;9.0
1979-02-23;9.0;2;9.0
1979-02-24;9.0;2;9.0
1979-02-25;9.0;2;9.0
1979-02-26;9.0;2;9.0
1979-02-27;9.0;2;9.0
1979-02-28;9.0;2;9.0
1979-03-01;17.0;3;17.0
1979-03-02;15.0;3;15.0
1979-03-03;18.0;3;18.0
1979-03-04;11.0;3;11.0
1979-03-05;9.0;3;9.0
1979-03-06;37.0;3;37.0
1979-03-07;13.0;3;13.0
1979-03-08;19.0;3;19.0
1979-03-09;13.0;3;13.0
1979-03-10;10.0;3;10.0
1979-03-11;11.0;3;11.0
1979-03-12;10.0;3;10.0
1979-03-13;13.0;3;13.0
1979-03-14;11.0;3;11.0
1979-03-15;12.0;3;12.0
1979-03-16;19.0;3;19.0
1979-03-17;12.0;3;12.0
1979-03-18;11.0;3;11.0
1979-03-19;12.0;3;12.0
1979-03-20;39.0;3;39.0
1979-03-21;16.0;3;16.0
1979-03-22;50.0;3;50.0
1979-03-23;20.0;3;20.0
1979-03-24;44.0;3;44.0
1979-03-25;19.0;3;19.0
1979-03-26;15.0;3;15.0
1979-03-27;15.0;3;15.0
1979-03-28;13.0;3;13.0
1979-03-29;12.0;3;12.0
1979-03-30;14.0;3;14.0
1979-03-31;13.0;3;13.0
1979-04-01;25.0;4;25.0
1979-04-02;17.0;4;17.0
1979-04-03;14.0;4;14.0
1979-04-04;21.0;4;21.0
1979-04-05;18.0;4;18.0
1979-04-06;19.0;4;19.0
1979-04-07;19.0;4;19.0
1979-04-08;49.0;4;49.0
1979-04-09;45.0;4;45.0
1979-04-10;30.0;4;30.0
1979-04-11;58.0;4;58.0
1979-04-12;60.0;4;60.0
1979-04-13;51.0;4;51.0
1979-04-14;34.0;4;34.0
1979-04-15;64.0;4;64.0
1979-04-16;48.0;4;48.0
1979-04-17;37.0;4;37.0
1979-04-18;31.0;4;31.0
1979-04-19;28.0;4;28.0
1979-04-20;27.0;4;27.0
1979-04-21;28.0;4;28.0
1979-04-22;89.0;4;89.0
1979-04-23;69.0;4;69.0
1979-04-24;53.0;4;53.0
1979-04-25;36.0;4;36.0
1979-04-26;34.0;4;34.0
1979-04-27;41.0;4;41.0
1979-04-28;39.0;4;39.0
1979-04-29;35.0;4;35.0
1979-04-30;29.0;4;29.0
1979-05-01;31.0;5;31.0
1979-05-02;27.0;5;27.0
1979-05-03;59.0;5;59.0
1979-05-04;36.0;5;36.0
1979-05-05;32.0;5;32.0
1979-05-06;32.0;5;32.0
1979-05-07;28.0;5;28.0
1979-05-08;28.0;5;28.0
1979-05-09;57.0;5;57.0
1979-05-10;25.0;5;25.0
1979-05-11;143.0;5;143.0
1979-05-12;36.0;5;36.0
1979-05-13;35.0;5;35.0
1979-05-14;83.0;5;83.0
1979-05-15;40.0;5;40.0
1979-05-16;34.0;5;34.0
1979-05-17;46.0;5;46.0
1979-05-18;31.0;5;31.0
1979-05-19;28.0;5;28.0
1979-05-20;25.0;5;25.0
1979-05-21;69.0;5;69.0
1979-05-22;48.0;5;48.0
1979-05-23;34.0;5;34.0
1979-05-24;37.0;5;37.0
1979-05-25;30.0;5;30.0
1979-05-26;28.0;5;28.0
1979-05-27;55.0;5;55.0
1979-05-28;86.0;5;86.0
1979-05-29;41.0;5;41.0
1979-05-30;41.0;5;41.0
1979-05-31;49.0;5;49.0
1979-06-01;161.0;6;161.0
1979-06-02;65.0;6;65.0
1979-06-03;50.0;6;50.0
1979-06-04;46.0;6;46.0
1979-06-05;36.0;6;36.0
1979-06-06;46.0;6;46.0
1979-06-07;34.0;6;34.0
1979-06-08;41.0;6;41.0
1979-06-09;48.0;6;48.0
1979-06-10;39.0;6;39.0
1979-06-11;60.0;6;60.0
1979-06-12;45.0;6;45.0
1979-06-13;48.0;6;48.0
1979-06-14;82.0;6;82.0
1979-06-15;120.0;6;120.0
1979-06-16;76.0;6;76.0
1979-06-17;71.0;6;71.0
1979-06-18;55.0;6;55.0
1979-06-19;41.0;6;41.0
1979-06-20;90.0;6;90.0
1979-06-21;68.0;6;68.0
1979-06-22;59.0;6;59.0
1979-06-23;49.0;6;49.0
1979-06-24;46.0;6;46.0
1979-06-25;52.0;6;52.0
1979-06-26;55.0;6;55.0
1979-06-27;76.0;6;76.0
1979-06-28;233.0;6;233.0
1979-06-29;73.0;6;73.0
1979-06-30;63.0;6;63.0
1979-07-01;55.0;7;55.0
1979-07-02;45.0;7;45.0
1979-07-03;97.0;7;97.0
1979-07-04;62.0;7;62.0
1979-07-05;84.0;7;84.0
1979-07-06;155.0;7;155.0
1979-07-07;72.0;7;72.0
1979-07-08;59.0;7;59.0
1979-07-09;58.0;7;58.0
1979-07-10;83.0;7;83.0
1979-07-11;60.0;7;60.0
1979-07-12;49.0;7;49.0
1979-07-13;49.0;7;49.0
1979-07-14;47.0;7;47.0
1979-07-15;46.0;7;46.0
1979-07-16;60.0;7;60.0
1979-07-17;96.0;7;96.0
1979-07-18;56.0;7;56.0
1979-07-19;48.0;7;48.0
1979-07-20;51.0;7;51.0
1979-07-21;45.0;7;45.0
1979-07-22;39.0;7;39.0
1979-07-23;45.0;7;45.0
1979-07-24;45.0;7;45.0
1979-07-25;87.0;7;87.0
1979-07-26;51.0;7;51.0
1979-07-27;66.0;7;66.0
1979-07-28;44.0;7;44.0
1979-07-29;39.0;7;39.0
1979-07-30;35.0;7;35.0
1979-07-31;-999.000;7;71.0
1979-08-01;-999.000;8;29.0
1979-08-02;35.0;8;35.0
1979-08-03;35.0;8;35.0
1979-08-04;34.0;8;34.0
1979-08-05;33.0;8;33.0
1979-08-06;36.0;8;36.0
1979-08-07;32.0;8;32.0
1979-08-08;41.0;8;41.0
1979-08-09;32.0;8;32.0
1979-08-10;29.0;8;29.0
1979-08-11;28.0;8;28.0
1979-08-12;26.0;8;26.0
1979-08-13;25.0;8;25.0
1979-08-14;24.0;8;24.0
1979-08-15;25.0;8;25.0
1979-08-16;27.0;8;27.0
1979-08-17;30.0;8;30.0
1979-08-18;27.0;8;27.0
1979-08-19;27.0;8;27.0
1979-08-20;28.0;8;28.0
1979-08-21;24.0;8;24.0
1979-08-22;24.0;8;24.0
1979-08-23;24.0;8;24.0
1979-08-24;43.0;8;43.0
1979-08-25;31.0;8;31.0
1979-08-26;29.0;8;29.0
1979-08-27;32.0;8;32.0
1979-08-28;26.0;8;26.0
1979-08-29;25.0;8;25.0
1979-08-30;49.0;8;49.0
1979-08-31;51.0;8;51.0
1979-09-01;33.0;9;33.0
1979-09-02;35.0;9;35.0
1979-09-03;33.0;9;33.0
1979-09-04;37.0;9;37.0
1979-09-05;33.0;9;33.0
1979-09-06;116.0;9;116.0
1979-09-07;58.0;9;58.0
1979-09-08;41.0;9;41.0
1979-09-09;38.0;9;38.0
1979-09-10;44.0;9;44.0
1979-09-11;36.0;9;36.0
1979-09-12;37.0;9;37.0
1979-09-13;30.0;9;30.0
1979-09-14;35.0;9;35.0
1979-09-15;31.0;9;31.0
1979-09-16;29.0;9;29.0
1979-09-17;32.0;9;32.0
1979-09-18;45.0;9;45.0
1979-09-19;39.0;9;39.0
1979-09-20;33.0;9;33.0
1979-09-21;34.0;9;34.0
1979-09-22;59.0;9;59.0
1979-09-23;37.0;9;37.0
1979-09-24;36.0;9;36.0
1979-09-25;40.0;9;40.0
1979-09-26;37.0;9;37.0
1979-09-27;33.0;9;33.0
1979-09-28;31.0;9;31.0
1979-09-29;30.0;9;30.0
1979-09-30;28.0;9;28.0
1979-10-01;27.0;10;27.0
1979-10-02;31.0;10;31.0
1979-10-03;29.0;10;29.0
1979-10-04;29.0;10;29.0
1979-10-05;28.0;10;28.0
1979-10-06;35.0;10;35.0
1979-10-07;29.0;10;29.0
1979-10-08;46.0;10;46.0
1979-10-09;38.0;10;38.0
1979-10-10;28.0;10;28.0
1979-10-11;33.0;10;33.0
1979-10-12;31.0;10;31.0
1979-10-13;33.0;10;33.0
1979-10-14;27.0;10;27.0
1979-10-15;27.0;10;27.0
1979-10-16;42.0;10;42.0
1979-10-17;60.0;10;60.0
1979-10-18;35.0;10;35.0
1979-10-19;31.0;10;31.0
1979-10-20;32.0;10;32.0
1979-10-21;33.0;10;33.0
1979-10-22;29.0;10;29.0
1979-10-23;29.0;10;29.0
1979-10-24;30.0;10;30.0
1979-10-25;30.0;10;30.0
1979-10-26;28.0;10;28.0
1979-10-27;26.0;10;26.0
1979-10-28;26.0;10;26.0
1979-10-29;25.0;10;25.0
1979-10-30;23.0;10;23.0
1979-10-31;20.0;10;20.0
1979-11-01;22.0;11;22.0
1979-11-02;21.0;11;21.0
1979-11-03;22.0;11;22.0
1979-11-04;24.0;11;24.0
1979-11-05;23.0;11;23.0
1979-11-06;21.0;11;21.0
1979-11-07;22.0;11;22.0
1979-11-08;27.0;11;27.0
1979-11-09;25.0;11;25.0
1979-11-10;28.0;11;28.0
1979-11-11;26.0;11;26.0
1979-11-12;24.0;11;24.0
1979-11-13;25.0;11;25.0
1979-11-14;24.0;11;24.0
1979-11-15;31.0;11;31.0
1979-11-16;28.0;11;28.0
1979-11-17;25.0;11;25.0
1979-11-18;24.0;11;24.0
1979-11-19;29.0;11;29.0
1979-11-20;24.0;11;24.0
1979-11-21;24.0;11;24.0
1979-11-22;23.0;11;23.0
1979-11-23;23.0;11;23.0
1979-11-24;23.0;11;23.0
1979-11-25;25.0;11;25.0
1979-11-26;25.0;11;25.0
1979-11-27;37.0;11;37.0
1979-11-28;26.0;11;26.0
1979-11-29;23.0;11;23.0
1979-11-30;32.0;11;32.0
1979-12-01;28.0;12;28.0
1979-12-02;26.0;12;26.0
1979-12-03;26.0;12;26.0
1979-12-04;26.0;12;26.0
1979-12-05;25.0;12;25.0
1979-12-06;27.0;12;27.0
1979-12-07;29.0;12;29.0
1979-12-08;28.0;12;28.0
1979-12-09;24.0;12;24.0
1979-12-10;28.0;12;28.0
1979-12-11;24.0;12;24.0
1979-12-12;21.0;12;21.0
1979-12-13;20.0;12;20.0
1979-12-14;20.0;12;20.0
1979-12-15;22.0;12;22.0
1979-12-16;38.0;12;38.0
1979-12-17;33.0;12;33.0
1979-12-18;24.0;12;24.0
1979-12-19;28.0;12;28.0
1979-12-20;28.0;12;28.0
1979-12-21;23.0;12;23.0
1979-12-22;20.0;12;20.0
1979-12-23;19.0;12;19.0
1979-12-24;18.0;12;18.0
1979-12-25;19.0;12;19.0
1979-12-26;18.0;12;18.0
1979-12-27;19.0;12;19.0
1979-12-28;19.0;12;19.0
1979-12-29;23.0;12;23.0
1979-12-30;20.0;12;20.0
1979-12-31;22.0;12;22.0
1980-01-01;24.0;1;24.0
1980-01-02;29.0;1;29.0
1980-01-03;23.0;1;23.0
1980-01-04;22.0;1;22.0
1980-01-05;20.0;1;20.0
1980-01-06;19.0;1;19.0
1980-01-07;18.0;1;18.0
1980-01-08;18.0;1;18.0
1980-01-09;17.0;1;17.0
1980-01-10;15.0;1;15.0
1980-01-11;15.0;1;15.0
1980-01-12;16.0;1;16.0
1980-01-13;17.0;1;17.0
1980-01-14;18.0;1;18.0
1980-01-15;21.0;1;21.0
1980-01-16;17.0;1;17.0
1980-01-17;16.0;1;16.0
1980-01-18;16.0;1;16.0
1980-01-19;21.0;1;21.0
1980-01-20;17.0;1;17.0
1980-01-21;25.0;1;25.0
1980-01-22;18.0;1;18.0
1980-01-23;19.0;1;19.0
1980-01-24;19.0;1;19.0
1980-01-25;22.0;1;22.0
1980-01-26;16.0;1;16.0
1980-01-27;17.0;1;17.0
1980-01-28;17.0;1;17.0
1980-01-29;16.0;1;16.0
1980-01-30;16.0;1;16.0
1980-01-31;16.0;1;16.0
1980-02-01;16.0;2;16.0
1980-02-02;20.0;2;20.0
1980-02-03;18.0;2;18.0
1980-02-04;18.0;2;18.0
1980-02-05;18.0;2;18.0
1980-02-06;16.0;2;16.0
1980-02-07;16.0;2;16.0
1980-02-08;15.0;2;15.0
1980-02-09;14.0;2;14.0
1980-02-10;12.0;2;12.0
1980-02-11;12.0;2;12.0
1980-02-12;11.0;2;11.0
1980-02-13;11.0;2;11.0
1980-02-14;11.0;2;11.0
1980-02-15;11.0;2;11.0
1980-02-16;11.0;2;11.0
1980-02-17;10.0;2;10.0
1980-02-18;13.0;2;13.0
1980-02-19;13.0;2;13.0
1980-02-20;12.0;2;12.0
1980-02-21;11.0;2;11.0
1980-02-22;11.0;2;11.0
1980-02-23;10.0;2;10.0
1980-02-24;9.0;2;9.0
1980-02-25;9.0;2;9.0
1980-02-26;10.0;2;10.0
1980-02-27;10.0;2;10.0
1980-02-28;10.0;2;10.0
1980-02-29;9.0;2;9.0
1980-03-01;10.0;3;10.0
1980-03-02;10.0;3;10.0
1980-03-03;10.0;3;10.0
1980-03-04;12.0;3;12.0
1980-03-05;11.0;3;11.0
1980-03-06;10.0;3;10.0
1980-03-07;9.0;3;9.0
1980-03-08;10.0;3;10.0
1980-03-09;11.0;3;11.0
1980-03-10;13.0;3;13.0
1980-03-11;13.0;3;13.0
1980-03-12;13.0;3;13.0
1980-03-13;33.0;3;33.0
1980-03-14;17.0;3;17.0
1980-03-15;27.0;3;27.0
1980-03-16;14.0;3;14.0
1980-03-17;11.0;3;11.0
1980-03-18;11.0;3;11.0
1980-03-19;10.0;3;10.0
1980-03-20;19.0;3;19.0
1980-03-21;10.0;3;10.0
1980-03-22;9.0;3;9.0
1980-03-23;28.0;3;28.0
1980-03-24;16.0;3;16.0
1980-03-25;27.0;3;27.0
1980-03-26;18.0;3;18.0
1980-03-27;31.0;3;31.0
1980-03-28;34.0;3;34.0
1980-03-29;30.0;3;30.0
1980-03-30;45.0;3;45.0
1980-03-31;29.0;3;29.0
1980-04-01;22.0;4;22.0
1980-04-02;33.0;4;33.0
1980-04-03;20.0;4;20.0
1980-04-04;19.0;4;19.0
1980-04-05;15.0;4;15.0
1980-04-06;14.0;4;14.0
1980-04-07;15.0;4;15.0
1980-04-08;14.0;4;14.0
1980-04-09;15.0;4;15.0
1980-04-10;16.0;4;16.0
1980-04-11;19.0;4;19.0
1980-04-12;15.0;4;15.0
1980-04-13;15.0;4;15.0
1980-04-14;20.0;4;20.0
1980-04-15;37.0;4;37.0
1980-04-16;20.0;4;20.0
1980-04-17;42.0;4;42.0
1980-04-18;26.0;4;26.0
1980-04-19;27.0;4;27.0
1980-04-20;26.0;4;26.0
1980-04-21;50.0;4;50.0
1980-04-22;39.0;4;39.0
1980-04-23;27.0;4;27.0
1980-04-24;22.0;4;22.0
1980-04-25;22.0;4;22.0
1980-04-26;30.0;4;30.0
1980-04-27;23.0;4;23.0
1980-04-28;32.0;4;32.0
1980-04-29;27.0;4;27.0
1980-04-30;21.0;4;21.0
1980-05-01;23.0;5;23.0
1980-05-02;25.0;5;25.0
1980-05-03;22.0;5;22.0
1980-05-04;207.0;5;207.0
1980-05-05;71.0;5;71.0
1980-05-06;56.0;5;56.0
1980-05-07;50.0;5;50.0
1980-05-08;47.0;5;47.0
1980-05-09;41.0;5;41.0
1980-05-10;37.0;5;37.0
1980-05-11;37.0;5;37.0
1980-05-12;42.0;5;42.0
1980-05-13;53.0;5;53.0
1980-05-14;38.0;5;38.0
1980-05-15;36.0;5;36.0
1980-05-16;35.0;5;35.0
1980-05-17;36.0;5;36.0
1980-05-18;37.0;5;37.0
1980-05-19;68.0;5;68.0
1980-05-20;36.0;5;36.0
1980-05-21;38.0;5;38.0
1980-05-22;41.0;5;41.0
1980-05-23;44.0;5;44.0
1980-05-24;45.0;5;45.0
1980-05-25;41.0;5;41.0
1980-05-26;86.0;5;86.0
1980-05-27;52.0;5;52.0
1980-05-28;41.0;5;41.0
1980-05-29;41.0;5;41.0
1980-05-30;40.0;5;40.0
1980-05-31;35.0;5;35.0
1980-06-01;40.0;6;40.0
1980-06-02;42.0;6;42.0
1980-06-03;48.0;6;48.0
1980-06-04;67.0;6;67.0
1980-06-05;52.0;6;52.0
1980-06-06;46.0;6;46.0
1980-06-07;101.0;6;101.0
1980-06-08;78.0;6;78.0
1980-06-09;74.0;6;74.0
1980-06-10;68.0;6;68.0
1980-06-11;122.0;6;122.0
1980-06-12;75.0;6;75.0
1980-06-13;80.0;6;80.0
1980-06-14;59.0;6;59.0
1980-06-15;72.0;6;72.0
1980-06-16;55.0;6;55.0
1980-06-17;48.0;6;48.0
1980-06-18;61.0;6;61.0
1980-06-19;47.0;6;47.0
1980-06-20;66.0;6;66.0
1980-06-21;56.0;6;56.0
1980-06-22;52.0;6;52.0
1980-06-23;43.0;6;43.0
1980-06-24;42.0;6;42.0
1980-06-25;42.0;6;42.0
1980-06-26;81.0;6;81.0
1980-06-27;77.0;6;77.0
1980-06-28;65.0;6;65.0
1980-06-29;54.0;6;54.0
1980-06-30;53.0;6;53.0
1980-07-01;48.0;7;48.0
1980-07-02;108.0;7;108.0
1980-07-03;72.0;7;72.0
1980-07-04;84.0;7;84.0
1980-07-05;158.0;7;158.0
1980-07-06;85.0;7;85.0
1980-07-07;66.0;7;66.0
1980-07-08;57.0;7;57.0
1980-07-09;58.0;7;58.0
1980-07-10;112.0;7;112.0
1980-07-11;59.0;7;59.0
1980-07-12;55.0;7;55.0
1980-07-13;50.0;7;50.0
1980-07-14;59.0;7;59.0
1980-07-15;59.0;7;59.0
1980-07-16;71.0;7;71.0
1980-07-17;62.0;7;62.0
1980-07-18;49.0;7;49.0
1980-07-19;65.0;7;65.0
1980-07-20;54.0;7;54.0
1980-07-21;68.0;7;68.0
1980-07-22;105.0;7;105.0
1980-07-23;110.0;7;110.0
1980-07-24;74.0;7;74.0
1980-07-25;61.0;7;61.0
1980-07-26;54.0;7;54.0
1980-07-27;56.0;7;56.0
1980-07-28;50.0;7;50.0
1980-07-29;44.0;7;44.0
1980-07-30;43.0;7;43.0
1980-07-31;63.0;7;63.0
1980-08-01;72.0;8;72.0
1980-08-02;43.0;8;43.0
1980-08-03;39.0;8;39.0
1980-08-04;35.0;8;35.0
1980-08-05;38.0;8;38.0
1980-08-06;55.0;8;55.0
1980-08-07;38.0;8;38.0
1980-08-08;48.0;8;48.0
1980-08-09;82.0;8;82.0
1980-08-10;54.0;8;54.0
1980-08-11;39.0;8;39.0
1980-08-12;36.0;8;36.0
1980-08-13;31.0;8;31.0
1980-08-14;32.0;8;32.0
1980-08-15;48.0;8;48.0
1980-08-16;54.0;8;54.0
1980-08-17;38.0;8;38.0
1980-08-18;48.0;8;48.0
1980-08-19;36.0;8;36.0
1980-08-20;31.0;8;31.0
1980-08-21;28.0;8;28.0
1980-08-22;29.0;8;29.0
1980-08-23;28.0;8;28.0
1980-08-24;27.0;8;27.0
1980-08-25;26.0;8;26.0
1980-08-26;26.0;8;26.0
1980-08-27;26.0;8;26.0
1980-08-28;60.0;8;60.0
1980-08-29;39.0;8;39.0
1980-08-30;30.0;8;30.0
1980-08-31;28.0;8;28.0
1980-09-01;29.0;9;29.0
1980-09-02;26.0;9;26.0
1980-09-03;24.0;9;24.0
1980-09-04;25.0;9;25.0
1980-09-05;80.0;9;80.0
1980-09-06;52.0;9;52.0
1980-09-07;37.0;9;37.0
1980-09-08;30.0;9;30.0
1980-09-09;38.0;9;38.0
1980-09-10;32.0;9;32.0
1980-09-11;31.0;9;31.0
1980-09-12;55.0;9;55.0
1980-09-13;37.0;9;37.0
1980-09-14;29.0;9;29.0
1980-09-15;26.0;9;26.0
1980-09-16;37.0;9;37.0
1980-09-17;31.0;9;31.0
1980-09-18;29.0;9;29.0
1980-09-19;30.0;9;30.0
1980-09-20;27.0;9;27.0
1980-09-21;26.0;9;26.0
1980-09-22;29.0;9;29.0
1980-09-23;73.0;9;73.0
1980-09-24;34.0;9;34.0
1980-09-25;29.0;9;29.0
1980-09-26;29.0;9;29.0
1980-09-27;27.0;9;27.0
1980-09-28;31.0;9;31.0
1980-09-29;27.0;9;27.0
1980-09-30;30.0;9;30.0
1980-10-01;36.0;10;36.0
1980-10-02;33.0;10;33.0
1980-10-03;28.0;10;28.0
1980-10-04;42.0;10;42.0
1980-10-05;42.0;10;42.0
1980-10-06;57.0;10;57.0
1980-10-07;38.0;10;38.0
1980-10-08;34.0;10;34.0
1980-10-09;48.0;10;48.0
1980-10-10;38.0;10;38.0
1980-10-11;40.0;10;40.0
1980-10-12;40.0;10;40.0
1980-10-13;32.0;10;32.0
1980-10-14;36.0;10;36.0
1980-10-15;37.0;10;37.0
1980-10-16;34.0;10;34.0
1980-10-17;50.0;10;50.0
1980-10-18;133.0;10;133.0
1980-10-19;54.0;10;54.0
1980-10-20;44.0;10;44.0
1980-10-21;37.0;10;37.0
1980-10-22;33.0;10;33.0
1980-10-23;33.0;10;33.0
1980-10-24;36.0;10;36.0
1980-10-25;48.0;10;48.0
1980-10-26;59.0;10;59.0
1980-10-27;40.0;10;40.0
1980-10-28;34.0;10;34.0
1980-10-29;39.0;10;39.0
1980-10-30;33.0;10;33.0
1980-10-31;29.0;10;29.0
1980-11-01;34.0;11;34.0
1980-11-02;32.0;11;32.0
1980-11-03;55.0;11;55.0
1980-11-04;41.0;11;41.0
1980-11-05;31.0;11;31.0
1980-11-06;26.0;11;26.0
1980-11-07;25.0;11;25.0
1980-11-08;24.0;11;24.0
1980-11-09;23.0;11;23.0
1980-11-10;22.0;11;22.0
1980-11-11;26.0;11;26.0
1980-11-12;30.0;11;30.0
1980-11-13;29.0;11;29.0
1980-11-14;27.0;11;27.0
1980-11-15;26.0;11;26.0
1980-11-16;25.0;11;25.0
1980-11-17;30.0;11;30.0
1980-11-18;27.0;11;27.0
1980-11-19;30.0;11;30.0
1980-11-20;23.0;11;23.0
1980-11-21;22.0;11;22.0
1980-11-22;20.0;11;20.0
1980-11-23;20.0;11;20.0
1980-11-24;21.0;11;21.0
1980-11-25;19.0;11;19.0
1980-11-26;18.0;11;18.0
1980-11-27;19.0;11;19.0
1980-11-28;18.0;11;18.0
1980-11-29;18.0;11;18.0
1980-11-30;17.0;11;17.0
1980-12-01;36.0;12;36.0
1980-12-02;18.0;12;18.0
1980-12-03;18.0;12;18.0
1980-12-04;21.0;12;21.0
1980-12-05;18.0;12;18.0
1980-12-06;18.0;12;18.0
1980-12-07;39.0;12;39.0
1980-12-08;20.0;12;20.0
1980-12-09;22.0;12;22.0
1980-12-10;19.0;12;19.0
1980-12-11;17.0;12;17.0
1980-12-12;20.0;12;20.0
1980-12-13;17.0;12;17.0
1980-12-14;18.0;12;18.0
1980-12-15;17.0;12;17.0
1980-12-16;19.0;12;19.0
1980-12-17;17.0;12;17.0
1980-12-18;16.0;12;16.0
1980-12-19;15.0;12;15.0
1980-12-20;17.0;12;17.0
1980-12-21;15.0;12;15.0
1980-12-22;15.0;12;15.0
1980-12-23;14.0;12;14.0
1980-12-24;16.0;12;16.0
1980-12-25;15.0;12;15.0
1980-12-26;16.0;12;16.0
1980-12-27;15.0;12;15.0
1980-12-28;15.0;12;15.0
1980-12-29;14.0;12;14.0
1980-12-30;15.0;12;15.0
1980-12-31;15.0;12;15.0
1981-01-01;14.0;1;14.0
1981-01-02;14.0;1;14.0
1981-01-03;14.0;1;14.0
1981-01-04;13.0;1;13.0
1981-01-05;13.0;1;13.0
1981-01-06;12.0;1;12.0
1981-01-07;12.0;1;12.0
1981-01-08;16.0;1;16.0
1981-01-09;16.0;1;16.0
1981-01-10;13.0;1;13.0
1981-01-11;13.0;1;13.0
1981-01-12;13.0;1;13.0
1981-01-13;13.0;1;13.0
1981-01-14;14.0;1;14.0
1981-01-15;14.0;1;14.0
1981-01-16;12.0;1;12.0
1981-01-17;12.0;1;12.0
1981-01-18;12.0;1;12.0
1981-01-19;11.0;1;11.0
1981-01-20;11.0;1;11.0
1981-01-21;10.0;1;10.0
1981-01-22;9.0;1;9.0
1981-01-23;9.0;1;9.0
1981-01-24;9.0;1;9.0
1981-01-25;10.0;1;10.0
1981-01-26;10.0;1;10.0
1981-01-27;10.0;1;10.0
1981-01-28;9.0;1;9.0
1981-01-29;10.0;1;10.0
1981-01-30;14.0;1;14.0
1981-01-31;10.0;1;10.0
1981-02-01;10.0;2;10.0
1981-02-02;10.0;2;10.0
1981-02-03;9.0;2;9.0
1981-02-04;9.0;2;9.0
1981-02-05;9.0;2;9.0
1981-02-06;9.0;2;9.0
1981-02-07;9.0;2;9.0
1981-02-08;9.0;2;9.0
1981-02-09;9.0;2;9.0
1981-02-10;9.0;2;9.0
1981-02-11;9.0;2;9.0
1981-02-12;9.0;2;9.0
1981-02-13;9.0;2;9.0
1981-02-14;9.0;2;9.0
1981-02-15;10.0;2;10.0
1981-02-16;9.0;2;9.0
1981-02-17;9.0;2;9.0
1981-02-18;9.0;2;9.0
1981-02-19;14.0;2;14.0
1981-02-20;10.0;2;10.0
1981-02-21;9.0;2;9.0
1981-02-22;14.0;2;14.0
1981-02-23;20.0;2;20.0
1981-02-24;12.0;2;12.0
1981-02-25;29.0;2;29.0
1981-02-26;14.0;2;14.0
1981-02-27;21.0;2;21.0
1981-02-28;17.0;2;17.0
1981-03-01;11.0;3;11.0
1981-03-02;134.0;3;134.0
1981-03-03;27.0;3;27.0
1981-03-04;25.0;3;25.0
1981-03-05;20.0;3;20.0
1981-03-06;18.0;3;18.0
1981-03-07;19.0;3;19.0
1981-03-08;18.0;3;18.0
1981-03-09;21.0;3;21.0
1981-03-10;32.0;3;32.0
1981-03-11;23.0;3;23.0
1981-03-12;22.0;3;22.0
1981-03-13;20.0;3;20.0
1981-03-14;14.0;3;14.0
1981-03-15;14.0;3;14.0
1981-03-16;14.0;3;14.0
1981-03-17;13.0;3;13.0
1981-03-18;42.0;3;42.0
1981-03-19;21.0;3;21.0
1981-03-20;19.0;3;19.0
1981-03-21;19.0;3;19.0
1981-03-22;21.0;3;21.0
1981-03-23;19.0;3;19.0
1981-03-24;15.0;3;15.0
1981-03-25;15.0;3;15.0
1981-03-26;15.0;3;15.0
1981-03-27;16.0;3;16.0
1981-03-28;15.0;3;15.0
1981-03-29;14.0;3;14.0
1981-03-30;12.0;3;12.0
1981-03-31;12.0;3;12.0
1981-04-01;15.0;4;15.0
1981-04-02;17.0;4;17.0
1981-04-03;16.0;4;16.0
1981-04-04;17.0;4;17.0
1981-04-05;65.0;4;65.0
1981-04-06;32.0;4;32.0
1981-04-07;28.0;4;28.0
1981-04-08;25.0;4;25.0
1981-04-09;22.0;4;22.0
1981-04-10;19.0;4;19.0
1981-04-11;20.0;4;20.0
1981-04-12;79.0;4;79.0
1981-04-13;61.0;4;61.0
1981-04-14;35.0;4;35.0
1981-04-15;31.0;4;31.0
1981-04-16;30.0;4;30.0
1981-04-17;92.0;4;92.0
1981-04-18;40.0;4;40.0
1981-04-19;40.0;4;40.0
1981-04-20;28.0;4;28.0
1981-04-21;36.0;4;36.0
1981-04-22;35.0;4;35.0
1981-04-23;27.0;4;27.0
1981-04-24;52.0;4;52.0
1981-04-25;37.0;4;37.0
1981-04-26;39.0;4;39.0
1981-04-27;28.0;4;28.0
1981-04-28;23.0;4;23.0
1981-04-29;22.0;4;22.0
1981-04-30;36.0;4;36.0
1981-05-01;26.0;5;26.0
1981-05-02;22.0;5;22.0
1981-05-03;22.0;5;22.0
1981-05-04;42.0;5;42.0
1981-05-05;23.0;5;23.0
1981-05-06;23.0;5;23.0
1981-05-07;22.0;5;22.0
1981-05-08;26.0;5;26.0
1981-05-09;23.0;5;23.0
1981-05-10;22.0;5;22.0
1981-05-11;22.0;5;22.0
1981-05-12;30.0;5;30.0
1981-05-13;23.0;5;23.0
1981-05-14;22.0;5;22.0
1981-05-15;21.0;5;21.0
1981-05-16;42.0;5;42.0
1981-05-17;38.0;5;38.0
1981-05-18;31.0;5;31.0
1981-05-19;27.0;5;27.0
1981-05-20;29.0;5;29.0
1981-05-21;43.0;5;43.0
1981-05-22;79.0;5;79.0
1981-05-23;116.0;5;116.0
1981-05-24;46.0;5;46.0
1981-05-25;39.0;5;39.0
1981-05-26;34.0;5;34.0
1981-05-27;67.0;5;67.0
1981-05-28;46.0;5;46.0
1981-05-29;79.0;5;79.0
1981-05-30;54.0;5;54.0
1981-05-31;41.0;5;41.0
1981-06-01;41.0;6;41.0
1981-06-02;34.0;6;34.0
1981-06-03;31.0;6;31.0
1981-06-04;30.0;6;30.0
1981-06-05;30.0;6;30.0
1981-06-06;31.0;6;31.0
1981-06-07;65.0;6;65.0
1981-06-08;31.0;6;31.0
1981-06-09;86.0;6;86.0
1981-06-10;52.0;6;52.0
1981-06-11;43.0;6;43.0
1981-06-12;31.0;6;31.0
1981-06-13;145.0;6;145.0
1981-06-14;64.0;6;64.0
1981-06-15;52.0;6;52.0
1981-06-16;50.0;6;50.0
1981-06-17;43.0;6;43.0
1981-06-18;69.0;6;69.0
1981-06-19;87.0;6;87.0
1981-06-20;61.0;6;61.0
1981-06-21;74.0;6;74.0
1981-06-22;55.0;6;55.0
1981-06-23;73.0;6;73.0
1981-06-24;63.0;6;63.0
1981-06-25;52.0;6;52.0
1981-06-26;43.0;6;43.0
1981-06-27;61.0;6;61.0
1981-06-28;48.0;6;48.0
1981-06-29;48.0;6;48.0
1981-06-30;39.0;6;39.0
1981-07-01;62.0;7;62.0
1981-07-02;37.0;7;37.0
1981-07-03;40.0;7;40.0
1981-07-04;72.0;7;72.0
1981-07-05;44.0;7;44.0
1981-07-06;119.0;7;119.0
1981-07-07;88.0;7;88.0
1981-07-08;72.0;7;72.0
1981-07-09;65.0;7;65.0
1981-07-10;61.0;7;61.0
1981-07-11;55.0;7;55.0
1981-07-12;55.0;7;55.0
1981-07-13;43.0;7;43.0
1981-07-14;42.0;7;42.0
1981-07-15;39.0;7;39.0
1981-07-16;37.0;7;37.0
1981-07-17;35.0;7;35.0
1981-07-18;59.0;7;59.0
1981-07-19;46.0;7;46.0
1981-07-20;89.0;7;89.0
1981-07-21;52.0;7;52.0
1981-07-22;43.0;7;43.0
1981-07-23;40.0;7;40.0
1981-07-24;39.0;7;39.0
1981-07-25;40.0;7;40.0
1981-07-26;49.0;7;49.0
1981-07-27;35.0;7;35.0
1981-07-28;32.0;7;32.0
1981-07-29;30.0;7;30.0
1981-07-30;37.0;7;37.0
1981-07-31;30.0;7;30.0
1981-08-01;30.0;8;30.0
1981-08-02;28.0;8;28.0
1981-08-03;27.0;8;27.0
1981-08-04;26.0;8;26.0
1981-08-05;26.0;8;26.0
1981-08-06;26.0;8;26.0
1981-08-07;23.0;8;23.0
1981-08-08;22.0;8;22.0
1981-08-09;44.0;8;44.0
1981-08-10;32.0;8;32.0
1981-08-11;35.0;8;35.0
1981-08-12;36.0;8;36.0
1981-08-13;37.0;8;37.0
1981-08-14;38.0;8;38.0
1981-08-15;35.0;8;35.0
1981-08-16;30.0;8;30.0
1981-08-17;33.0;8;33.0
1981-08-18;30.0;8;30.0
1981-08-19;38.0;8;38.0
1981-08-20;33.0;8;33.0
1981-08-21;26.0;8;26.0
1981-08-22;23.0;8;23.0
1981-08-23;22.0;8;22.0
1981-08-24;26.0;8;26.0
1981-08-25;37.0;8;37.0
1981-08-26;31.0;8;31.0
1981-08-27;29.0;8;29.0
1981-08-28;23.0;8;23.0
1981-08-29;22.0;8;22.0
1981-08-30;22.0;8;22.0
1981-08-31;54.0;8;54.0
1981-09-01;28.0;9;28.0
1981-09-02;24.0;9;24.0
1981-09-03;22.0;9;22.0
1981-09-04;23.0;9;23.0
1981-09-05;21.0;9;21.0
1981-09-06;32.0;9;32.0
1981-09-07;31.0;9;31.0
1981-09-08;24.0;9;24.0
1981-09-09;22.0;9;22.0
1981-09-10;25.0;9;25.0
1981-09-11;22.0;9;22.0
1981-09-12;20.0;9;20.0
1981-09-13;19.0;9;19.0
1981-09-14;20.0;9;20.0
1981-09-15;73.0;9;73.0
1981-09-16;35.0;9;35.0
1981-09-17;41.0;9;41.0
1981-09-18;55.0;9;55.0
1981-09-19;37.0;9;37.0
1981-09-20;43.0;9;43.0
1981-09-21;29.0;9;29.0
1981-09-22;28.0;9;28.0
1981-09-23;28.0;9;28.0
1981-09-24;46.0;9;46.0
1981-09-25;34.0;9;34.0
1981-09-26;28.0;9;28.0
1981-09-27;26.0;9;26.0
1981-09-28;24.0;9;24.0
1981-09-29;23.0;9;23.0
1981-09-30;26.0;9;26.0
1981-10-01;49.0;10;49.0
1981-10-02;26.0;10;26.0
1981-10-03;28.0;10;28.0
1981-10-04;23.0;10;23.0
1981-10-05;25.0;10;25.0
1981-10-06;22.0;10;22.0
1981-10-07;21.0;10;21.0
1981-10-08;40.0;10;40.0
1981-10-09;35.0;10;35.0
1981-10-10;42.0;10;42.0
1981-10-11;27.0;10;27.0
1981-10-12;28.0;10;28.0
1981-10-13;24.0;10;24.0
1981-10-14;23.0;10;23.0
1981-10-15;26.0;10;26.0
1981-10-16;24.0;10;24.0
1981-10-17;22.0;10;22.0
1981-10-18;22.0;10;22.0
1981-10-19;24.0;10;24.0
1981-10-20;26.0;10;26.0
1981-10-21;27.0;10;27.0
1981-10-22;28.0;10;28.0
1981-10-23;39.0;10;39.0
1981-10-24;27.0;10;27.0
1981-10-25;26.0;10;26.0
1981-10-26;27.0;10;27.0
1981-10-27;26.0;10;26.0
1981-10-28;22.0;10;22.0
1981-10-29;21.0;10;21.0
1981-10-30;34.0;10;34.0
1981-10-31;26.0;10;26.0
1981-11-01;22.0;11;22.0
1981-11-02;20.0;11;20.0
1981-11-03;22.0;11;22.0
1981-11-04;21.0;11;21.0
1981-11-05;47.0;11;47.0
1981-11-06;23.0;11;23.0
1981-11-07;22.0;11;22.0
1981-11-08;24.0;11;24.0
1981-11-09;26.0;11;26.0
1981-11-10;22.0;11;22.0
1981-11-11;20.0;11;20.0
1981-11-12;23.0;11;23.0
1981-11-13;21.0;11;21.0
1981-11-14;20.0;11;20.0
1981-11-15;21.0;11;21.0
1981-11-16;22.0;11;22.0
1981-11-17;22.0;11;22.0
1981-11-18;23.0;11;23.0
1981-11-19;26.0;11;26.0
1981-11-20;22.0;11;22.0
1981-11-21;25.0;11;25.0
1981-11-22;23.0;11;23.0
1981-11-23;22.0;11;22.0
1981-11-24;21.0;11;21.0
1981-11-25;20.0;11;20.0
1981-11-26;19.0;11;19.0
1981-11-27;18.0;11;18.0
1981-11-28;23.0;11;23.0
1981-11-29;18.0;11;18.0
1981-11-30;18.0;11;18.0
1981-12-01;20.0;12;20.0
1981-12-02;18.0;12;18.0
1981-12-03;17.0;12;17.0
1981-12-04;16.0;12;16.0
1981-12-05;15.0;12;15.0
1981-12-06;15.0;12;15.0
1981-12-07;15.0;12;15.0
1981-12-08;41.0;12;41.0
1981-12-09;23.0;12;23.0
1981-12-10;21.0;12;21.0
1981-12-11;16.0;12;16.0
1981-12-12;16.0;12;16.0
1981-12-13;15.0;12;15.0
1981-12-14;15.0;12;15.0
1981-12-15;14.0;12;14.0
1981-12-16;21.0;12;21.0
1981-12-17;13.0;12;13.0
1981-12-18;14.0;12;14.0
1981-12-19;13.0;12;13.0
1981-12-20;13.0;12;13.0
1981-12-21;13.0;12;13.0
1981-12-22;14.0;12;14.0
1981-12-23;15.0;12;15.0
1981-12-24;17.0;12;17.0
1981-12-25;14.0;12;14.0
1981-12-26;14.0;12;14.0
1981-12-27;16.0;12;16.0
1981-12-28;16.0;12;16.0
1981-12-29;14.0;12;14.0
1981-12-30;14.0;12;14.0
1981-12-31;14.0;12;14.0
1982-01-01;15.0;1;15.0
1982-01-02;14.0;1;14.0
1982-01-03;14.0;1;14.0
1982-01-04;15.0;1;15.0
1982-01-05;17.0;1;17.0
1982-01-06;15.0;1;15.0
1982-01-07;16.0;1;16.0
1982-01-08;15.0;1;15.0
1982-01-09;14.0;1;14.0
1982-01-10;14.0;1;14.0
1982-01-11;14.0;1;14.0
1982-01-12;13.0;1;13.0
1982-01-13;12.0;1;12.0
1982-01-14;13.0;1;13.0
1982-01-15;13.0;1;13.0
1982-01-16;12.0;1;12.0
1982-01-17;13.0;1;13.0
1982-01-18;14.0;1;14.0
1982-01-19;12.0;1;12.0
1982-01-20;12.0;1;12.0
1982-01-21;11.0;1;11.0
1982-01-22;11.0;1;11.0
1982-01-23;11.0;1;11.0
1982-01-24;12.0;1;12.0
1982-01-25;10.0;1;10.0
1982-01-26;10.0;1;10.0
1982-01-27;15.0;1;15.0
1982-01-28;11.0;1;11.0
1982-01-29;11.0;1;11.0
1982-01-30;13.0;1;13.0
1982-01-31;12.0;1;12.0
1982-02-01;11.0;2;11.0
1982-02-02;10.0;2;10.0
1982-02-03;10.0;2;10.0
1982-02-04;10.0;2;10.0
1982-02-05;23.0;2;23.0
1982-02-06;13.0;2;13.0
1982-02-07;13.0;2;13.0
1982-02-08;13.0;2;13.0
1982-02-09;10.0;2;10.0
1982-02-10;10.0;2;10.0
1982-02-11;10.0;2;10.0
1982-02-12;10.0;2;10.0
1982-02-13;10.0;2;10.0
1982-02-14;10.0;2;10.0
1982-02-15;11.0;2;11.0
1982-02-16;13.0;2;13.0
1982-02-17;11.0;2;11.0
1982-02-18;30.0;2;30.0
1982-02-19;16.0;2;16.0
1982-02-20;28.0;2;28.0
1982-02-21;13.0;2;13.0
1982-02-22;14.0;2;14.0
1982-02-23;14.0;2;14.0
1982-02-24;16.0;2;16.0
1982-02-25;14.0;2;14.0
1982-02-26;11.0;2;11.0
1982-02-27;32.0;2;32.0
1982-02-28;17.0;2;17.0
1982-03-01;14.0;3;14.0
1982-03-02;12.0;3;12.0
1982-03-03;12.0;3;12.0
1982-03-04;22.0;3;22.0
1982-03-05;17.0;3;17.0
1982-03-06;18.0;3;18.0
1982-03-07;14.0;3;14.0
1982-03-08;13.0;3;13.0
1982-03-09;12.0;3;12.0
1982-03-10;12.0;3;12.0
1982-03-11;12.0;3;12.0
1982-03-12;15.0;3;15.0
1982-03-13;14.0;3;14.0
1982-03-14;12.0;3;12.0
1982-03-15;19.0;3;19.0
1982-03-16;13.0;3;13.0
1982-03-17;20.0;3;20.0
1982-03-18;16.0;3;16.0
1982-03-19;16.0;3;16.0
1982-03-20;17.0;3;17.0
1982-03-21;13.0;3;13.0
1982-03-22;13.0;3;13.0
1982-03-23;12.0;3;12.0
1982-03-24;12.0;3;12.0
1982-03-25;12.0;3;12.0
1982-03-26;11.0;3;11.0
1982-03-27;12.0;3;12.0
1982-03-28;19.0;3;19.0
1982-03-29;55.0;3;55.0
1982-03-30;24.0;3;24.0
1982-03-31;22.0;3;22.0
1982-04-01;20.0;4;20.0
1982-04-02;65.0;4;65.0
1982-04-03;38.0;4;38.0
1982-04-04;41.0;4;41.0
1982-04-05;38.0;4;38.0
1982-04-06;59.0;4;59.0
1982-04-07;35.0;4;35.0
1982-04-08;30.0;4;30.0
1982-04-09;40.0;4;40.0
1982-04-10;39.0;4;39.0
1982-04-11;31.0;4;31.0
1982-04-12;30.0;4;30.0
1982-04-13;21.0;4;21.0
1982-04-14;16.0;4;16.0
1982-04-15;20.0;4;20.0
1982-04-16;27.0;4;27.0
1982-04-17;39.0;4;39.0
1982-04-18;21.0;4;21.0
1982-04-19;20.0;4;20.0
1982-04-20;19.0;4;19.0
1982-04-21;24.0;4;24.0
1982-04-22;20.0;4;20.0
1982-04-23;18.0;4;18.0
1982-04-24;23.0;4;23.0
1982-04-25;22.0;4;22.0
1982-04-26;42.0;4;42.0
1982-04-27;25.0;4;25.0
1982-04-28;23.0;4;23.0
1982-04-29;19.0;4;19.0
1982-04-30;60.0;4;60.0
1982-05-01;39.0;5;39.0
1982-05-02;26.0;5;26.0
1982-05-03;23.0;5;23.0
1982-05-04;24.0;5;24.0
1982-05-05;30.0;5;30.0
1982-05-06;31.0;5;31.0
1982-05-07;28.0;5;28.0
1982-05-08;36.0;5;36.0
1982-05-09;34.0;5;34.0
1982-05-10;44.0;5;44.0
1982-05-11;41.0;5;41.0
1982-05-12;45.0;5;45.0
1982-05-13;39.0;5;39.0
1982-05-14;31.0;5;31.0
1982-05-15;29.0;5;29.0
1982-05-16;27.0;5;27.0
1982-05-17;23.0;5;23.0
1982-05-18;31.0;5;31.0
1982-05-19;38.0;5;38.0
1982-05-20;39.0;5;39.0
1982-05-21;77.0;5;77.0
1982-05-22;52.0;5;52.0
1982-05-23;56.0;5;56.0
1982-05-24;48.0;5;48.0
1982-05-25;57.0;5;57.0
1982-05-26;54.0;5;54.0
1982-05-27;48.0;5;48.0
1982-05-28;106.0;5;106.0
1982-05-29;96.0;5;96.0
1982-05-30;88.0;5;88.0
1982-05-31;131.0;5;131.0
1982-06-01;99.0;6;99.0
1982-06-02;70.0;6;70.0
1982-06-03;55.0;6;55.0
1982-06-04;48.0;6;48.0
1982-06-05;49.0;6;49.0
1982-06-06;72.0;6;72.0
1982-06-07;61.0;6;61.0
1982-06-08;58.0;6;58.0
1982-06-09;52.0;6;52.0
1982-06-10;49.0;6;49.0
1982-06-11;44.0;6;44.0
1982-06-12;53.0;6;53.0
1982-06-13;49.0;6;49.0
1982-06-14;33.0;6;33.0
1982-06-15;56.0;6;56.0
1982-06-16;54.0;6;54.0
1982-06-17;66.0;6;66.0
1982-06-18;44.0;6;44.0
1982-06-19;53.0;6;53.0
1982-06-20;51.0;6;51.0
1982-06-21;44.0;6;44.0
1982-06-22;41.0;6;41.0
1982-06-23;40.0;6;40.0
1982-06-24;42.0;6;42.0
1982-06-25;39.0;6;39.0
1982-06-26;38.0;6;38.0
1982-06-27;64.0;6;64.0
1982-06-28;41.0;6;41.0
1982-06-29;52.0;6;52.0
1982-06-30;39.0;6;39.0
1982-07-01;49.0;7;49.0
1982-07-02;67.0;7;67.0
1982-07-03;89.0;7;89.0
1982-07-04;84.0;7;84.0
1982-07-05;71.0;7;71.0
1982-07-06;66.0;7;66.0
1982-07-07;69.0;7;69.0
1982-07-08;71.0;7;71.0
1982-07-09;68.0;7;68.0
1982-07-10;63.0;7;63.0
1982-07-11;74.0;7;74.0
1982-07-12;69.0;7;69.0
1982-07-13;63.0;7;63.0
1982-07-14;56.0;7;56.0
1982-07-15;66.0;7;66.0
1982-07-16;38.0;7;38.0
1982-07-17;39.0;7;39.0
1982-07-18;43.0;7;43.0
1982-07-19;47.0;7;47.0
1982-07-20;48.0;7;48.0
1982-07-21;52.0;7;52.0
1982-07-22;41.0;7;41.0
1982-07-23;49.0;7;49.0
1982-07-24;44.0;7;44.0
1982-07-25;50.0;7;50.0
1982-07-26;47.0;7;47.0
1982-07-27;39.0;7;39.0
1982-07-28;38.0;7;38.0
1982-07-29;54.0;7;54.0
1982-07-30;41.0;7;41.0
1982-07-31;79.0;7;79.0
1982-08-01;40.0;8;40.0
1982-08-02;39.0;8;39.0
1982-08-03;63.0;8;63.0
1982-08-04;55.0;8;55.0
1982-08-05;52.0;8;52.0
1982-08-06;54.0;8;54.0
1982-08-07;51.0;8;51.0
1982-08-08;43.0;8;43.0
1982-08-09;43.0;8;43.0
1982-08-10;46.0;8;46.0
1982-08-11;70.0;8;70.0
1982-08-12;36.0;8;36.0
1982-08-13;48.0;8;48.0
1982-08-14;31.0;8;31.0
1982-08-15;30.0;8;30.0
1982-08-16;31.0;8;31.0
1982-08-17;37.0;8;37.0
1982-08-18;53.0;8;53.0
1982-08-19;43.0;8;43.0
1982-08-20;37.0;8;37.0
1982-08-21;33.0;8;33.0
1982-08-22;32.0;8;32.0
1982-08-23;35.0;8;35.0
1982-08-24;44.0;8;44.0
1982-08-25;43.0;8;43.0
1982-08-26;33.0;8;33.0
1982-08-27;40.0;8;40.0
1982-08-28;51.0;8;51.0
1982-08-29;50.0;8;50.0
1982-08-30;67.0;8;67.0
1982-08-31;68.0;8;68.0
1982-09-01;41.0;9;41.0
1982-09-02;56.0;9;56.0
1982-09-03;55.0;9;55.0
1982-09-04;61.0;9;61.0
1982-09-05;51.0;9;51.0
1982-09-06;41.0;9;41.0
1982-09-07;95.0;9;95.0
1982-09-08;89.0;9;89.0
1982-09-09;52.0;9;52.0
1982-09-10;41.0;9;41.0
1982-09-11;47.0;9;47.0
1982-09-12;40.0;9;40.0
1982-09-13;44.0;9;44.0
1982-09-14;39.0;9;39.0
1982-09-15;39.0;9;39.0
1982-09-16;37.0;9;37.0
1982-09-17;37.0;9;37.0
1982-09-18;60.0;9;60.0
1982-09-19;42.0;9;42.0
1982-09-20;49.0;9;49.0
1982-09-21;38.0;9;38.0
1982-09-22;33.0;9;33.0
1982-09-23;28.0;9;28.0
1982-09-24;25.0;9;25.0
1982-09-25;34.0;9;34.0
1982-09-26;24.0;9;24.0
1982-09-27;31.0;9;31.0
1982-09-28;27.0;9;27.0
1982-09-29;56.0;9;56.0
1982-09-30;31.0;9;31.0
1982-10-01;24.0;10;24.0
1982-10-02;26.0;10;26.0
1982-10-03;25.0;10;25.0
1982-10-04;26.0;10;26.0
1982-10-05;22.0;10;22.0
1982-10-06;23.0;10;23.0
1982-10-07;21.0;10;21.0
1982-10-08;37.0;10;37.0
1982-10-09;34.0;10;34.0
1982-10-10;39.0;10;39.0
1982-10-11;74.0;10;74.0
1982-10-12;28.0;10;28.0
1982-10-13;23.0;10;23.0
1982-10-14;23.0;10;23.0
1982-10-15;27.0;10;27.0
1982-10-16;25.0;10;25.0
1982-10-17;22.0;10;22.0
1982-10-18;20.0;10;20.0
1982-10-19;20.0;10;20.0
1982-10-20;22.0;10;22.0
1982-10-21;27.0;10;27.0
1982-10-22;30.0;10;30.0
1982-10-23;24.0;10;24.0
1982-10-24;22.0;10;22.0
1982-10-25;21.0;10;21.0
1982-10-26;30.0;10;30.0
1982-10-27;24.0;10;24.0
1982-10-28;27.0;10;27.0
1982-10-29;30.0;10;30.0
1982-10-30;26.0;10;26.0
1982-10-31;22.0;10;22.0
1982-11-01;20.0;11;20.0
1982-11-02;20.0;11;20.0
1982-11-03;19.0;11;19.0
1982-11-04;18.0;11;18.0
1982-11-05;19.0;11;19.0
1982-11-06;18.0;11;18.0
1982-11-07;19.0;11;19.0
1982-11-08;18.0;11;18.0
1982-11-09;28.0;11;28.0
1982-11-10;20.0;11;20.0
1982-11-11;19.0;11;19.0
1982-11-12;18.0;11;18.0
1982-11-13;30.0;11;30.0
1982-11-14;21.0;11;21.0
1982-11-15;22.0;11;22.0
1982-11-16;26.0;11;26.0
1982-11-17;28.0;11;28.0
1982-11-18;22.0;11;22.0
1982-11-19;19.0;11;19.0
1982-11-20;19.0;11;19.0
1982-11-21;19.0;11;19.0
1982-11-22;18.0;11;18.0
1982-11-23;18.0;11;18.0
1982-11-24;17.0;11;17.0
1982-11-25;18.0;11;18.0
1982-11-26;18.0;11;18.0
1982-11-27;15.0;11;15.0
1982-11-28;14.0;11;14.0
1982-11-29;26.0;11;26.0
1982-11-30;14.0;11;14.0
1982-12-01;41.0;12;41.0
1982-12-02;21.0;12;21.0
1982-12-03;18.0;12;18.0
1982-12-04;40.0;12;40.0
1982-12-05;26.0;12;26.0
1982-12-06;28.0;12;28.0
1982-12-07;20.0;12;20.0
1982-12-08;18.0;12;18.0
1982-12-09;21.0;12;21.0
1982-12-10;17.0;12;17.0
1982-12-11;16.0;12;16.0
1982-12-12;14.0;12;14.0
1982-12-13;15.0;12;15.0
1982-12-14;15.0;12;15.0
1982-12-15;14.0;12;14.0
1982-12-16;18.0;12;18.0
1982-12-17;14.0;12;14.0
1982-12-18;14.0;12;14.0
1982-12-19;15.0;12;15.0
1982-12-20;15.0;12;15.0
1982-12-21;14.0;12;14.0
1982-12-22;13.0;12;13.0
1982-12-23;13.0;12;13.0
1982-12-24;13.0;12;13.0
1982-12-25;13.0;12;13.0
1982-12-26;12.0;12;12.0
1982-12-27;11.0;12;11.0
1982-12-28;12.0;12;12.0
1982-12-29;28.0;12;28.0
1982-12-30;19.0;12;19.0
1982-12-31;14.0;12;14.0
1983-01-01;20.0;1;20.0
1983-01-02;63.0;1;63.0
1983-01-03;22.0;1;22.0
1983-01-04;22.0;1;22.0
1983-01-05;21.0;1;21.0
1983-01-06;23.0;1;23.0
1983-01-07;58.0;1;58.0
1983-01-08;28.0;1;28.0
1983-01-09;33.0;1;33.0
1983-01-10;34.0;1;34.0
1983-01-11;40.0;1;40.0
1983-01-12;28.0;1;28.0
1983-01-13;27.0;1;27.0
1983-01-14;25.0;1;25.0
1983-01-15;22.0;1;22.0
1983-01-16;22.0;1;22.0
1983-01-17;22.0;1;22.0
1983-01-18;22.0;1;22.0
1983-01-19;21.0;1;21.0
1983-01-20;27.0;1;27.0
1983-01-21;22.0;1;22.0
1983-01-22;22.0;1;22.0
1983-01-23;21.0;1;21.0
1983-01-24;20.0;1;20.0
1983-01-25;21.0;1;21.0
1983-01-26;19.0;1;19.0
1983-01-27;19.0;1;19.0
1983-01-28;18.0;1;18.0
1983-01-29;18.0;1;18.0
1983-01-30;17.0;1;17.0
1983-01-31;20.0;1;20.0
1983-02-01;19.0;2;19.0
1983-02-02;18.0;2;18.0
1983-02-03;17.0;2;17.0
1983-02-04;18.0;2;18.0
1983-02-05;18.0;2;18.0
1983-02-06;43.0;2;43.0
1983-02-07;18.0;2;18.0
1983-02-08;21.0;2;21.0
1983-02-09;19.0;2;19.0
1983-02-10;18.0;2;18.0
1983-02-11;19.0;2;19.0
1983-02-12;17.0;2;17.0
1983-02-13;17.0;2;17.0
1983-02-14;16.0;2;16.0
1983-02-15;15.0;2;15.0
1983-02-16;15.0;2;15.0
1983-02-17;15.0;2;15.0
1983-02-18;111.0;2;111.0
1983-02-19;79.0;2;79.0
1983-02-20;36.0;2;36.0
1983-02-21;21.0;2;21.0
1983-02-22;23.0;2;23.0
1983-02-23;43.0;2;43.0
1983-02-24;55.0;2;55.0
1983-02-25;47.0;2;47.0
1983-02-26;54.0;2;54.0
1983-02-27;44.0;2;44.0
1983-02-28;41.0;2;41.0
1983-03-01;38.0;3;38.0
1983-03-02;31.0;3;31.0
1983-03-03;43.0;3;43.0
1983-03-04;51.0;3;51.0
1983-03-05;35.0;3;35.0
1983-03-06;29.0;3;29.0
1983-03-07;42.0;3;42.0
1983-03-08;26.0;3;26.0
1983-03-09;27.0;3;27.0
1983-03-10;24.0;3;24.0
1983-03-11;23.0;3;23.0
1983-03-12;22.0;3;22.0
1983-03-13;22.0;3;22.0
1983-03-14;68.0;3;68.0
1983-03-15;55.0;3;55.0
1983-03-16;34.0;3;34.0
1983-03-17;29.0;3;29.0
1983-03-18;27.0;3;27.0
1983-03-19;26.0;3;26.0
1983-03-20;24.0;3;24.0
1983-03-21;39.0;3;39.0
1983-03-22;25.0;3;25.0
1983-03-23;25.0;3;25.0
1983-03-24;37.0;3;37.0
1983-03-25;26.0;3;26.0
1983-03-26;23.0;3;23.0
1983-03-27;21.0;3;21.0
1983-03-28;27.0;3;27.0
1983-03-29;24.0;3;24.0
1983-03-30;22.0;3;22.0
1983-03-31;20.0;3;20.0
1983-04-01;19.0;4;19.0
1983-04-02;23.0;4;23.0
1983-04-03;20.0;4;20.0
1983-04-04;19.0;4;19.0
1983-04-05;19.0;4;19.0
1983-04-06;25.0;4;25.0
1983-04-07;23.0;4;23.0
1983-04-08;47.0;4;47.0
1983-04-09;71.0;4;71.0
1983-04-10;39.0;4;39.0
1983-04-11;32.0;4;32.0
1983-04-12;28.0;4;28.0
1983-04-13;25.0;4;25.0
1983-04-14;61.0;4;61.0
1983-04-15;47.0;4;47.0
1983-04-16;38.0;4;38.0
1983-04-17;83.0;4;83.0
1983-04-18;28.0;4;28.0
1983-04-19;33.0;4;33.0
1983-04-20;31.0;4;31.0
1983-04-21;31.0;4;31.0
1983-04-22;54.0;4;54.0
1983-04-23;48.0;4;48.0
1983-04-24;48.0;4;48.0
1983-04-25;30.0;4;30.0
1983-04-26;55.0;4;55.0
1983-04-27;77.0;4;77.0
1983-04-28;42.0;4;42.0
1983-04-29;48.0;4;48.0
1983-04-30;47.0;4;47.0
1983-05-01;59.0;5;59.0
1983-05-02;51.0;5;51.0
1983-05-03;39.0;5;39.0
1983-05-04;41.0;5;41.0
1983-05-05;35.0;5;35.0
1983-05-06;51.0;5;51.0
1983-05-07;44.0;5;44.0
1983-05-08;40.0;5;40.0
1983-05-09;39.0;5;39.0
1983-05-10;38.0;5;38.0
1983-05-11;92.0;5;92.0
1983-05-12;43.0;5;43.0
1983-05-13;51.0;5;51.0
1983-05-14;54.0;5;54.0
1983-05-15;40.0;5;40.0
1983-05-16;44.0;5;44.0
1983-05-17;35.0;5;35.0
1983-05-18;43.0;5;43.0
1983-05-19;45.0;5;45.0
1983-05-20;35.0;5;35.0
1983-05-21;43.0;5;43.0
1983-05-22;51.0;5;51.0
1983-05-23;48.0;5;48.0
1983-05-24;36.0;5;36.0
1983-05-25;142.0;5;142.0
1983-05-26;51.0;5;51.0
1983-05-27;69.0;5;69.0
1983-05-28;72.0;5;72.0
1983-05-29;54.0;5;54.0
1983-05-30;47.0;5;47.0
1983-05-31;41.0;5;41.0
1983-06-01;44.0;6;44.0
1983-06-02;64.0;6;64.0
1983-06-03;53.0;6;53.0
1983-06-04;50.0;6;50.0
1983-06-05;48.0;6;48.0
1983-06-06;45.0;6;45.0
1983-06-07;43.0;6;43.0
1983-06-08;38.0;6;38.0
1983-06-09;33.0;6;33.0
1983-06-10;33.0;6;33.0
1983-06-11;45.0;6;45.0
1983-06-12;36.0;6;36.0
1983-06-13;37.0;6;37.0
1983-06-14;35.0;6;35.0
1983-06-15;36.0;6;36.0
1983-06-16;126.0;6;126.0
1983-06-17;63.0;6;63.0
1983-06-18;50.0;6;50.0
1983-06-19;42.0;6;42.0
1983-06-20;42.0;6;42.0
1983-06-21;39.0;6;39.0
1983-06-22;55.0;6;55.0
1983-06-23;90.0;6;90.0
1983-06-24;52.0;6;52.0
1983-06-25;38.0;6;38.0
1983-06-26;49.0;6;49.0
1983-06-27;39.0;6;39.0
1983-06-28;38.0;6;38.0
1983-06-29;57.0;6;57.0
1983-06-30;38.0;6;38.0
1983-07-01;37.0;7;37.0
1983-07-02;45.0;7;45.0
1983-07-03;34.0;7;34.0
1983-07-04;35.0;7;35.0
1983-07-05;42.0;7;42.0
1983-07-06;40.0;7;40.0
1983-07-07;37.0;7;37.0
1983-07-08;37.0;7;37.0
1983-07-09;29.0;7;29.0
1983-07-10;32.0;7;32.0
1983-07-11;34.0;7;34.0
1983-07-12;35.0;7;35.0
1983-07-13;33.0;7;33.0
1983-07-14;30.0;7;30.0
1983-07-15;28.0;7;28.0
1983-07-16;31.0;7;31.0
1983-07-17;41.0;7;41.0
1983-07-18;30.0;7;30.0
1983-07-19;37.0;7;37.0
1983-07-20;32.0;7;32.0
1983-07-21;63.0;7;63.0
1983-07-22;50.0;7;50.0
1983-07-23;44.0;7;44.0
1983-07-24;43.0;7;43.0
1983-07-25;45.0;7;45.0
1983-07-26;45.0;7;45.0
1983-07-27;59.0;7;59.0
1983-07-28;38.0;7;38.0
1983-07-29;36.0;7;36.0
1983-07-30;38.0;7;38.0
1983-07-31;152.0;7;152.0
1983-08-01;42.0;8;42.0
1983-08-02;41.0;8;41.0
1983-08-03;43.0;8;43.0
1983-08-04;42.0;8;42.0
1983-08-05;46.0;8;46.0
1983-08-06;44.0;8;44.0
1983-08-07;44.0;8;44.0
1983-08-08;46.0;8;46.0
1983-08-09;42.0;8;42.0
1983-08-10;57.0;8;57.0
1983-08-11;51.0;8;51.0
1983-08-12;58.0;8;58.0
1983-08-13;40.0;8;40.0
1983-08-14;43.0;8;43.0
1983-08-15;43.0;8;43.0
1983-08-16;44.0;8;44.0
1983-08-17;41.0;8;41.0
1983-08-18;39.0;8;39.0
1983-08-19;31.0;8;31.0
1983-08-20;43.0;8;43.0
1983-08-21;45.0;8;45.0
1983-08-22;43.0;8;43.0
1983-08-23;119.0;8;119.0
1983-08-24;45.0;8;45.0
1983-08-25;42.0;8;42.0
1983-08-26;38.0;8;38.0
1983-08-27;32.0;8;32.0
1983-08-28;31.0;8;31.0
1983-08-29;37.0;8;37.0
1983-08-30;34.0;8;34.0
1983-08-31;31.0;8;31.0
1983-09-01;28.0;9;28.0
1983-09-02;30.0;9;30.0
1983-09-03;35.0;9;35.0
1983-09-04;28.0;9;28.0
1983-09-05;30.0;9;30.0
1983-09-06;30.0;9;30.0
1983-09-07;44.0;9;44.0
1983-09-08;28.0;9;28.0
1983-09-09;28.0;9;28.0
1983-09-10;32.0;9;32.0
1983-09-11;33.0;9;33.0
1983-09-12;29.0;9;29.0
1983-09-13;43.0;9;43.0
1983-09-14;46.0;9;46.0
1983-09-15;33.0;9;33.0
1983-09-16;37.0;9;37.0
1983-09-17;53.0;9;53.0
1983-09-18;32.0;9;32.0
1983-09-19;42.0;9;42.0
1983-09-20;32.0;9;32.0
1983-09-21;51.0;9;51.0
1983-09-22;32.0;9;32.0
1983-09-23;33.0;9;33.0
1983-09-24;33.0;9;33.0
1983-09-25;44.0;9;44.0
1983-09-26;35.0;9;35.0
1983-09-27;31.0;9;31.0
1983-09-28;31.0;9;31.0
1983-09-29;48.0;9;48.0
1983-09-30;32.0;9;32.0
1983-10-01;30.0;10;30.0
1983-10-02;30.0;10;30.0
1983-10-03;77.0;10;77.0
1983-10-04;73.0;10;73.0
1983-10-05;72.0;10;72.0
1983-10-06;52.0;10;52.0
1983-10-07;81.0;10;81.0
1983-10-08;36.0;10;36.0
1983-10-09;32.0;10;32.0
1983-10-10;31.0;10;31.0
1983-10-11;29.0;10;29.0
1983-10-12;29.0;10;29.0
1983-10-13;30.0;10;30.0
1983-10-14;34.0;10;34.0
1983-10-15;46.0;10;46.0
1983-10-16;32.0;10;32.0
1983-10-17;31.0;10;31.0
1983-10-18;35.0;10;35.0
1983-10-19;30.0;10;30.0
1983-10-20;29.0;10;29.0
1983-10-21;30.0;10;30.0
1983-10-22;28.0;10;28.0
1983-10-23;27.0;10;27.0
1983-10-24;31.0;10;31.0
1983-10-25;34.0;10;34.0
1983-10-26;30.0;10;30.0
1983-10-27;29.0;10;29.0
1983-10-28;38.0;10;38.0
1983-10-29;31.0;10;31.0
1983-10-30;30.0;10;30.0
1983-10-31;28.0;10;28.0
1983-11-01;27.0;11;27.0
1983-11-02;29.0;11;29.0
1983-11-03;32.0;11;32.0
1983-11-04;30.0;11;30.0
1983-11-05;26.0;11;26.0
1983-11-06;26.0;11;26.0
1983-11-07;29.0;11;29.0
1983-11-08;29.0;11;29.0
1983-11-09;24.0;11;24.0
1983-11-10;22.0;11;22.0
1983-11-11;22.0;11;22.0
1983-11-12;20.0;11;20.0
1983-11-13;21.0;11;21.0
1983-11-14;22.0;11;22.0
1983-11-15;21.0;11;21.0
1983-11-16;23.0;11;23.0
1983-11-17;22.0;11;22.0
1983-11-18;20.0;11;20.0
1983-11-19;30.0;11;30.0
1983-11-20;43.0;11;43.0
1983-11-21;30.0;11;30.0
1983-11-22;22.0;11;22.0
1983-11-23;23.0;11;23.0
1983-11-24;24.0;11;24.0
1983-11-25;29.0;11;29.0
1983-11-26;38.0;11;38.0
1983-11-27;28.0;11;28.0
1983-11-28;26.0;11;26.0
1983-11-29;27.0;11;27.0
1983-11-30;27.0;11;27.0
1983-12-01;35.0;12;35.0
1983-12-02;27.0;12;27.0
1983-12-03;33.0;12;33.0
1983-12-04;32.0;12;32.0
1983-12-05;35.0;12;35.0
1983-12-06;30.0;12;30.0
1983-12-07;25.0;12;25.0
1983-12-08;23.0;12;23.0
1983-12-09;29.0;12;29.0
1983-12-10;25.0;12;25.0
1983-12-11;24.0;12;24.0
1983-12-12;26.0;12;26.0
1983-12-13;32.0;12;32.0
1983-12-14;31.0;12;31.0
1983-12-15;24.0;12;24.0
1983-12-16;27.0;12;27.0
1983-12-17;24.0;12;24.0
1983-12-18;27.0;12;27.0
1983-12-19;24.0;12;24.0
1983-12-20;34.0;12;34.0
1983-12-21;28.0;12;28.0
1983-12-22;25.0;12;25.0
1983-12-23;25.0;12;25.0
1983-12-24;23.0;12;23.0
1983-12-25;31.0;12;31.0
1983-12-26;23.0;12;23.0
1983-12-27;21.0;12;21.0
1983-12-28;19.0;12;19.0
1983-12-29;18.0;12;18.0
1983-12-30;17.0;12;17.0
1983-12-31;17.0;12;17.0
1984-01-01;21.0;1;21.0
1984-01-02;22.0;1;22.0
1984-01-03;41.0;1;41.0
1984-01-04;22.0;1;22.0
1984-01-05;21.0;1;21.0
1984-01-06;44.0;1;44.0
1984-01-07;28.0;1;28.0
1984-01-08;26.0;1;26.0
1984-01-09;22.0;1;22.0
1984-01-10;20.0;1;20.0
1984-01-11;19.0;1;19.0
1984-01-12;17.0;1;17.0
1984-01-13;20.0;1;20.0
1984-01-14;16.0;1;16.0
1984-01-15;15.0;1;15.0
1984-01-16;20.0;1;20.0
1984-01-17;29.0;1;29.0
1984-01-18;18.0;1;18.0
1984-01-19;17.0;1;17.0
1984-01-20;18.0;1;18.0
1984-01-21;18.0;1;18.0
1984-01-22;27.0;1;27.0
1984-01-23;22.0;1;22.0
1984-01-24;20.0;1;20.0
1984-01-25;16.0;1;16.0
1984-01-26;20.0;1;20.0
1984-01-27;17.0;1;17.0
1984-01-28;15.0;1;15.0
1984-01-29;20.0;1;20.0
1984-01-30;15.0;1;15.0
1984-01-31;14.0;1;14.0
1984-02-01;16.0;2;16.0
1984-02-02;17.0;2;17.0
1984-02-03;16.0;2;16.0
1984-02-04;14.0;2;14.0
1984-02-05;16.0;2;16.0
1984-02-06;17.0;2;17.0
1984-02-07;18.0;2;18.0
1984-02-08;15.0;2;15.0
1984-02-09;15.0;2;15.0
1984-02-10;18.0;2;18.0
1984-02-11;14.0;2;14.0
1984-02-12;14.0;2;14.0
1984-02-13;13.0;2;13.0
1984-02-14;13.0;2;13.0
1984-02-15;15.0;2;15.0
1984-02-16;15.0;2;15.0
1984-02-17;17.0;2;17.0
1984-02-18;33.0;2;33.0
1984-02-19;16.0;2;16.0
1984-02-20;24.0;2;24.0
1984-02-21;38.0;2;38.0
1984-02-22;31.0;2;31.0
1984-02-23;23.0;2;23.0
1984-02-24;27.0;2;27.0
1984-02-25;21.0;2;21.0
1984-02-26;26.0;2;26.0
1984-02-27;19.0;2;19.0
1984-02-28;22.0;2;22.0
1984-02-29;38.0;2;38.0
1984-03-01;28.0;3;28.0
1984-03-02;31.0;3;31.0
1984-03-03;20.0;3;20.0
1984-03-04;17.0;3;17.0
1984-03-05;19.0;3;19.0
1984-03-06;21.0;3;21.0
1984-03-07;16.0;3;16.0
1984-03-08;26.0;3;26.0
1984-03-09;17.0;3;17.0
1984-03-10;22.0;3;22.0
1984-03-11;39.0;3;39.0
1984-03-12;24.0;3;24.0
1984-03-13;21.0;3;21.0
1984-03-14;20.0;3;20.0
1984-03-15;20.0;3;20.0
1984-03-16;20.0;3;20.0
1984-03-17;26.0;3;26.0
1984-03-18;22.0;3;22.0
1984-03-19;19.0;3;19.0
1984-03-20;22.0;3;22.0
1984-03-21;22.0;3;22.0
1984-03-22;25.0;3;25.0
1984-03-23;36.0;3;36.0
1984-03-24;25.0;3;25.0
1984-03-25;39.0;3;39.0
1984-03-26;25.0;3;25.0
1984-03-27;21.0;3;21.0
1984-03-28;22.0;3;22.0
1984-03-29;21.0;3;21.0
1984-03-30;50.0;3;50.0
1984-03-31;35.0;3;35.0
1984-04-01;28.0;4;28.0
1984-04-02;22.0;4;22.0
1984-04-03;19.0;4;19.0
1984-04-04;18.0;4;18.0
1984-04-05;19.0;4;19.0
1984-04-06;29.0;4;29.0
1984-04-07;20.0;4;20.0
1984-04-08;21.0;4;21.0
1984-04-09;30.0;4;30.0
1984-04-10;35.0;4;35.0
1984-04-11;102.0;4;102.0
1984-04-12;32.0;4;32.0
1984-04-13;24.0;4;24.0
1984-04-14;27.0;4;27.0
1984-04-15;20.0;4;20.0
1984-04-16;20.0;4;20.0
1984-04-17;27.0;4;27.0
1984-04-18;19.0;4;19.0
1984-04-19;15.0;4;15.0
1984-04-20;15.0;4;15.0
1984-04-21;18.0;4;18.0
1984-04-22;21.0;4;21.0
1984-04-23;33.0;4;33.0
1984-04-24;20.0;4;20.0
1984-04-25;90.0;4;90.0
1984-04-26;91.0;4;91.0
1984-04-27;36.0;4;36.0
1984-04-28;29.0;4;29.0
1984-04-29;25.0;4;25.0
1984-04-30;21.0;4;21.0
1984-05-01;29.0;5;29.0
1984-05-02;30.0;5;30.0
1984-05-03;29.0;5;29.0
1984-05-04;27.0;5;27.0
1984-05-05;26.0;5;26.0
1984-05-06;24.0;5;24.0
1984-05-07;24.0;5;24.0
1984-05-08;26.0;5;26.0
1984-05-09;25.0;5;25.0
1984-05-10;25.0;5;25.0
1984-05-11;37.0;5;37.0
1984-05-12;25.0;5;25.0
1984-05-13;23.0;5;23.0
1984-05-14;24.0;5;24.0
1984-05-15;25.0;5;25.0
1984-05-16;24.0;5;24.0
1984-05-17;23.0;5;23.0
1984-05-18;23.0;5;23.0
1984-05-19;22.0;5;22.0
1984-05-20;23.0;5;23.0
1984-05-21;48.0;5;48.0
1984-05-22;28.0;5;28.0
1984-05-23;24.0;5;24.0
1984-05-24;24.0;5;24.0
1984-05-25;25.0;5;25.0
1984-05-26;28.0;5;28.0
1984-05-27;28.0;5;28.0
1984-05-28;25.0;5;25.0
1984-05-29;24.0;5;24.0
1984-05-30;26.0;5;26.0
1984-05-31;28.0;5;28.0
1984-06-01;29.0;6;29.0
1984-06-02;42.0;6;42.0
1984-06-03;43.0;6;43.0
1984-06-04;32.0;6;32.0
1984-06-05;32.0;6;32.0
1984-06-06;30.0;6;30.0
1984-06-07;41.0;6;41.0
1984-06-08;42.0;6;42.0
1984-06-09;31.0;6;31.0
1984-06-10;32.0;6;32.0
1984-06-11;48.0;6;48.0
1984-06-12;39.0;6;39.0
1984-06-13;61.0;6;61.0
1984-06-14;63.0;6;63.0
1984-06-15;50.0;6;50.0
1984-06-16;42.0;6;42.0
1984-06-17;51.0;6;51.0
1984-06-18;36.0;6;36.0
1984-06-19;36.0;6;36.0
1984-06-20;34.0;6;34.0
1984-06-21;35.0;6;35.0
1984-06-22;34.0;6;34.0
1984-06-23;33.0;6;33.0
1984-06-24;32.0;6;32.0
1984-06-25;32.0;6;32.0
1984-06-26;30.0;6;30.0
1984-06-27;31.0;6;31.0
1984-06-28;66.0;6;66.0
1984-06-29;89.0;6;89.0
1984-06-30;91.0;6;91.0
1984-07-01;130.0;7;130.0
1984-07-02;103.0;7;103.0
1984-07-03;40.0;7;40.0
1984-07-04;47.0;7;47.0
1984-07-05;33.0;7;33.0
1984-07-06;40.0;7;40.0
1984-07-07;42.0;7;42.0
1984-07-08;33.0;7;33.0
1984-07-09;29.0;7;29.0
1984-07-10;35.0;7;35.0
1984-07-11;39.0;7;39.0
1984-07-12;35.0;7;35.0
1984-07-13;32.0;7;32.0
1984-07-14;34.0;7;34.0
1984-07-15;34.0;7;34.0
1984-07-16;37.0;7;37.0
1984-07-17;37.0;7;37.0
1984-07-18;51.0;7;51.0
1984-07-19;70.0;7;70.0
1984-07-20;61.0;7;61.0
1984-07-21;48.0;7;48.0
1984-07-22;32.0;7;32.0
1984-07-23;40.0;7;40.0
1984-07-24;39.0;7;39.0
1984-07-25;213.0;7;213.0
1984-07-26;129.0;7;129.0
1984-07-27;80.0;7;80.0
1984-07-28;65.0;7;65.0
1984-07-29;87.0;7;87.0
1984-07-30;91.0;7;91.0
1984-07-31;66.0;7;66.0
1984-08-01;51.0;8;51.0
1984-08-02;54.0;8;54.0
1984-08-03;41.0;8;41.0
1984-08-04;42.0;8;42.0
1984-08-05;45.0;8;45.0
1984-08-06;57.0;8;57.0
1984-08-07;70.0;8;70.0
1984-08-08;120.0;8;120.0
1984-08-09;60.0;8;60.0
1984-08-10;46.0;8;46.0
1984-08-11;87.0;8;87.0
1984-08-12;56.0;8;56.0
1984-08-13;49.0;8;49.0
1984-08-14;42.0;8;42.0
1984-08-15;67.0;8;67.0
1984-08-16;48.0;8;48.0
1984-08-17;42.0;8;42.0
1984-08-18;34.0;8;34.0
1984-08-19;34.0;8;34.0
1984-08-20;34.0;8;34.0
1984-08-21;37.0;8;37.0
1984-08-22;37.0;8;37.0
1984-08-23;30.0;8;30.0
1984-08-24;31.0;8;31.0
1984-08-25;36.0;8;36.0
1984-08-26;44.0;8;44.0
1984-08-27;65.0;8;65.0
1984-08-28;42.0;8;42.0
1984-08-29;39.0;8;39.0
1984-08-30;33.0;8;33.0
1984-08-31;33.0;8;33.0
1984-09-01;40.0;9;40.0
1984-09-02;51.0;9;51.0
1984-09-03;37.0;9;37.0
1984-09-04;35.0;9;35.0
1984-09-05;31.0;9;31.0
1984-09-06;29.0;9;29.0
1984-09-07;29.0;9;29.0
1984-09-08;28.0;9;28.0
1984-09-09;28.0;9;28.0
1984-09-10;98.0;9;98.0
1984-09-11;40.0;9;40.0
1984-09-12;34.0;9;34.0
1984-09-13;33.0;9;33.0
1984-09-14;33.0;9;33.0
1984-09-15;32.0;9;32.0
1984-09-16;35.0;9;35.0
1984-09-17;33.0;9;33.0
1984-09-18;34.0;9;34.0
1984-09-19;32.0;9;32.0
1984-09-20;30.0;9;30.0
1984-09-21;36.0;9;36.0
1984-09-22;53.0;9;53.0
1984-09-23;35.0;9;35.0
1984-09-24;31.0;9;31.0
1984-09-25;29.0;9;29.0
1984-09-26;31.0;9;31.0
1984-09-27;32.0;9;32.0
1984-09-28;34.0;9;34.0
1984-09-29;54.0;9;54.0
1984-09-30;100.0;9;100.0
1984-10-01;36.0;10;36.0
1984-10-02;79.0;10;79.0
1984-10-03;54.0;10;54.0
1984-10-04;35.0;10;35.0
1984-10-05;34.0;10;34.0
1984-10-06;34.0;10;34.0
1984-10-07;32.0;10;32.0
1984-10-08;36.0;10;36.0
1984-10-09;39.0;10;39.0
1984-10-10;70.0;10;70.0
1984-10-11;40.0;10;40.0
1984-10-12;36.0;10;36.0
1984-10-13;33.0;10;33.0
1984-10-14;32.0;10;32.0
1984-10-15;34.0;10;34.0
1984-10-16;39.0;10;39.0
1984-10-17;42.0;10;42.0
1984-10-18;40.0;10;40.0
1984-10-19;39.0;10;39.0
1984-10-20;38.0;10;38.0
1984-10-21;34.0;10;34.0
1984-10-22;37.0;10;37.0
1984-10-23;32.0;10;32.0
1984-10-24;31.0;10;31.0
1984-10-25;29.0;10;29.0
1984-10-26;56.0;10;56.0
1984-10-27;36.0;10;36.0
1984-10-28;31.0;10;31.0
1984-10-29;29.0;10;29.0
1984-10-30;29.0;10;29.0
1984-10-31;31.0;10;31.0
1984-11-01;29.0;11;29.0
1984-11-02;26.0;11;26.0
1984-11-03;24.0;11;24.0
1984-11-04;24.0;11;24.0
1984-11-05;25.0;11;25.0
1984-11-06;26.0;11;26.0
1984-11-07;22.0;11;22.0
1984-11-08;21.0;11;21.0
1984-11-09;21.0;11;21.0
1984-11-10;21.0;11;21.0
1984-11-11;23.0;11;23.0
1984-11-12;22.0;11;22.0
1984-11-13;20.0;11;20.0
1984-11-14;24.0;11;24.0
1984-11-15;21.0;11;21.0
1984-11-16;18.0;11;18.0
1984-11-17;21.0;11;21.0
1984-11-18;20.0;11;20.0
1984-11-19;29.0;11;29.0
1984-11-20;46.0;11;46.0
1984-11-21;21.0;11;21.0
1984-11-22;21.0;11;21.0
1984-11-23;21.0;11;21.0
1984-11-24;20.0;11;20.0
1984-11-25;27.0;11;27.0
1984-11-26;25.0;11;25.0
1984-11-27;24.0;11;24.0
1984-11-28;32.0;11;32.0
1984-11-29;29.0;11;29.0
1984-11-30;27.0;11;27.0
1984-12-01;27.0;12;27.0
1984-12-02;27.0;12;27.0
1984-12-03;20.0;12;20.0
1984-12-04;18.0;12;18.0
1984-12-05;18.0;12;18.0
1984-12-06;17.0;12;17.0
1984-12-07;17.0;12;17.0
1984-12-08;19.0;12;19.0
1984-12-09;18.0;12;18.0
1984-12-10;19.0;12;19.0
1984-12-11;17.0;12;17.0
1984-12-12;16.0;12;16.0
1984-12-13;15.0;12;15.0
1984-12-14;19.0;12;19.0
1984-12-15;15.0;12;15.0
1984-12-16;15.0;12;15.0
1984-12-17;20.0;12;20.0
1984-12-18;33.0;12;33.0
1984-12-19;91.0;12;91.0
1984-12-20;34.0;12;34.0
1984-12-21;44.0;12;44.0
1984-12-22;48.0;12;48.0
1984-12-23;24.0;12;24.0
1984-12-24;26.0;12;26.0
1984-12-25;25.0;12;25.0
1984-12-26;18.0;12;18.0
1984-12-27;22.0;12;22.0
1984-12-28;20.0;12;20.0
1984-12-29;21.0;12;21.0
1984-12-30;22.0;12;22.0
1984-12-31;18.0;12;18.0
1985-01-01;16.0;1;16.0
1985-01-02;16.0;1;16.0
1985-01-03;18.0;1;18.0
1985-01-04;17.0;1;17.0
1985-01-05;15.0;1;15.0
1985-01-06;13.0;1;13.0
1985-01-07;14.0;1;14.0
1985-01-08;13.0;1;13.0
1985-01-09;15.0;1;15.0
1985-01-10;16.0;1;16.0
1985-01-11;17.0;1;17.0
1985-01-12;16.0;1;16.0
1985-01-13;15.0;1;15.0
1985-01-14;14.0;1;14.0
1985-01-15;12.0;1;12.0
1985-01-16;16.0;1;16.0
1985-01-17;18.0;1;18.0
1985-01-18;18.0;1;18.0
1985-01-19;18.0;1;18.0
1985-01-20;19.0;1;19.0
1985-01-21;17.0;1;17.0
1985-01-22;14.0;1;14.0
1985-01-23;21.0;1;21.0
1985-01-24;13.0;1;13.0
1985-01-25;14.0;1;14.0
1985-01-26;13.0;1;13.0
1985-01-27;13.0;1;13.0
1985-01-28;15.0;1;15.0
1985-01-29;16.0;1;16.0
1985-01-30;17.0;1;17.0
1985-01-31;17.0;1;17.0
1985-02-01;12.0;2;12.0
1985-02-02;12.0;2;12.0
1985-02-03;11.0;2;11.0
1985-02-04;10.0;2;10.0
1985-02-05;10.0;2;10.0
1985-02-06;12.0;2;12.0
1985-02-07;12.0;2;12.0
1985-02-08;12.0;2;12.0
1985-02-09;15.0;2;15.0
1985-02-10;22.0;2;22.0
1985-02-11;29.0;2;29.0
1985-02-12;17.0;2;17.0
1985-02-13;14.0;2;14.0
1985-02-14;14.0;2;14.0
1985-02-15;12.0;2;12.0
1985-02-16;11.0;2;11.0
1985-02-17;10.0;2;10.0
1985-02-18;10.0;2;10.0
1985-02-19;11.0;2;11.0
1985-02-20;12.0;2;12.0
1985-02-21;12.0;2;12.0
1985-02-22;11.0;2;11.0
1985-02-23;9.0;2;9.0
1985-02-24;11.0;2;11.0
1985-02-25;12.0;2;12.0
1985-02-26;11.0;2;11.0
1985-02-27;8.0;2;8.0
1985-02-28;8.0;2;8.0
1985-03-01;17.0;3;17.0
1985-03-02;16.0;3;16.0
1985-03-03;26.0;3;26.0
1985-03-04;16.0;3;16.0
1985-03-05;16.0;3;16.0
1985-03-06;25.0;3;25.0
1985-03-07;18.0;3;18.0
1985-03-08;13.0;3;13.0
1985-03-09;13.0;3;13.0
1985-03-10;11.0;3;11.0
1985-03-11;10.0;3;10.0
1985-03-12;10.0;3;10.0
1985-03-13;10.0;3;10.0
1985-03-14;10.0;3;10.0
1985-03-15;10.0;3;10.0
1985-03-16;10.0;3;10.0
1985-03-17;9.0;3;9.0
1985-03-18;10.0;3;10.0
1985-03-19;10.0;3;10.0
1985-03-20;8.0;3;8.0
1985-03-21;8.0;3;8.0
1985-03-22;8.0;3;8.0
1985-03-23;8.0;3;8.0
1985-03-24;8.0;3;8.0
1985-03-25;8.0;3;8.0
1985-03-26;8.0;3;8.0
1985-03-27;27.0;3;27.0
1985-03-28;24.0;3;24.0
1985-03-29;15.0;3;15.0
1985-03-30;12.0;3;12.0
1985-03-31;10.0;3;10.0
1985-04-01;10.0;4;10.0
1985-04-02;10.0;4;10.0
1985-04-03;9.0;4;9.0
1985-04-04;8.0;4;8.0
1985-04-05;13.0;4;13.0
1985-04-06;15.0;4;15.0
1985-04-07;16.0;4;16.0
1985-04-08;12.0;4;12.0
1985-04-09;35.0;4;35.0
1985-04-10;18.0;4;18.0
1985-04-11;15.0;4;15.0
1985-04-12;14.0;4;14.0
1985-04-13;14.0;4;14.0
1985-04-14;13.0;4;13.0
1985-04-15;14.0;4;14.0
1985-04-16;28.0;4;28.0
1985-04-17;16.0;4;16.0
1985-04-18;15.0;4;15.0
1985-04-19;16.0;4;16.0
1985-04-20;17.0;4;17.0
1985-04-21;34.0;4;34.0
1985-04-22;21.0;4;21.0
1985-04-23;17.0;4;17.0
1985-04-24;25.0;4;25.0
1985-04-25;23.0;4;23.0
1985-04-26;23.0;4;23.0
1985-04-27;49.0;4;49.0
1985-04-28;22.0;4;22.0
1985-04-29;20.0;4;20.0
1985-04-30;29.0;4;29.0
1985-05-01;24.0;5;24.0
1985-05-02;25.0;5;25.0
1985-05-03;19.0;5;19.0
1985-05-04;54.0;5;54.0
1985-05-05;33.0;5;33.0
1985-05-06;34.0;5;34.0
1985-05-07;30.0;5;30.0
1985-05-08;27.0;5;27.0
1985-05-09;26.0;5;26.0
1985-05-10;25.0;5;25.0
1985-05-11;34.0;5;34.0
1985-05-12;22.0;5;22.0
1985-05-13;21.0;5;21.0
1985-05-14;84.0;5;84.0
1985-05-15;38.0;5;38.0
1985-05-16;28.0;5;28.0
1985-05-17;27.0;5;27.0
1985-05-18;28.0;5;28.0
1985-05-19;28.0;5;28.0
1985-05-20;28.0;5;28.0
1985-05-21;23.0;5;23.0
1985-05-22;24.0;5;24.0
1985-05-23;57.0;5;57.0
1985-05-24;30.0;5;30.0
1985-05-25;29.0;5;29.0
1985-05-26;45.0;5;45.0
1985-05-27;33.0;5;33.0
1985-05-28;31.0;5;31.0
1985-05-29;58.0;5;58.0
1985-05-30;104.0;5;104.0
1985-05-31;52.0;5;52.0
1985-06-01;68.0;6;68.0
1985-06-02;54.0;6;54.0
1985-06-03;44.0;6;44.0
1985-06-04;40.0;6;40.0
1985-06-05;37.0;6;37.0
1985-06-06;87.0;6;87.0
1985-06-07;80.0;6;80.0
1985-06-08;101.0;6;101.0
1985-06-09;126.0;6;126.0
1985-06-10;100.0;6;100.0
1985-06-11;87.0;6;87.0
1985-06-12;59.0;6;59.0
1985-06-13;77.0;6;77.0
1985-06-14;69.0;6;69.0
1985-06-15;48.0;6;48.0
1985-06-16;47.0;6;47.0
1985-06-17;45.0;6;45.0
1985-06-18;91.0;6;91.0
1985-06-19;64.0;6;64.0
1985-06-20;96.0;6;96.0
1985-06-21;91.0;6;91.0
1985-06-22;58.0;6;58.0
1985-06-23;73.0;6;73.0
1985-06-24;60.0;6;60.0
1985-06-25;76.0;6;76.0
1985-06-26;79.0;6;79.0
1985-06-27;144.0;6;144.0
1985-06-28;123.0;6;123.0
1985-06-29;165.0;6;165.0
1985-06-30;127.0;6;127.0
1985-07-01;40.0;7;40.0
1985-07-02;92.0;7;92.0
1985-07-03;70.0;7;70.0
1985-07-04;77.0;7;77.0
1985-07-05;41.0;7;41.0
1985-07-06;38.0;7;38.0
1985-07-07;89.0;7;89.0
1985-07-08;46.0;7;46.0
1985-07-09;43.0;7;43.0
1985-07-10;43.0;7;43.0
1985-07-11;88.0;7;88.0
1985-07-12;94.0;7;94.0
1985-07-13;108.0;7;108.0
1985-07-14;181.0;7;181.0
1985-07-15;141.0;7;141.0
1985-07-16;122.0;7;122.0
1985-07-17;112.0;7;112.0
1985-07-18;102.0;7;102.0
1985-07-19;60.0;7;60.0
1985-07-20;43.0;7;43.0
1985-07-21;66.0;7;66.0
1985-07-22;50.0;7;50.0
1985-07-23;49.0;7;49.0
1985-07-24;63.0;7;63.0
1985-07-25;49.0;7;49.0
1985-07-26;44.0;7;44.0
1985-07-27;43.0;7;43.0
1985-07-28;39.0;7;39.0
1985-07-29;54.0;7;54.0
1985-07-30;37.0;7;37.0
1985-07-31;49.0;7;49.0
1985-08-01;41.0;8;41.0
1985-08-02;43.0;8;43.0
1985-08-03;103.0;8;103.0
1985-08-04;109.0;8;109.0
1985-08-05;52.0;8;52.0
1985-08-06;42.0;8;42.0
1985-08-07;52.0;8;52.0
1985-08-08;43.0;8;43.0
1985-08-09;81.0;8;81.0
1985-08-10;62.0;8;62.0
1985-08-11;47.0;8;47.0
1985-08-12;53.0;8;53.0
1985-08-13;44.0;8;44.0
1985-08-14;53.0;8;53.0
1985-08-15;47.0;8;47.0
1985-08-16;66.0;8;66.0
1985-08-17;53.0;8;53.0
1985-08-18;45.0;8;45.0
1985-08-19;47.0;8;47.0
1985-08-20;65.0;8;65.0
1985-08-21;88.0;8;88.0
1985-08-22;57.0;8;57.0
1985-08-23;55.0;8;55.0
1985-08-24;49.0;8;49.0
1985-08-25;46.0;8;46.0
1985-08-26;42.0;8;42.0
1985-08-27;38.0;8;38.0
1985-08-28;38.0;8;38.0
1985-08-29;93.0;8;93.0
1985-08-30;42.0;8;42.0
1985-08-31;37.0;8;37.0
1985-09-01;38.0;9;38.0
1985-09-02;62.0;9;62.0
1985-09-03;52.0;9;52.0
1985-09-04;67.0;9;67.0
1985-09-05;43.0;9;43.0
1985-09-06;36.0;9;36.0
1985-09-07;33.0;9;33.0
1985-09-08;32.0;9;32.0
1985-09-09;28.0;9;28.0
1985-09-10;30.0;9;30.0
1985-09-11;26.0;9;26.0
1985-09-12;26.0;9;26.0
1985-09-13;28.0;9;28.0
1985-09-14;26.0;9;26.0
1985-09-15;24.0;9;24.0
1985-09-16;29.0;9;29.0
1985-09-17;25.0;9;25.0
1985-09-18;25.0;9;25.0
1985-09-19;23.0;9;23.0
1985-09-20;26.0;9;26.0
1985-09-21;24.0;9;24.0
1985-09-22;25.0;9;25.0
1985-09-23;25.0;9;25.0
1985-09-24;24.0;9;24.0
1985-09-25;39.0;9;39.0
1985-09-26;27.0;9;27.0
1985-09-27;24.0;9;24.0
1985-09-28;25.0;9;25.0
1985-09-29;23.0;9;23.0
1985-09-30;23.0;9;23.0
1985-10-01;22.0;10;22.0
1985-10-02;21.0;10;21.0
1985-10-03;21.0;10;21.0
1985-10-04;29.0;10;29.0
1985-10-05;21.0;10;21.0
1985-10-06;21.0;10;21.0
1985-10-07;20.0;10;20.0
1985-10-08;19.0;10;19.0
1985-10-09;24.0;10;24.0
1985-10-10;34.0;10;34.0
1985-10-11;21.0;10;21.0
1985-10-12;20.0;10;20.0
1985-10-13;20.0;10;20.0
1985-10-14;22.0;10;22.0
1985-10-15;19.0;10;19.0
1985-10-16;30.0;10;30.0
1985-10-17;25.0;10;25.0
1985-10-18;21.0;10;21.0
1985-10-19;21.0;10;21.0
1985-10-20;30.0;10;30.0
1985-10-21;31.0;10;31.0
1985-10-22;21.0;10;21.0
1985-10-23;40.0;10;40.0
1985-10-24;31.0;10;31.0
1985-10-25;28.0;10;28.0
1985-10-26;24.0;10;24.0
1985-10-27;25.0;10;25.0
1985-10-28;25.0;10;25.0
1985-10-29;22.0;10;22.0
1985-10-30;21.0;10;21.0
1985-10-31;20.0;10;20.0
1985-11-01;19.0;11;19.0
1985-11-02;18.0;11;18.0
1985-11-03;17.0;11;17.0
1985-11-04;18.0;11;18.0
1985-11-05;19.0;11;19.0
1985-11-06;22.0;11;22.0
1985-11-07;26.0;11;26.0
1985-11-08;19.0;11;19.0
1985-11-09;15.0;11;15.0
1985-11-10;17.0;11;17.0
1985-11-11;17.0;11;17.0
1985-11-12;12.0;11;12.0
1985-11-13;15.0;11;15.0
1985-11-14;36.0;11;36.0
1985-11-15;12.0;11;12.0
1985-11-16;21.0;11;21.0
1985-11-17;26.0;11;26.0
1985-11-18;19.0;11;19.0
1985-11-19;15.0;11;15.0
1985-11-20;12.0;11;12.0
1985-11-21;11.0;11;11.0
1985-11-22;10.0;11;10.0
1985-11-23;10.0;11;10.0
1985-11-24;9.0;11;9.0
1985-11-25;8.0;11;8.0
1985-11-26;9.0;11;9.0
1985-11-27;10.0;11;10.0
1985-11-28;9.0;11;9.0
1985-11-29;9.0;11;9.0
1985-11-30;10.0;11;10.0
1985-12-01;13.0;12;13.0
1985-12-02;14.0;12;14.0
1985-12-03;16.0;12;16.0
1985-12-04;17.0;12;17.0
1985-12-05;26.0;12;26.0
1985-12-06;17.0;12;17.0
1985-12-07;15.0;12;15.0
1985-12-08;15.0;12;15.0
1985-12-09;13.0;12;13.0
1985-12-10;12.0;12;12.0
1985-12-11;9.0;12;9.0
1985-12-12;9.0;12;9.0
1985-12-13;11.0;12;11.0
1985-12-14;11.0;12;11.0
1985-12-15;12.0;12;12.0
1985-12-16;12.0;12;12.0
1985-12-17;10.0;12;10.0
1985-12-18;7.0;12;7.0
1985-12-19;7.0;12;7.0
1985-12-20;7.0;12;7.0
1985-12-21;10.0;12;10.0
1985-12-22;11.0;12;11.0
1985-12-23;8.0;12;8.0
1985-12-24;7.0;12;7.0
1985-12-25;7.0;12;7.0
1985-12-26;7.0;12;7.0
1985-12-27;6.0;12;6.0
1985-12-28;7.0;12;7.0
1985-12-29;10.0;12;10.0
1985-12-30;7.0;12;7.0
1985-12-31;7.0;12;7.0
1986-01-01;8.0;1;8.0
1986-01-02;6.0;1;6.0
1986-01-03;10.0;1;10.0
1986-01-04;8.0;1;8.0
1986-01-05;8.0;1;8.0
1986-01-06;6.0;1;6.0
1986-01-07;6.0;1;6.0
1986-01-08;6.0;1;6.0
1986-01-09;6.0;1;6.0
1986-01-10;6.0;1;6.0
1986-01-11;6.0;1;6.0
1986-01-12;6.0;1;6.0
1986-01-13;6.0;1;6.0
1986-01-14;6.0;1;6.0
1986-01-15;6.0;1;6.0
1986-01-16;8.0;1;8.0
1986-01-17;6.0;1;6.0
1986-01-18;5.0;1;5.0
1986-01-19;6.0;1;6.0
1986-01-20;5.0;1;5.0
1986-01-21;6.0;1;6.0
1986-01-22;14.0;1;14.0
1986-01-23;9.0;1;9.0
1986-01-24;12.0;1;12.0
1986-01-25;16.0;1;16.0
1986-01-26;14.0;1;14.0
1986-01-27;18.0;1;18.0
1986-01-28;30.0;1;30.0
1986-01-29;17.0;1;17.0
1986-01-30;15.0;1;15.0
1986-01-31;10.0;1;10.0
1986-02-01;12.0;2;12.0
1986-02-02;11.0;2;11.0
1986-02-03;13.0;2;13.0
1986-02-04;12.0;2;12.0
1986-02-05;14.0;2;14.0
1986-02-06;12.0;2;12.0
1986-02-07;10.0;2;10.0
1986-02-08;11.0;2;11.0
1986-02-09;9.0;2;9.0
1986-02-10;10.0;2;10.0
1986-02-11;12.0;2;12.0
1986-02-12;11.0;2;11.0
1986-02-13;11.0;2;11.0
1986-02-14;12.0;2;12.0
1986-02-15;13.0;2;13.0
1986-02-16;13.0;2;13.0
1986-02-17;12.0;2;12.0
1986-02-18;16.0;2;16.0
1986-02-19;16.0;2;16.0
1986-02-20;15.0;2;15.0
1986-02-21;16.0;2;16.0
1986-02-22;20.0;2;20.0
1986-02-23;33.0;2;33.0
1986-02-24;17.0;2;17.0
1986-02-25;13.0;2;13.0
1986-02-26;10.0;2;10.0
1986-02-27;13.0;2;13.0
1986-02-28;24.0;2;24.0
1986-03-01;16.0;3;16.0
1986-03-02;12.0;3;12.0
1986-03-03;10.0;3;10.0
1986-03-04;12.0;3;12.0
1986-03-05;15.0;3;15.0
1986-03-06;10.0;3;10.0
1986-03-07;19.0;3;19.0
1986-03-08;14.0;3;14.0
1986-03-09;13.0;3;13.0
1986-03-10;27.0;3;27.0
1986-03-11;13.0;3;13.0
1986-03-12;10.0;3;10.0
1986-03-13;42.0;3;42.0
1986-03-14;19.0;3;19.0
1986-03-15;13.0;3;13.0
1986-03-16;12.0;3;12.0
1986-03-17;14.0;3;14.0
1986-03-18;11.0;3;11.0
1986-03-19;15.0;3;15.0
1986-03-20;60.0;3;60.0
1986-03-21;19.0;3;19.0
1986-03-22;15.0;3;15.0
1986-03-23;14.0;3;14.0
1986-03-24;29.0;3;29.0
1986-03-25;17.0;3;17.0
1986-03-26;20.0;3;20.0
1986-03-27;24.0;3;24.0
1986-03-28;63.0;3;63.0
1986-03-29;24.0;3;24.0
1986-03-30;26.0;3;26.0
1986-03-31;26.0;3;26.0
1986-04-01;23.0;4;23.0
1986-04-02;19.0;4;19.0
1986-04-03;27.0;4;27.0
1986-04-04;27.0;4;27.0
1986-04-05;30.0;4;30.0
1986-04-06;24.0;4;24.0
1986-04-07;34.0;4;34.0
1986-04-08;24.0;4;24.0
1986-04-09;25.0;4;25.0
1986-04-10;27.0;4;27.0
1986-04-11;23.0;4;23.0
1986-04-12;96.0;4;96.0
1986-04-13;27.0;4;27.0
1986-04-14;28.0;4;28.0
1986-04-15;28.0;4;28.0
1986-04-16;70.0;4;70.0
1986-04-17;34.0;4;34.0
1986-04-18;30.0;4;30.0
1986-04-19;34.0;4;34.0
1986-04-20;31.0;4;31.0
1986-04-21;25.0;4;25.0
1986-04-22;28.0;4;28.0
1986-04-23;54.0;4;54.0
1986-04-24;34.0;4;34.0
1986-04-25;22.0;4;22.0
1986-04-26;23.0;4;23.0
1986-04-27;25.0;4;25.0
1986-04-28;15.0;4;15.0
1986-04-29;19.0;4;19.0
1986-04-30;28.0;4;28.0
1986-05-01;22.0;5;22.0
1986-05-02;27.0;5;27.0
1986-05-03;39.0;5;39.0
1986-05-04;27.0;5;27.0
1986-05-05;24.0;5;24.0
1986-05-06;19.0;5;19.0
1986-05-07;17.0;5;17.0
1986-05-08;18.0;5;18.0
1986-05-09;14.0;5;14.0
1986-05-10;17.0;5;17.0
1986-05-11;17.0;5;17.0
1986-05-12;13.0;5;13.0
1986-05-13;13.0;5;13.0
1986-05-14;22.0;5;22.0
1986-05-15;22.0;5;22.0
1986-05-16;25.0;5;25.0
1986-05-17;19.0;5;19.0
1986-05-18;26.0;5;26.0
1986-05-19;26.0;5;26.0
1986-05-20;24.0;5;24.0
1986-05-21;23.0;5;23.0
1986-05-22;17.0;5;17.0
1986-05-23;16.0;5;16.0
1986-05-24;18.0;5;18.0
1986-05-25;15.0;5;15.0
1986-05-26;20.0;5;20.0
1986-05-27;17.0;5;17.0
1986-05-28;17.0;5;17.0
1986-05-29;15.0;5;15.0
1986-05-30;12.0;5;12.0
1986-05-31;17.0;5;17.0
1986-06-01;26.0;6;26.0
1986-06-02;15.0;6;15.0
1986-06-03;17.0;6;17.0
1986-06-04;17.0;6;17.0
1986-06-05;16.0;6;16.0
1986-06-06;14.0;6;14.0
1986-06-07;14.0;6;14.0
1986-06-08;14.0;6;14.0
1986-06-09;13.0;6;13.0
1986-06-10;16.0;6;16.0
1986-06-11;18.0;6;18.0
1986-06-12;25.0;6;25.0
1986-06-13;19.0;6;19.0
1986-06-14;21.0;6;21.0
1986-06-15;26.0;6;26.0
1986-06-16;26.0;6;26.0
1986-06-17;24.0;6;24.0
1986-06-18;24.0;6;24.0
1986-06-19;28.0;6;28.0
1986-06-20;24.0;6;24.0
1986-06-21;30.0;6;30.0
1986-06-22;24.0;6;24.0
1986-06-23;26.0;6;26.0
1986-06-24;40.0;6;40.0
1986-06-25;43.0;6;43.0
1986-06-26;26.0;6;26.0
1986-06-27;84.0;6;84.0
1986-06-28;47.0;6;47.0
1986-06-29;156.0;6;156.0
1986-06-30;55.0;6;55.0
1986-07-01;52.0;7;52.0
1986-07-02;100.0;7;100.0
1986-07-03;59.0;7;59.0
1986-07-04;31.0;7;31.0
1986-07-05;86.0;7;86.0
1986-07-06;109.0;7;109.0
1986-07-07;106.0;7;106.0
1986-07-08;78.0;7;78.0
1986-07-09;132.0;7;132.0
1986-07-10;107.0;7;107.0
1986-07-11;52.0;7;52.0
1986-07-12;35.0;7;35.0
1986-07-13;41.0;7;41.0
1986-07-14;48.0;7;48.0
1986-07-15;46.0;7;46.0
1986-07-16;146.0;7;146.0
1986-07-17;148.0;7;148.0
1986-07-18;50.0;7;50.0
1986-07-19;29.0;7;29.0
1986-07-20;41.0;7;41.0
1986-07-21;142.0;7;142.0
1986-07-22;134.0;7;134.0
1986-07-23;202.0;7;202.0
1986-07-24;30.0;7;30.0
1986-07-25;17.0;7;17.0
1986-07-26;22.0;7;22.0
1986-07-27;17.0;7;17.0
1986-07-28;20.0;7;20.0
1986-07-29;24.0;7;24.0
1986-07-30;28.0;7;28.0
1986-07-31;31.0;7;31.0
1986-08-01;42.0;8;42.0
1986-08-02;37.0;8;37.0
1986-08-03;32.0;8;32.0
1986-08-04;31.0;8;31.0
1986-08-05;35.0;8;35.0
1986-08-06;27.0;8;27.0
1986-08-07;46.0;8;46.0
1986-08-08;38.0;8;38.0
1986-08-09;29.0;8;29.0
1986-08-10;26.0;8;26.0
1986-08-11;24.0;8;24.0
1986-08-12;37.0;8;37.0
1986-08-13;25.0;8;25.0
1986-08-14;22.0;8;22.0
1986-08-15;21.0;8;21.0
1986-08-16;20.0;8;20.0
1986-08-17;22.0;8;22.0
1986-08-18;30.0;8;30.0
1986-08-19;26.0;8;26.0
1986-08-20;20.0;8;20.0
1986-08-21;19.0;8;19.0
1986-08-22;17.0;8;17.0
1986-08-23;17.0;8;17.0
1986-08-24;22.0;8;22.0
1986-08-25;19.0;8;19.0
1986-08-26;17.0;8;17.0
1986-08-27;29.0;8;29.0
1986-08-28;30.0;8;30.0
1986-08-29;32.0;8;32.0
1986-08-30;20.0;8;20.0
1986-08-31;16.0;8;16.0
1986-09-01;14.0;9;14.0
1986-09-02;16.0;9;16.0
1986-09-03;15.0;9;15.0
1986-09-04;27.0;9;27.0
1986-09-05;18.0;9;18.0
1986-09-06;41.0;9;41.0
1986-09-07;27.0;9;27.0
1986-09-08;19.0;9;19.0
1986-09-09;19.0;9;19.0
1986-09-10;30.0;9;30.0
1986-09-11;18.0;9;18.0
1986-09-12;17.0;9;17.0
1986-09-13;20.0;9;20.0
1986-09-14;16.0;9;16.0
1986-09-15;25.0;9;25.0
1986-09-16;20.0;9;20.0
1986-09-17;18.0;9;18.0
1986-09-18;22.0;9;22.0
1986-09-19;70.0;9;70.0
1986-09-20;111.0;9;111.0
1986-09-21;34.0;9;34.0
1986-09-22;11.0;9;11.0
1986-09-23;11.0;9;11.0
1986-09-24;12.0;9;12.0
1986-09-25;13.0;9;13.0
1986-09-26;12.0;9;12.0
1986-09-27;13.0;9;13.0
1986-09-28;12.0;9;12.0
1986-09-29;13.0;9;13.0
1986-09-30;12.0;9;12.0
1986-10-01;22.0;10;22.0
1986-10-02;12.0;10;12.0
1986-10-03;11.0;10;11.0
1986-10-04;13.0;10;13.0
1986-10-05;17.0;10;17.0
1986-10-06;11.0;10;11.0
1986-10-07;11.0;10;11.0
1986-10-08;13.0;10;13.0
1986-10-09;12.0;10;12.0
1986-10-10;11.0;10;11.0
1986-10-11;15.0;10;15.0
1986-10-12;18.0;10;18.0
1986-10-13;13.0;10;13.0
1986-10-14;12.0;10;12.0
1986-10-15;12.0;10;12.0
1986-10-16;14.0;10;14.0
1986-10-17;12.0;10;12.0
1986-10-18;12.0;10;12.0
1986-10-19;14.0;10;14.0
1986-10-20;16.0;10;16.0
1986-10-21;20.0;10;20.0
1986-10-22;18.0;10;18.0
1986-10-23;21.0;10;21.0
1986-10-24;54.0;10;54.0
1986-10-25;53.0;10;53.0
1986-10-26;16.0;10;16.0
1986-10-27;45.0;10;45.0
1986-10-28;14.0;10;14.0
1986-10-29;11.0;10;11.0
1986-10-30;14.0;10;14.0
1986-10-31;13.0;10;13.0
1986-11-01;22.0;11;22.0
1986-11-02;14.0;11;14.0
1986-11-03;13.0;11;13.0
1986-11-04;12.0;11;12.0
1986-11-05;13.0;11;13.0
1986-11-06;12.0;11;12.0
1986-11-07;14.0;11;14.0
1986-11-08;24.0;11;24.0
1986-11-09;26.0;11;26.0
1986-11-10;37.0;11;37.0
1986-11-11;38.0;11;38.0
1986-11-12;92.0;11;92.0
1986-11-13;94.0;11;94.0
1986-11-14;61.0;11;61.0
1986-11-15;53.0;11;53.0
1986-11-16;60.0;11;60.0
1986-11-17;48.0;11;48.0
1986-11-18;44.0;11;44.0
1986-11-19;42.0;11;42.0
1986-11-20;43.0;11;43.0
1986-11-21;39.0;11;39.0
1986-11-22;48.0;11;48.0
1986-11-23;39.0;11;39.0
1986-11-24;33.0;11;33.0
1986-11-25;39.0;11;39.0
1986-11-26;27.0;11;27.0
1986-11-27;30.0;11;30.0
1986-11-28;32.0;11;32.0
1986-11-29;24.0;11;24.0
1986-11-30;23.0;11;23.0
1986-12-01;21.0;12;21.0
1986-12-02;24.0;12;24.0
1986-12-03;20.0;12;20.0
1986-12-04;22.0;12;22.0
1986-12-05;27.0;12;27.0
1986-12-06;25.0;12;25.0
1986-12-07;20.0;12;20.0
1986-12-08;33.0;12;33.0
1986-12-09;23.0;12;23.0
1986-12-10;23.0;12;23.0
1986-12-11;19.0;12;19.0
1986-12-12;21.0;12;21.0
1986-12-13;21.0;12;21.0
1986-12-14;26.0;12;26.0
1986-12-15;36.0;12;36.0
1986-12-16;28.0;12;28.0
1986-12-17;20.0;12;20.0
1986-12-18;15.0;12;15.0
1986-12-19;15.0;12;15.0
1986-12-20;12.0;12;12.0
1986-12-21;12.0;12;12.0
1986-12-22;11.0;12;11.0
1986-12-23;12.0;12;12.0
1986-12-24;13.0;12;13.0
1986-12-25;12.0;12;12.0
1986-12-26;11.0;12;11.0
1986-12-27;11.0;12;11.0
1986-12-28;11.0;12;11.0
1986-12-29;11.0;12;11.0
1986-12-30;12.0;12;12.0
1986-12-31;11.0;12;11.0
1987-01-01;11.0;1;11.0
1987-01-02;11.0;1;11.0
1987-01-03;12.0;1;12.0
1987-01-04;12.0;1;12.0
1987-01-05;11.0;1;11.0
1987-01-06;12.0;1;12.0
1987-01-07;14.0;1;14.0
1987-01-08;14.0;1;14.0
1987-01-09;12.0;1;12.0
1987-01-10;11.0;1;11.0
1987-01-11;11.0;1;11.0
1987-01-12;12.0;1;12.0
1987-01-13;12.0;1;12.0
1987-01-14;11.0;1;11.0
1987-01-15;11.0;1;11.0
1987-01-16;12.0;1;12.0
1987-01-17;12.0;1;12.0
1987-01-18;12.0;1;12.0
1987-01-19;12.0;1;12.0
1987-01-20;12.0;1;12.0
1987-01-21;12.0;1;12.0
1987-01-22;12.0;1;12.0
1987-01-23;12.0;1;12.0
1987-01-24;13.0;1;13.0
1987-01-25;12.0;1;12.0
1987-01-26;13.0;1;13.0
1987-01-27;12.0;1;12.0
1987-01-28;12.0;1;12.0
1987-01-29;13.0;1;13.0
1987-01-30;12.0;1;12.0
1987-01-31;12.0;1;12.0
1987-02-01;11.0;2;11.0
1987-02-02;13.0;2;13.0
1987-02-03;12.0;2;12.0
1987-02-04;13.0;2;13.0
1987-02-05;12.0;2;12.0
1987-02-06;11.0;2;11.0
1987-02-07;11.0;2;11.0
1987-02-08;11.0;2;11.0
1987-02-09;12.0;2;12.0
1987-02-10;17.0;2;17.0
1987-02-11;52.0;2;52.0
1987-02-12;17.0;2;17.0
1987-02-13;11.0;2;11.0
1987-02-14;76.0;2;76.0
1987-02-15;12.0;2;12.0
1987-02-16;12.0;2;12.0
1987-02-17;12.0;2;12.0
1987-02-18;13.0;2;13.0
1987-02-19;14.0;2;14.0
1987-02-20;33.0;2;33.0
1987-02-21;17.0;2;17.0
1987-02-22;15.0;2;15.0
1987-02-23;13.0;2;13.0
1987-02-24;12.0;2;12.0
1987-02-25;11.0;2;11.0
1987-02-26;11.0;2;11.0
1987-02-27;20.0;2;20.0
1987-02-28;12.0;2;12.0
1987-03-01;11.0;3;11.0
1987-03-02;11.0;3;11.0
1987-03-03;11.0;3;11.0
1987-03-04;15.0;3;15.0
1987-03-05;14.0;3;14.0
1987-03-06;11.0;3;11.0
1987-03-07;11.0;3;11.0
1987-03-08;11.0;3;11.0
1987-03-09;10.0;3;10.0
1987-03-10;11.0;3;11.0
1987-03-11;26.0;3;26.0
1987-03-12;13.0;3;13.0
1987-03-13;13.0;3;13.0
1987-03-14;13.0;3;13.0
1987-03-15;49.0;3;49.0
1987-03-16;42.0;3;42.0
1987-03-17;31.0;3;31.0
1987-03-18;28.0;3;28.0
1987-03-19;29.0;3;29.0
1987-03-20;24.0;3;24.0
1987-03-21;23.0;3;23.0
1987-03-22;18.0;3;18.0
1987-03-23;17.0;3;17.0
1987-03-24;17.0;3;17.0
1987-03-25;16.0;3;16.0
1987-03-26;15.0;3;15.0
1987-03-27;16.0;3;16.0
1987-03-28;15.0;3;15.0
1987-03-29;16.0;3;16.0
1987-03-30;16.0;3;16.0
1987-03-31;16.0;3;16.0
1987-04-01;16.0;4;16.0
1987-04-02;18.0;4;18.0
1987-04-03;29.0;4;29.0
1987-04-04;22.0;4;22.0
1987-04-05;16.0;4;16.0
1987-04-06;15.0;4;15.0
1987-04-07;23.0;4;23.0
1987-04-08;42.0;4;42.0
1987-04-09;27.0;4;27.0
1987-04-10;44.0;4;44.0
1987-04-11;36.0;4;36.0
1987-04-12;37.0;4;37.0
1987-04-13;40.0;4;40.0
1987-04-14;46.0;4;46.0
1987-04-15;40.0;4;40.0
1987-04-16;38.0;4;38.0
1987-04-17;32.0;4;32.0
1987-04-18;50.0;4;50.0
1987-04-19;69.0;4;69.0
1987-04-20;49.0;4;49.0
1987-04-21;33.0;4;33.0
1987-04-22;34.0;4;34.0
1987-04-23;109.0;4;109.0
1987-04-24;92.0;4;92.0
1987-04-25;59.0;4;59.0
1987-04-26;48.0;4;48.0
1987-04-27;39.0;4;39.0
1987-04-28;39.0;4;39.0
1987-04-29;33.0;4;33.0
1987-04-30;40.0;4;40.0
1987-05-01;24.0;5;24.0
1987-05-02;26.0;5;26.0
1987-05-03;31.0;5;31.0
1987-05-04;31.0;5;31.0
1987-05-05;35.0;5;35.0
1987-05-06;57.0;5;57.0
1987-05-07;35.0;5;35.0
1987-05-08;30.0;5;30.0
1987-05-09;34.0;5;34.0
1987-05-10;33.0;5;33.0
1987-05-11;39.0;5;39.0
1987-05-12;31.0;5;31.0
1987-05-13;45.0;5;45.0
1987-05-14;41.0;5;41.0
1987-05-15;32.0;5;32.0
1987-05-16;33.0;5;33.0
1987-05-17;28.0;5;28.0
1987-05-18;29.0;5;29.0
1987-05-19;36.0;5;36.0
1987-05-20;43.0;5;43.0
1987-05-21;59.0;5;59.0
1987-05-22;44.0;5;44.0
1987-05-23;30.0;5;30.0
1987-05-24;63.0;5;63.0
1987-05-25;61.0;5;61.0
1987-05-26;61.0;5;61.0
1987-05-27;57.0;5;57.0
1987-05-28;50.0;5;50.0
1987-05-29;42.0;5;42.0
1987-05-30;35.0;5;35.0
1987-05-31;33.0;5;33.0
1987-06-01;33.0;6;33.0
1987-06-02;34.0;6;34.0
1987-06-03;27.0;6;27.0
1987-06-04;32.0;6;32.0
1987-06-05;31.0;6;31.0
1987-06-06;49.0;6;49.0
1987-06-07;93.0;6;93.0
1987-06-08;72.0;6;72.0
1987-06-09;35.0;6;35.0
1987-06-10;30.0;6;30.0
1987-06-11;32.0;6;32.0
1987-06-12;75.0;6;75.0
1987-06-13;42.0;6;42.0
1987-06-14;42.0;6;42.0
1987-06-15;41.0;6;41.0
1987-06-16;56.0;6;56.0
1987-06-17;56.0;6;56.0
1987-06-18;79.0;6;79.0
1987-06-19;76.0;6;76.0
1987-06-20;42.0;6;42.0
1987-06-21;36.0;6;36.0
1987-06-22;42.0;6;42.0
1987-06-23;35.0;6;35.0
1987-06-24;28.0;6;28.0
1987-06-25;36.0;6;36.0
1987-06-26;34.0;6;34.0
1987-06-27;30.0;6;30.0
1987-06-28;36.0;6;36.0
1987-06-29;90.0;6;90.0
1987-06-30;127.0;6;127.0
1987-07-01;34.0;7;34.0
1987-07-02;23.0;7;23.0
1987-07-03;38.0;7;38.0
1987-07-04;80.0;7;80.0
1987-07-05;154.0;7;154.0
1987-07-06;103.0;7;103.0
1987-07-07;87.0;7;87.0
1987-07-08;71.0;7;71.0
1987-07-09;65.0;7;65.0
1987-07-10;101.0;7;101.0
1987-07-11;74.0;7;74.0
1987-07-12;65.0;7;65.0
1987-07-13;61.0;7;61.0
1987-07-14;104.0;7;104.0
1987-07-15;59.0;7;59.0
1987-07-16;48.0;7;48.0
1987-07-17;41.0;7;41.0
1987-07-18;39.0;7;39.0
1987-07-19;37.0;7;37.0
1987-07-20;32.0;7;32.0
1987-07-21;81.0;7;81.0
1987-07-22;56.0;7;56.0
1987-07-23;46.0;7;46.0
1987-07-24;52.0;7;52.0
1987-07-25;65.0;7;65.0
1987-07-26;54.0;7;54.0
1987-07-27;42.0;7;42.0
1987-07-28;43.0;7;43.0
1987-07-29;41.0;7;41.0
1987-07-30;70.0;7;70.0
1987-07-31;52.0;7;52.0
1987-08-01;50.0;8;50.0
1987-08-02;55.0;8;55.0
1987-08-03;44.0;8;44.0
1987-08-04;42.0;8;42.0
1987-08-05;42.0;8;42.0
1987-08-06;42.0;8;42.0
1987-08-07;57.0;8;57.0
1987-08-08;84.0;8;84.0
1987-08-09;75.0;8;75.0
1987-08-10;121.0;8;121.0
1987-08-11;92.0;8;92.0
1987-08-12;67.0;8;67.0
1987-08-13;63.0;8;63.0
1987-08-14;54.0;8;54.0
1987-08-15;43.0;8;43.0
1987-08-16;50.0;8;50.0
1987-08-17;42.0;8;42.0
1987-08-18;78.0;8;78.0
1987-08-19;121.0;8;121.0
1987-08-20;139.0;8;139.0
1987-08-21;141.0;8;141.0
1987-08-22;160.0;8;160.0
1987-08-23;116.0;8;116.0
1987-08-24;99.0;8;99.0
1987-08-25;67.0;8;67.0
1987-08-26;54.0;8;54.0
1987-08-27;38.0;8;38.0
1987-08-28;40.0;8;40.0
1987-08-29;35.0;8;35.0
1987-08-30;32.0;8;32.0
1987-08-31;27.0;8;27.0
1987-09-01;26.0;9;26.0
1987-09-02;39.0;9;39.0
1987-09-03;42.0;9;42.0
1987-09-04;42.0;9;42.0
1987-09-05;47.0;9;47.0
1987-09-06;53.0;9;53.0
1987-09-07;65.0;9;65.0
1987-09-08;41.0;9;41.0
1987-09-09;37.0;9;37.0
1987-09-10;35.0;9;35.0
1987-09-11;31.0;9;31.0
1987-09-12;30.0;9;30.0
1987-09-13;30.0;9;30.0
1987-09-14;28.0;9;28.0
1987-09-15;29.0;9;29.0
1987-09-16;33.0;9;33.0
1987-09-17;34.0;9;34.0
1987-09-18;31.0;9;31.0
1987-09-19;33.0;9;33.0
1987-09-20;66.0;9;66.0
1987-09-21;42.0;9;42.0
1987-09-22;40.0;9;40.0
1987-09-23;42.0;9;42.0
1987-09-24;36.0;9;36.0
1987-09-25;32.0;9;32.0
1987-09-26;31.0;9;31.0
1987-09-27;28.0;9;28.0
1987-09-28;26.0;9;26.0
1987-09-29;23.0;9;23.0
1987-09-30;23.0;9;23.0
1987-10-01;25.0;10;25.0
1987-10-02;50.0;10;50.0
1987-10-03;66.0;10;66.0
1987-10-04;43.0;10;43.0
1987-10-05;28.0;10;28.0
1987-10-06;25.0;10;25.0
1987-10-07;30.0;10;30.0
1987-10-08;27.0;10;27.0
1987-10-09;24.0;10;24.0
1987-10-10;25.0;10;25.0
1987-10-11;23.0;10;23.0
1987-10-12;33.0;10;33.0
1987-10-13;41.0;10;41.0
1987-10-14;32.0;10;32.0
1987-10-15;25.0;10;25.0
1987-10-16;24.0;10;24.0
1987-10-17;22.0;10;22.0
1987-10-18;21.0;10;21.0
1987-10-19;19.0;10;19.0
1987-10-20;21.0;10;21.0
1987-10-21;27.0;10;27.0
1987-10-22;31.0;10;31.0
1987-10-23;60.0;10;60.0
1987-10-24;49.0;10;49.0
1987-10-25;31.0;10;31.0
1987-10-26;25.0;10;25.0
1987-10-27;42.0;10;42.0
1987-10-28;41.0;10;41.0
1987-10-29;32.0;10;32.0
1987-10-30;30.0;10;30.0
1987-10-31;28.0;10;28.0
1987-11-01;30.0;11;30.0
1987-11-02;52.0;11;52.0
1987-11-03;34.0;11;34.0
1987-11-04;30.0;11;30.0
1987-11-05;27.0;11;27.0
1987-11-06;23.0;11;23.0
1987-11-07;24.0;11;24.0
1987-11-08;26.0;11;26.0
1987-11-09;26.0;11;26.0
1987-11-10;22.0;11;22.0
1987-11-11;21.0;11;21.0
1987-11-12;23.0;11;23.0
1987-11-13;31.0;11;31.0
1987-11-14;26.0;11;26.0
1987-11-15;26.0;11;26.0
1987-11-16;22.0;11;22.0
1987-11-17;21.0;11;21.0
1987-11-18;21.0;11;21.0
1987-11-19;20.0;11;20.0
1987-11-20;20.0;11;20.0
1987-11-21;17.0;11;17.0
1987-11-22;14.0;11;14.0
1987-11-23;14.0;11;14.0
1987-11-24;13.0;11;13.0
1987-11-25;13.0;11;13.0
1987-11-26;14.0;11;14.0
1987-11-27;15.0;11;15.0
1987-11-28;13.0;11;13.0
1987-11-29;13.0;11;13.0
1987-11-30;89.0;11;89.0
1987-12-01;20.0;12;20.0
1987-12-02;15.0;12;15.0
1987-12-03;14.0;12;14.0
1987-12-04;14.0;12;14.0
1987-12-05;13.0;12;13.0
1987-12-06;12.0;12;12.0
1987-12-07;11.0;12;11.0
1987-12-08;10.0;12;10.0
1987-12-09;10.0;12;10.0
1987-12-10;9.0;12;9.0
1987-12-11;9.0;12;9.0
1987-12-12;9.0;12;9.0
1987-12-13;9.0;12;9.0
1987-12-14;9.0;12;9.0
1987-12-15;10.0;12;10.0
1987-12-16;9.0;12;9.0
1987-12-17;9.0;12;9.0
1987-12-18;9.0;12;9.0
1987-12-19;10.0;12;10.0
1987-12-20;11.0;12;11.0
1987-12-21;9.0;12;9.0
1987-12-22;10.0;12;10.0
1987-12-23;10.0;12;10.0
1987-12-24;10.0;12;10.0
1987-12-25;10.0;12;10.0
1987-12-26;10.0;12;10.0
1987-12-27;9.0;12;9.0
1987-12-28;11.0;12;11.0
1987-12-29;13.0;12;13.0
1987-12-30;14.0;12;14.0
1987-12-31;12.0;12;12.0
1988-01-01;10.0;1;10.0
1988-01-02;10.0;1;10.0
1988-01-03;11.0;1;11.0
1988-01-04;12.0;1;12.0
1988-01-05;14.0;1;14.0
1988-01-06;13.0;1;13.0
1988-01-07;12.0;1;12.0
1988-01-08;11.0;1;11.0
1988-01-09;10.0;1;10.0
1988-01-10;10.0;1;10.0
1988-01-11;10.0;1;10.0
1988-01-12;10.0;1;10.0
1988-01-13;10.0;1;10.0
1988-01-14;16.0;1;16.0
1988-01-15;12.0;1;12.0
1988-01-16;11.0;1;11.0
1988-01-17;10.0;1;10.0
1988-01-18;11.0;1;11.0
1988-01-19;38.0;1;38.0
1988-01-20;16.0;1;16.0
1988-01-21;18.0;1;18.0
1988-01-22;17.0;1;17.0
1988-01-23;15.0;1;15.0
1988-01-24;14.0;1;14.0
1988-01-25;15.0;1;15.0
1988-01-26;15.0;1;15.0
1988-01-27;17.0;1;17.0
1988-01-28;35.0;1;35.0
1988-01-29;20.0;1;20.0
1988-01-30;17.0;1;17.0
1988-01-31;15.0;1;15.0
1988-02-01;13.0;2;13.0
1988-02-02;13.0;2;13.0
1988-02-03;15.0;2;15.0
1988-02-04;18.0;2;18.0
1988-02-05;17.0;2;17.0
1988-02-06;17.0;2;17.0
1988-02-07;16.0;2;16.0
1988-02-08;28.0;2;28.0
1988-02-09;43.0;2;43.0
1988-02-10;24.0;2;24.0
1988-02-11;20.0;2;20.0
1988-02-12;18.0;2;18.0
1988-02-13;22.0;2;22.0
1988-02-14;29.0;2;29.0
1988-02-15;20.0;2;20.0
1988-02-16;17.0;2;17.0
1988-02-17;15.0;2;15.0
1988-02-18;13.0;2;13.0
1988-02-19;12.0;2;12.0
1988-02-20;11.0;2;11.0
1988-02-21;10.0;2;10.0
1988-02-22;9.0;2;9.0
1988-02-23;9.0;2;9.0
1988-02-24;9.0;2;9.0
1988-02-25;8.0;2;8.0
1988-02-26;8.0;2;8.0
1988-02-27;8.0;2;8.0
1988-02-28;8.0;2;8.0
1988-02-29;8.0;2;8.0
1988-03-01;8.0;3;8.0
1988-03-02;8.0;3;8.0
1988-03-03;8.0;3;8.0
1988-03-04;8.0;3;8.0
1988-03-05;8.0;3;8.0
1988-03-06;8.0;3;8.0
1988-03-07;8.0;3;8.0
1988-03-08;8.0;3;8.0
1988-03-09;8.0;3;8.0
1988-03-10;8.0;3;8.0
1988-03-11;7.0;3;7.0
1988-03-12;7.0;3;7.0
1988-03-13;8.0;3;8.0
1988-03-14;34.0;3;34.0
1988-03-15;21.0;3;21.0
1988-03-16;20.0;3;20.0
1988-03-17;19.0;3;19.0
1988-03-18;15.0;3;15.0
1988-03-19;12.0;3;12.0
1988-03-20;9.0;3;9.0
1988-03-21;8.0;3;8.0
1988-03-22;8.0;3;8.0
1988-03-23;11.0;3;11.0
1988-03-24;10.0;3;10.0
1988-03-25;16.0;3;16.0
1988-03-26;22.0;3;22.0
1988-03-27;28.0;3;28.0
1988-03-28;27.0;3;27.0
1988-03-29;28.0;3;28.0
1988-03-30;45.0;3;45.0
1988-03-31;37.0;3;37.0
1988-04-01;58.0;4;58.0
1988-04-02;74.0;4;74.0
1988-04-03;61.0;4;61.0
1988-04-04;27.0;4;27.0
1988-04-05;34.0;4;34.0
1988-04-06;42.0;4;42.0
1988-04-07;37.0;4;37.0
1988-04-08;16.0;4;16.0
1988-04-09;11.0;4;11.0
1988-04-10;12.0;4;12.0
1988-04-11;11.0;4;11.0
1988-04-12;10.0;4;10.0
1988-04-13;10.0;4;10.0
1988-04-14;10.0;4;10.0
1988-04-15;10.0;4;10.0
1988-04-16;16.0;4;16.0
1988-04-17;12.0;4;12.0
1988-04-18;10.0;4;10.0
1988-04-19;11.0;4;11.0
1988-04-20;44.0;4;44.0
1988-04-21;20.0;4;20.0
1988-04-22;13.0;4;13.0
1988-04-23;12.0;4;12.0
1988-04-24;18.0;4;18.0
1988-04-25;16.0;4;16.0
1988-04-26;51.0;4;51.0
1988-04-27;16.0;4;16.0
1988-04-28;16.0;4;16.0
1988-04-29;25.0;4;25.0
1988-04-30;16.0;4;16.0
1988-05-01;16.0;5;16.0
1988-05-02;49.0;5;49.0
1988-05-03;36.0;5;36.0
1988-05-04;99.0;5;99.0
1988-05-05;32.0;5;32.0
1988-05-06;13.0;5;13.0
1988-05-07;22.0;5;22.0
1988-05-08;165.0;5;165.0
1988-05-09;61.0;5;61.0
1988-05-10;34.0;5;34.0
1988-05-11;22.0;5;22.0
1988-05-12;19.0;5;19.0
1988-05-13;17.0;5;17.0
1988-05-14;16.0;5;16.0
1988-05-15;18.0;5;18.0
1988-05-16;16.0;5;16.0
1988-05-17;25.0;5;25.0
1988-05-18;20.0;5;20.0
1988-05-19;15.0;5;15.0
1988-05-20;18.0;5;18.0
1988-05-21;23.0;5;23.0
1988-05-22;24.0;5;24.0
1988-05-23;20.0;5;20.0
1988-05-24;20.0;5;20.0
1988-05-25;23.0;5;23.0
1988-05-26;22.0;5;22.0
1988-05-27;49.0;5;49.0
1988-05-28;26.0;5;26.0
1988-05-29;19.0;5;19.0
1988-05-30;18.0;5;18.0
1988-05-31;17.0;5;17.0
1988-06-01;123.0;6;123.0
1988-06-02;40.0;6;40.0
1988-06-03;124.0;6;124.0
1988-06-04;188.0;6;188.0
1988-06-05;229.0;6;229.0
1988-06-06;92.0;6;92.0
1988-06-07;52.0;6;52.0
1988-06-08;63.0;6;63.0
1988-06-09;118.0;6;118.0
1988-06-10;196.0;6;196.0
1988-06-11;188.0;6;188.0
1988-06-12;130.0;6;130.0
1988-06-13;74.0;6;74.0
1988-06-14;48.0;6;48.0
1988-06-15;97.0;6;97.0
1988-06-16;135.0;6;135.0
1988-06-17;140.0;6;140.0
1988-06-18;58.0;6;58.0
1988-06-19;54.0;6;54.0
1988-06-20;54.0;6;54.0
1988-06-21;42.0;6;42.0
1988-06-22;42.0;6;42.0
1988-06-23;50.0;6;50.0
1988-06-24;34.0;6;34.0
1988-06-25;38.0;6;38.0
1988-06-26;38.0;6;38.0
1988-06-27;38.0;6;38.0
1988-06-28;54.0;6;54.0
1988-06-29;28.0;6;28.0
1988-06-30;27.0;6;27.0
1988-07-01;67.0;7;67.0
1988-07-02;40.0;7;40.0
1988-07-03;41.0;7;41.0
1988-07-04;47.0;7;47.0
1988-07-05;39.0;7;39.0
1988-07-06;44.0;7;44.0
1988-07-07;37.0;7;37.0
1988-07-08;54.0;7;54.0
1988-07-09;57.0;7;57.0
1988-07-10;53.0;7;53.0
1988-07-11;88.0;7;88.0
1988-07-12;166.0;7;166.0
1988-07-13;100.0;7;100.0
1988-07-14;62.0;7;62.0
1988-07-15;37.0;7;37.0
1988-07-16;53.0;7;53.0
1988-07-17;40.0;7;40.0
1988-07-18;36.0;7;36.0
1988-07-19;34.0;7;34.0
1988-07-20;38.0;7;38.0
1988-07-21;72.0;7;72.0
1988-07-22;45.0;7;45.0
1988-07-23;35.0;7;35.0
1988-07-24;32.0;7;32.0
1988-07-25;91.0;7;91.0
1988-07-26;59.0;7;59.0
1988-07-27;42.0;7;42.0
1988-07-28;47.0;7;47.0
1988-07-29;42.0;7;42.0
1988-07-30;41.0;7;41.0
1988-07-31;38.0;7;38.0
1988-08-01;36.0;8;36.0
1988-08-02;40.0;8;40.0
1988-08-03;36.0;8;36.0
1988-08-04;34.0;8;34.0
1988-08-05;33.0;8;33.0
1988-08-06;32.0;8;32.0
1988-08-07;39.0;8;39.0
1988-08-08;35.0;8;35.0
1988-08-09;36.0;8;36.0
1988-08-10;39.0;8;39.0
1988-08-11;43.0;8;43.0
1988-08-12;32.0;8;32.0
1988-08-13;28.0;8;28.0
1988-08-14;25.0;8;25.0
1988-08-15;23.0;8;23.0
1988-08-16;27.0;8;27.0
1988-08-17;28.0;8;28.0
1988-08-18;22.0;8;22.0
1988-08-19;22.0;8;22.0
1988-08-20;23.0;8;23.0
1988-08-21;24.0;8;24.0
1988-08-22;26.0;8;26.0
1988-08-23;35.0;8;35.0
1988-08-24;44.0;8;44.0
1988-08-25;35.0;8;35.0
1988-08-26;27.0;8;27.0
1988-08-27;25.0;8;25.0
1988-08-28;30.0;8;30.0
1988-08-29;31.0;8;31.0
1988-08-30;26.0;8;26.0
1988-08-31;24.0;8;24.0
1988-09-01;23.0;9;23.0
1988-09-02;21.0;9;21.0
1988-09-03;20.0;9;20.0
1988-09-04;18.0;9;18.0
1988-09-05;18.0;9;18.0
1988-09-06;20.0;9;20.0
1988-09-07;40.0;9;40.0
1988-09-08;30.0;9;30.0
1988-09-09;24.0;9;24.0
1988-09-10;21.0;9;21.0
1988-09-11;21.0;9;21.0
1988-09-12;22.0;9;22.0
1988-09-13;20.0;9;20.0
1988-09-14;26.0;9;26.0
1988-09-15;25.0;9;25.0
1988-09-16;22.0;9;22.0
1988-09-17;21.0;9;21.0
1988-09-18;21.0;9;21.0
1988-09-19;19.0;9;19.0
1988-09-20;19.0;9;19.0
1988-09-21;20.0;9;20.0
1988-09-22;60.0;9;60.0
1988-09-23;43.0;9;43.0
1988-09-24;34.0;9;34.0
1988-09-25;26.0;9;26.0
1988-09-26;22.0;9;22.0
1988-09-27;19.0;9;19.0
1988-09-28;17.0;9;17.0
1988-09-29;16.0;9;16.0
1988-09-30;20.0;9;20.0
1988-10-01;44.0;10;44.0
1988-10-02;23.0;10;23.0
1988-10-03;21.0;10;21.0
1988-10-04;20.0;10;20.0
1988-10-05;17.0;10;17.0
1988-10-06;16.0;10;16.0
1988-10-07;15.0;10;15.0
1988-10-08;19.0;10;19.0
1988-10-09;17.0;10;17.0
1988-10-10;16.0;10;16.0
1988-10-11;76.0;10;76.0
1988-10-12;43.0;10;43.0
1988-10-13;33.0;10;33.0
1988-10-14;24.0;10;24.0
1988-10-15;28.0;10;28.0
1988-10-16;53.0;10;53.0
1988-10-17;38.0;10;38.0
1988-10-18;32.0;10;32.0
1988-10-19;22.0;10;22.0
1988-10-20;21.0;10;21.0
1988-10-21;17.0;10;17.0
1988-10-22;43.0;10;43.0
1988-10-23;48.0;10;48.0
1988-10-24;31.0;10;31.0
1988-10-25;23.0;10;23.0
1988-10-26;21.0;10;21.0
1988-10-27;21.0;10;21.0
1988-10-28;21.0;10;21.0
1988-10-29;19.0;10;19.0
1988-10-30;16.0;10;16.0
1988-10-31;16.0;10;16.0
1988-11-01;18.0;11;18.0
1988-11-02;28.0;11;28.0
1988-11-03;20.0;11;20.0
1988-11-04;17.0;11;17.0
1988-11-05;16.0;11;16.0
1988-11-06;15.0;11;15.0
1988-11-07;15.0;11;15.0
1988-11-08;15.0;11;15.0
1988-11-09;17.0;11;17.0
1988-11-10;18.0;11;18.0
1988-11-11;18.0;11;18.0
1988-11-12;18.0;11;18.0
1988-11-13;20.0;11;20.0
1988-11-14;21.0;11;21.0
1988-11-15;27.0;11;27.0
1988-11-16;119.0;11;119.0
1988-11-17;22.0;11;22.0
1988-11-18;23.0;11;23.0
1988-11-19;23.0;11;23.0
1988-11-20;22.0;11;22.0
1988-11-21;21.0;11;21.0
1988-11-22;20.0;11;20.0
1988-11-23;20.0;11;20.0
1988-11-24;23.0;11;23.0
1988-11-25;44.0;11;44.0
1988-11-26;25.0;11;25.0
1988-11-27;21.0;11;21.0
1988-11-28;21.0;11;21.0
1988-11-29;24.0;11;24.0
1988-11-30;22.0;11;22.0
1988-12-01;21.0;12;21.0
1988-12-02;19.0;12;19.0
1988-12-03;21.0;12;21.0
1988-12-04;21.0;12;21.0
1988-12-05;23.0;12;23.0
1988-12-06;23.0;12;23.0
1988-12-07;20.0;12;20.0
1988-12-08;18.0;12;18.0
1988-12-09;34.0;12;34.0
1988-12-10;26.0;12;26.0
1988-12-11;21.0;12;21.0
1988-12-12;19.0;12;19.0
1988-12-13;19.0;12;19.0
1988-12-14;21.0;12;21.0
1988-12-15;19.0;12;19.0
1988-12-16;18.0;12;18.0
1988-12-17;17.0;12;17.0
1988-12-18;18.0;12;18.0
1988-12-19;36.0;12;36.0
1988-12-20;38.0;12;38.0
1988-12-21;24.0;12;24.0
1988-12-22;21.0;12;21.0
1988-12-23;19.0;12;19.0
1988-12-24;17.0;12;17.0
1988-12-25;16.0;12;16.0
1988-12-26;16.0;12;16.0
1988-12-27;20.0;12;20.0
1988-12-28;19.0;12;19.0
1988-12-29;22.0;12;22.0
1988-12-30;22.0;12;22.0
1988-12-31;20.0;12;20.0
