# River:                 RIO MOCOA
# Station:               PIEDRA LISA
# Latitude (DD):       1.2
# Longitude (DD):      -76.63

YYYY-MM-DD;Value;month;Value_imputed
1978-01-01;36.0;1;36.0
1978-01-02;31.0;1;31.0
1978-01-03;24.0;1;24.0
1978-01-04;16.0;1;16.0
1978-01-05;14.0;1;14.0
1978-01-06;14.0;1;14.0
1978-01-07;12.0;1;12.0
1978-01-08;12.0;1;12.0
1978-01-09;9.0;1;9.0
1978-01-10;16.0;1;16.0
1978-01-11;16.0;1;16.0
1978-01-12;16.0;1;16.0
1978-01-13;15.0;1;15.0
1978-01-14;12.0;1;12.0
1978-01-15;12.0;1;12.0
1978-01-16;9.0;1;9.0
1978-01-17;25.0;1;25.0
1978-01-18;13.0;1;13.0
1978-01-19;11.0;1;11.0
1978-01-20;10.0;1;10.0
1978-01-21;10.0;1;10.0
1978-01-22;15.0;1;15.0
1978-01-23;33.0;1;33.0
1978-01-24;73.0;1;73.0
1978-01-25;68.0;1;68.0
1978-01-26;36.0;1;36.0
1978-01-27;98.0;1;98.0
1978-01-28;42.0;1;42.0
1978-01-29;137.0;1;137.0
1978-01-30;106.0;1;106.0
1978-01-31;65.0;1;65.0
1978-02-01;65.0;2;65.0
1978-02-02;118.0;2;118.0
1978-02-03;50.0;2;50.0
1978-02-04;36.0;2;36.0
1978-02-05;30.0;2;30.0
1978-02-06;28.0;2;28.0
1978-02-07;23.0;2;23.0
1978-02-08;20.0;2;20.0
1978-02-09;18.0;2;18.0
1978-02-10;21.0;2;21.0
1978-02-11;19.0;2;19.0
1978-02-12;14.0;2;14.0
1978-02-13;12.0;2;12.0
1978-02-14;11.0;2;11.0
1978-02-15;9.0;2;9.0
1978-02-16;9.0;2;9.0
1978-02-17;10.0;2;10.0
1978-02-18;42.0;2;42.0
1978-02-19;22.0;2;22.0
1978-02-20;13.0;2;13.0
1978-02-21;9.0;2;9.0
1978-02-22;8.0;2;8.0
1978-02-23;20.0;2;20.0
1978-02-24;12.0;2;12.0
1978-02-25;9.0;2;9.0
1978-02-26;8.0;2;8.0
1978-02-27;7.0;2;7.0
1978-02-28;8.0;2;8.0
1978-03-01;12.0;3;12.0
1978-03-02;14.0;3;14.0
1978-03-03;12.0;3;12.0
1978-03-04;9.0;3;9.0
1978-03-05;9.0;3;9.0
1978-03-06;9.0;3;9.0
1978-03-07;12.0;3;12.0
1978-03-08;12.0;3;12.0
1978-03-09;9.0;3;9.0
1978-03-10;9.0;3;9.0
1978-03-11;14.0;3;14.0
1978-03-12;10.0;3;10.0
1978-03-13;8.0;3;8.0
1978-03-14;8.0;3;8.0
1978-03-15;8.0;3;8.0
1978-03-16;30.0;3;30.0
1978-03-17;198.0;3;198.0
1978-03-18;239.0;3;239.0
1978-03-19;98.0;3;98.0
1978-03-20;92.0;3;92.0
1978-03-21;113.0;3;113.0
1978-03-22;267.0;3;267.0
1978-03-23;93.0;3;93.0
1978-03-24;94.0;3;94.0
1978-03-25;77.0;3;77.0
1978-03-26;84.0;3;84.0
1978-03-27;61.0;3;61.0
1978-03-28;99.0;3;99.0
1978-03-29;77.0;3;77.0
1978-03-30;69.0;3;69.0
1978-03-31;61.0;3;61.0
1978-04-01;61.0;4;61.0
1978-04-02;67.0;4;67.0
1978-04-03;71.0;4;71.0
1978-04-04;62.0;4;62.0
1978-04-05;55.0;4;55.0
1978-04-06;59.0;4;59.0
1978-04-07;330.0;4;330.0
1978-04-08;226.0;4;226.0
1978-04-09;226.0;4;226.0
1978-04-10;226.0;4;226.0
1978-04-11;321.0;4;321.0
1978-04-12;226.0;4;226.0
1978-04-13;208.0;4;208.0
1978-04-14;187.0;4;187.0
1978-04-15;158.0;4;158.0
1978-04-16;133.0;4;133.0
1978-04-17;110.0;4;110.0
1978-04-18;44.0;4;44.0
1978-04-19;26.0;4;26.0
1978-04-20;20.0;4;20.0
1978-04-21;21.0;4;21.0
1978-04-22;25.0;4;25.0
1978-04-23;32.0;4;32.0
1978-04-24;20.0;4;20.0
1978-04-25;18.0;4;18.0
1978-04-26;51.0;4;51.0
1978-04-27;38.0;4;38.0
1978-04-28;105.0;4;105.0
1978-04-29;41.0;4;41.0
1978-04-30;37.0;4;37.0
1978-05-01;39.0;5;39.0
1978-05-02;55.0;5;55.0
1978-05-03;29.0;5;29.0
1978-05-04;22.0;5;22.0
1978-05-05;17.0;5;17.0
1978-05-06;17.0;5;17.0
1978-05-07;46.0;5;46.0
1978-05-08;40.0;5;40.0
1978-05-09;28.0;5;28.0
1978-05-10;19.0;5;19.0
1978-05-11;16.0;5;16.0
1978-05-12;54.0;5;54.0
1978-05-13;31.0;5;31.0
1978-05-14;53.0;5;53.0
1978-05-15;40.0;5;40.0
1978-05-16;54.0;5;54.0
1978-05-17;108.0;5;108.0
1978-05-18;176.0;5;176.0
1978-05-19;54.0;5;54.0
1978-05-20;33.0;5;33.0
1978-05-21;38.0;5;38.0
1978-05-22;48.0;5;48.0
1978-05-23;29.0;5;29.0
1978-05-24;24.0;5;24.0
1978-05-25;27.0;5;27.0
1978-05-26;21.0;5;21.0
1978-05-27;30.0;5;30.0
1978-05-28;49.0;5;49.0
1978-05-29;20.0;5;20.0
1978-05-30;14.0;5;14.0
1978-05-31;11.0;5;11.0
1978-06-01;9.0;6;9.0
1978-06-02;23.0;6;23.0
1978-06-03;10.0;6;10.0
1978-06-04;62.0;6;62.0
1978-06-05;66.0;6;66.0
1978-06-06;171.0;6;171.0
1978-06-07;76.0;6;76.0
1978-06-08;47.0;6;47.0
1978-06-09;37.0;6;37.0
1978-06-10;39.0;6;39.0
1978-06-11;37.0;6;37.0
1978-06-12;33.0;6;33.0
1978-06-13;76.0;6;76.0
1978-06-14;81.0;6;81.0
1978-06-15;239.0;6;239.0
1978-06-16;58.0;6;58.0
1978-06-17;47.0;6;47.0
1978-06-18;97.0;6;97.0
1978-06-19;134.0;6;134.0
1978-06-20;87.0;6;87.0
1978-06-21;65.0;6;65.0
1978-06-22;132.0;6;132.0
1978-06-23;137.0;6;137.0
1978-06-24;106.0;6;106.0
1978-06-25;67.0;6;67.0
1978-06-26;64.0;6;64.0
1978-06-27;51.0;6;51.0
1978-06-28;53.0;6;53.0
1978-06-29;48.0;6;48.0
1978-06-30;52.0;6;52.0
1978-07-01;72.0;7;72.0
1978-07-02;100.0;7;100.0
1978-07-03;62.0;7;62.0
1978-07-04;62.0;7;62.0
1978-07-05;75.0;7;75.0
1978-07-06;127.0;7;127.0
1978-07-07;126.0;7;126.0
1978-07-08;91.0;7;91.0
1978-07-09;69.0;7;69.0
1978-07-10;91.0;7;91.0
1978-07-11;74.0;7;74.0
1978-07-12;64.0;7;64.0
1978-07-13;85.0;7;85.0
1978-07-14;56.0;7;56.0
1978-07-15;61.0;7;61.0
1978-07-16;52.0;7;52.0
1978-07-17;43.0;7;43.0
1978-07-18;38.0;7;38.0
1978-07-19;34.0;7;34.0
1978-07-20;39.0;7;39.0
1978-07-21;32.0;7;32.0
1978-07-22;34.0;7;34.0
1978-07-23;32.0;7;32.0
1978-07-24;51.0;7;51.0
1978-07-25;44.0;7;44.0
1978-07-26;38.0;7;38.0
1978-07-27;62.0;7;62.0
1978-07-28;78.0;7;78.0
1978-07-29;62.0;7;62.0
1978-07-30;82.0;7;82.0
1978-07-31;97.0;7;97.0
1978-08-01;65.0;8;65.0
1978-08-02;94.0;8;94.0
1978-08-03;65.0;8;65.0
1978-08-04;114.0;8;114.0
1978-08-05;85.0;8;85.0
1978-08-06;64.0;8;64.0
1978-08-07;49.0;8;49.0
1978-08-08;41.0;8;41.0
1978-08-09;80.0;8;80.0
1978-08-10;75.0;8;75.0
1978-08-11;48.0;8;48.0
1978-08-12;65.0;8;65.0
1978-08-13;158.0;8;158.0
1978-08-14;267.0;8;267.0
1978-08-15;125.0;8;125.0
1978-08-16;74.0;8;74.0
1978-08-17;58.0;8;58.0
1978-08-18;44.0;8;44.0
1978-08-19;40.0;8;40.0
1978-08-20;52.0;8;52.0
1978-08-21;60.0;8;60.0
1978-08-22;38.0;8;38.0
1978-08-23;32.0;8;32.0
1978-08-24;34.0;8;34.0
1978-08-25;38.0;8;38.0
1978-08-26;32.0;8;32.0
1978-08-27;34.0;8;34.0
1978-08-28;44.0;8;44.0
1978-08-29;34.0;8;34.0
1978-08-30;24.0;8;24.0
1978-08-31;24.0;8;24.0
1978-09-01;30.0;9;30.0
1978-09-02;56.0;9;56.0
1978-09-03;72.0;9;72.0
1978-09-04;62.0;9;62.0
1978-09-05;38.0;9;38.0
1978-09-06;26.0;9;26.0
1978-09-07;23.0;9;23.0
1978-09-08;41.0;9;41.0
1978-09-09;29.0;9;29.0
1978-09-10;85.0;9;85.0
1978-09-11;45.0;9;45.0
1978-09-12;36.0;9;36.0
1978-09-13;29.0;9;29.0
1978-09-14;25.0;9;25.0
1978-09-15;40.0;9;40.0
1978-09-16;41.0;9;41.0
1978-09-17;52.0;9;52.0
1978-09-18;56.0;9;56.0
1978-09-19;34.0;9;34.0
1978-09-20;27.0;9;27.0
1978-09-21;28.0;9;28.0
1978-09-22;113.0;9;113.0
1978-09-23;74.0;9;74.0
1978-09-24;46.0;9;46.0
1978-09-25;36.0;9;36.0
1978-09-26;30.0;9;30.0
1978-09-27;77.0;9;77.0
1978-09-28;30.0;9;30.0
1978-09-29;84.0;9;84.0
1978-09-30;52.0;9;52.0
1978-10-01;93.0;10;93.0
1978-10-02;101.0;10;101.0
1978-10-03;163.0;10;163.0
1978-10-04;59.0;10;59.0
1978-10-05;43.0;10;43.0
1978-10-06;42.0;10;42.0
1978-10-07;36.0;10;36.0
1978-10-08;32.0;10;32.0
1978-10-09;27.0;10;27.0
1978-10-10;25.0;10;25.0
1978-10-11;27.0;10;27.0
1978-10-12;24.0;10;24.0
1978-10-13;22.0;10;22.0
1978-10-14;22.0;10;22.0
1978-10-15;20.0;10;20.0
1978-10-16;19.0;10;19.0
1978-10-17;19.0;10;19.0
1978-10-18;21.0;10;21.0
1978-10-19;23.0;10;23.0
1978-10-20;29.0;10;29.0
1978-10-21;37.0;10;37.0
1978-10-22;26.0;10;26.0
1978-10-23;23.0;10;23.0
1978-10-24;21.0;10;21.0
1978-10-25;21.0;10;21.0
1978-10-26;19.0;10;19.0
1978-10-27;52.0;10;52.0
1978-10-28;39.0;10;39.0
1978-10-29;26.0;10;26.0
1978-10-30;24.0;10;24.0
1978-10-31;25.0;10;25.0
1978-11-01;21.0;11;21.0
1978-11-02;20.0;11;20.0
1978-11-03;20.0;11;20.0
1978-11-04;18.0;11;18.0
1978-11-05;18.0;11;18.0
1978-11-06;17.0;11;17.0
1978-11-07;40.0;11;40.0
1978-11-08;20.0;11;20.0
1978-11-09;21.0;11;21.0
1978-11-10;23.0;11;23.0
1978-11-11;23.0;11;23.0
1978-11-12;19.0;11;19.0
1978-11-13;18.0;11;18.0
1978-11-14;17.0;11;17.0
1978-11-15;24.0;11;24.0
1978-11-16;19.0;11;19.0
1978-11-17;18.0;11;18.0
1978-11-18;16.0;11;16.0
1978-11-19;16.0;11;16.0
1978-11-20;18.0;11;18.0
1978-11-21;42.0;11;42.0
1978-11-22;48.0;11;48.0
1978-11-23;23.0;11;23.0
1978-11-24;23.0;11;23.0
1978-11-25;26.0;11;26.0
1978-11-26;33.0;11;33.0
1978-11-27;29.0;11;29.0
1978-11-28;23.0;11;23.0
1978-11-29;21.0;11;21.0
1978-11-30;21.0;11;21.0
1978-12-01;18.0;12;18.0
1978-12-02;16.0;12;16.0
1978-12-03;18.0;12;18.0
1978-12-04;21.0;12;21.0
1978-12-05;16.0;12;16.0
1978-12-06;19.0;12;19.0
1978-12-07;24.0;12;24.0
1978-12-08;23.0;12;23.0
1978-12-09;27.0;12;27.0
1978-12-10;27.0;12;27.0
1978-12-11;29.0;12;29.0
1978-12-12;56.0;12;56.0
1978-12-13;26.0;12;26.0
1978-12-14;20.0;12;20.0
1978-12-15;20.0;12;20.0
1978-12-16;17.0;12;17.0
1978-12-17;20.0;12;20.0
1978-12-18;41.0;12;41.0
1978-12-19;36.0;12;36.0
1978-12-20;26.0;12;26.0
1978-12-21;26.0;12;26.0
1978-12-22;19.0;12;19.0
1978-12-23;56.0;12;56.0
1978-12-24;24.0;12;24.0
1978-12-25;19.0;12;19.0
1978-12-26;23.0;12;23.0
1978-12-27;20.0;12;20.0
1978-12-28;20.0;12;20.0
1978-12-29;20.0;12;20.0
1978-12-30;20.0;12;20.0
1978-12-31;20.0;12;20.0
1979-01-01;-999.000;1;34.0
1979-01-02;-999.000;1;11.0
1979-01-03;-999.000;1;26.0
1979-01-04;-999.000;1;33.0
1979-01-05;-999.000;1;16.0
1979-01-06;-999.000;1;22.0
1979-01-07;-999.000;1;51.0
1979-01-08;-999.000;1;12.0
1979-01-09;-999.000;1;7.0
1979-01-10;-999.000;1;15.0
1979-01-11;-999.000;1;16.0
1979-01-12;-999.000;1;13.0
1979-01-13;-999.000;1;13.0
1979-01-14;-999.000;1;14.0
1979-01-15;-999.000;1;24.0
1979-01-16;-999.000;1;26.0
1979-01-17;-999.000;1;9.0
1979-01-18;-999.000;1;21.0
1979-01-19;-999.000;1;24.0
1979-01-20;-999.000;1;20.0
1979-01-21;-999.000;1;23.0
1979-01-22;-999.000;1;16.0
1979-01-23;-999.000;1;15.0
1979-01-24;-999.000;1;30.0
1979-01-25;-999.000;1;48.0
1979-01-26;-999.000;1;20.0
1979-01-27;-999.000;1;46.0
1979-01-28;-999.000;1;20.0
1979-01-29;-999.000;1;18.0
1979-01-30;-999.000;1;23.0
1979-01-31;-999.000;1;14.0
1979-02-01;-999.000;2;18.0
1979-02-02;-999.000;2;26.0
1979-02-03;-999.000;2;37.0
1979-02-04;-999.000;2;17.0
1979-02-05;-999.000;2;21.0
1979-02-06;-999.000;2;19.0
1979-02-07;-999.000;2;34.0
1979-02-08;-999.000;2;9.0
1979-02-09;-999.000;2;30.0
1979-02-10;-999.000;2;39.0
1979-02-11;-999.000;2;51.0
1979-02-12;-999.000;2;22.0
1979-02-13;-999.000;2;19.0
1979-02-14;-999.000;2;142.0
1979-02-15;-999.000;2;9.0
1979-02-16;-999.000;2;16.0
1979-02-17;-999.000;2;28.0
1979-02-18;-999.000;2;19.0
1979-02-19;-999.000;2;14.0
1979-02-20;-999.000;2;9.0
1979-02-21;-999.000;2;16.0
1979-02-22;-999.000;2;18.0
1979-02-23;-999.000;2;15.0
1979-02-24;-999.000;2;15.0
1979-02-25;-999.000;2;13.0
1979-02-26;-999.000;2;22.0
1979-02-27;-999.000;2;12.0
1979-02-28;-999.000;2;22.0
1979-03-01;-999.000;3;4.0
1979-03-02;-999.000;3;59.0
1979-03-03;-999.000;3;15.0
1979-03-04;-999.000;3;18.0
1979-03-05;-999.000;3;14.0
1979-03-06;-999.000;3;60.0
1979-03-07;-999.000;3;17.0
1979-03-08;-999.000;3;48.0
1979-03-09;-999.000;3;14.0
1979-03-10;-999.000;3;239.0
1979-03-11;-999.000;3;32.0
1979-03-12;-999.000;3;48.0
1979-03-13;-999.000;3;10.0
1979-03-14;-999.000;3;69.0
1979-03-15;-999.000;3;40.0
1979-03-16;-999.000;3;28.0
1979-03-17;-999.000;3;28.0
1979-03-18;-999.000;3;22.0
1979-03-19;-999.000;3;31.0
1979-03-20;-999.000;3;9.0
1979-03-21;-999.000;3;11.0
1979-03-22;-999.000;3;21.0
1979-03-23;-999.000;3;56.0
1979-03-24;-999.000;3;13.0
1979-03-25;-999.000;3;22.0
1979-03-26;-999.000;3;12.0
1979-03-27;-999.000;3;8.0
1979-03-28;-999.000;3;55.0
1979-03-29;-999.000;3;14.0
1979-03-30;-999.000;3;11.0
1979-03-31;-999.000;3;64.0
1979-04-01;-999.000;4;19.0
1979-04-02;-999.000;4;25.0
1979-04-03;-999.000;4;41.0
1979-04-04;-999.000;4;17.0
1979-04-05;-999.000;4;55.0
1979-04-06;-999.000;4;22.0
1979-04-07;-999.000;4;134.0
1979-04-08;-999.000;4;41.0
1979-04-09;-999.000;4;226.0
1979-04-10;-999.000;4;330.0
1979-04-11;-999.000;4;69.0
1979-04-12;-999.000;4;23.0
1979-04-13;-999.000;4;26.0
1979-04-14;-999.000;4;17.0
1979-04-15;-999.000;4;105.0
1979-04-16;-999.000;4;62.0
1979-04-17;-999.000;4;27.0
1979-04-18;-999.000;4;16.0
1979-04-19;-999.000;4;4.0
1979-04-20;-999.000;4;18.0
1979-04-21;-999.000;4;127.0
1979-04-22;-999.000;4;42.0
1979-04-23;-999.000;4;92.0
1979-04-24;-999.000;4;44.0
1979-04-25;-999.000;4;17.0
1979-04-26;-999.000;4;92.0
1979-04-27;-999.000;4;41.0
1979-04-28;-999.000;4;24.0
1979-04-29;-999.000;4;330.0
1979-04-30;-999.000;4;14.0
1979-05-01;-999.000;5;26.0
1979-05-02;-999.000;5;33.0
1979-05-03;-999.000;5;16.0
1979-05-04;-999.000;5;31.0
1979-05-05;-999.000;5;24.0
1979-05-06;-999.000;5;90.0
1979-05-07;-999.000;5;91.0
1979-05-08;-999.000;5;32.0
1979-05-09;-999.000;5;17.0
1979-05-10;-999.000;5;29.0
1979-05-11;-999.000;5;22.0
1979-05-12;-999.000;5;176.0
1979-05-13;-999.000;5;40.0
1979-05-14;-999.000;5;45.0
1979-05-15;-999.000;5;27.0
1979-05-16;-999.000;5;37.0
1979-05-17;-999.000;5;28.0
1979-05-18;-999.000;5;47.0
1979-05-19;-999.000;5;57.0
1979-05-20;-999.000;5;28.0
1979-05-21;-999.000;5;14.0
1979-05-22;-999.000;5;25.0
1979-05-23;-999.000;5;50.0
1979-05-24;-999.000;5;39.0
1979-05-25;-999.000;5;22.0
1979-05-26;-999.000;5;39.0
1979-05-27;-999.000;5;12.0
1979-05-28;-999.000;5;23.0
1979-05-29;-999.000;5;28.0
1979-05-30;-999.000;5;29.0
1979-05-31;-999.000;5;31.0
1979-06-01;-999.000;6;59.0
1979-06-02;-999.000;6;24.0
1979-06-03;-999.000;6;13.0
1979-06-04;-999.000;6;59.0
1979-06-05;-999.000;6;65.0
1979-06-06;-999.000;6;41.0
1979-06-07;-999.000;6;37.0
1979-06-08;-999.000;6;48.0
1979-06-09;-999.000;6;20.0
1979-06-10;-999.000;6;31.0
1979-06-11;-999.000;6;102.0
1979-06-12;-999.000;6;45.0
1979-06-13;-999.000;6;58.0
1979-06-14;-999.000;6;144.0
1979-06-15;-999.000;6;32.0
1979-06-16;-999.000;6;39.0
1979-06-17;-999.000;6;15.0
1979-06-18;-999.000;6;87.0
1979-06-19;-999.000;6;25.0
1979-06-20;-999.000;6;45.0
1979-06-21;-999.000;6;11.0
1979-06-22;-999.000;6;18.0
1979-06-23;-999.000;6;19.0
1979-06-24;-999.000;6;26.0
1979-06-25;-999.000;6;25.0
1979-06-26;-999.000;6;85.0
1979-06-27;-999.000;6;62.0
1979-06-28;-999.000;6;40.0
1979-06-29;-999.000;6;102.0
1979-06-30;-999.000;6;48.0
1979-07-01;-999.000;7;37.0
1979-07-02;-999.000;7;54.0
1979-07-03;-999.000;7;94.0
1979-07-04;-999.000;7;25.0
1979-07-05;-999.000;7;26.0
1979-07-06;-999.000;7;24.0
1979-07-07;-999.000;7;139.0
1979-07-08;-999.000;7;40.0
1979-07-09;-999.000;7;21.0
1979-07-10;-999.000;7;64.0
1979-07-11;-999.000;7;21.0
1979-07-12;-999.000;7;56.0
1979-07-13;-999.000;7;42.0
1979-07-14;-999.000;7;195.0
1979-07-15;-999.000;7;95.0
1979-07-16;-999.000;7;31.0
1979-07-17;-999.000;7;23.0
1979-07-18;-999.000;7;58.0
1979-07-19;-999.000;7;15.0
1979-07-20;-999.000;7;40.0
1979-07-21;-999.000;7;57.0
1979-07-22;-999.000;7;38.0
1979-07-23;-999.000;7;55.0
1979-07-24;-999.000;7;15.0
1979-07-25;-999.000;7;21.0
1979-07-26;-999.000;7;59.0
1979-07-27;-999.000;7;60.0
1979-07-28;-999.000;7;91.0
1979-07-29;-999.000;7;20.0
1979-07-30;-999.000;7;36.0
1979-07-31;-999.000;7;117.0
1979-08-01;-999.000;8;32.0
1979-08-02;-999.000;8;89.0
1979-08-03;-999.000;8;121.0
1979-08-04;-999.000;8;28.0
1979-08-05;-999.000;8;154.0
1979-08-06;-999.000;8;45.0
1979-08-07;-999.000;8;158.0
1979-08-08;-999.000;8;40.0
1979-08-09;-999.000;8;196.0
1979-08-10;-999.000;8;54.0
1979-08-11;-999.000;8;50.0
1979-08-12;-999.000;8;19.0
1979-08-13;-999.000;8;95.0
1979-08-14;-999.000;8;62.0
1979-08-15;-999.000;8;30.0
1979-08-16;-999.000;8;62.0
1979-08-17;-999.000;8;24.0
1979-08-18;-999.000;8;37.0
1979-08-19;-999.000;8;14.0
1979-08-20;-999.000;8;89.0
1979-08-21;-999.000;8;61.0
1979-08-22;-999.000;8;34.0
1979-08-23;-999.000;8;41.0
1979-08-24;-999.000;8;20.0
1979-08-25;-999.000;8;97.0
1979-08-26;-999.000;8;45.0
1979-08-27;-999.000;8;46.0
1979-08-28;-999.000;8;48.0
1979-08-29;-999.000;8;88.0
1979-08-30;-999.000;8;59.0
1979-08-31;-999.000;8;138.0
1979-09-01;-999.000;9;22.0
1979-09-02;-999.000;9;51.0
1979-09-03;-999.000;9;115.0
1979-09-04;-999.000;9;41.0
1979-09-05;-999.000;9;133.0
1979-09-06;-999.000;9;40.0
1979-09-07;-999.000;9;16.0
1979-09-08;-999.000;9;45.0
1979-09-09;-999.000;9;86.0
1979-09-10;-999.000;9;82.0
1979-09-11;-999.000;9;41.0
1979-09-12;-999.000;9;90.0
1979-09-13;-999.000;9;130.0
1979-09-14;-999.000;9;86.0
1979-09-15;-999.000;9;32.0
1979-09-16;-999.000;9;78.0
1979-09-17;-999.000;9;80.0
1979-09-18;-999.000;9;40.0
1979-09-19;-999.000;9;45.0
1979-09-20;-999.000;9;34.0
1979-09-21;-999.000;9;16.0
1979-09-22;-999.000;9;21.0
1979-09-23;-999.000;9;84.0
1979-09-24;-999.000;9;36.0
1979-09-25;-999.000;9;30.0
1979-09-26;-999.000;9;13.0
1979-09-27;-999.000;9;34.0
1979-09-28;-999.000;9;95.0
1979-09-29;-999.000;9;65.0
1979-09-30;-999.000;9;107.0
1979-10-01;-999.000;10;24.0
1979-10-02;-999.000;10;17.0
1979-10-03;-999.000;10;36.0
1979-10-04;-999.000;10;15.0
1979-10-05;-999.000;10;19.0
1979-10-06;-999.000;10;35.0
1979-10-07;-999.000;10;22.0
1979-10-08;-999.000;10;44.0
1979-10-09;-999.000;10;32.0
1979-10-10;-999.000;10;55.0
1979-10-11;-999.000;10;55.0
1979-10-12;-999.000;10;73.0
1979-10-13;-999.000;10;70.0
1979-10-14;-999.000;10;22.0
1979-10-15;-999.000;10;46.0
1979-10-16;-999.000;10;66.0
1979-10-17;-999.000;10;86.0
1979-10-18;-999.000;10;54.0
1979-10-19;-999.000;10;19.0
1979-10-20;-999.000;10;55.0
1979-10-21;-999.000;10;84.0
1979-10-22;-999.000;10;25.0
1979-10-23;-999.000;10;14.0
1979-10-24;-999.000;10;43.0
1979-10-25;-999.000;10;27.0
1979-10-26;-999.000;10;30.0
1979-10-27;-999.000;10;43.0
1979-10-28;-999.000;10;68.0
1979-10-29;-999.000;10;15.0
1979-10-30;-999.000;10;38.0
1979-10-31;-999.000;10;54.0
1979-11-01;-999.000;11;17.0
1979-11-02;-999.000;11;21.0
1979-11-03;-999.000;11;18.0
1979-11-04;-999.000;11;24.0
1979-11-05;-999.000;11;51.0
1979-11-06;-999.000;11;31.0
1979-11-07;-999.000;11;38.0
1979-11-08;-999.000;11;47.0
1979-11-09;-999.000;11;21.0
1979-11-10;-999.000;11;24.0
1979-11-11;-999.000;11;26.0
1979-11-12;-999.000;11;14.0
1979-11-13;-999.000;11;32.0
1979-11-14;-999.000;11;26.0
1979-11-15;-999.000;11;67.0
1979-11-16;-999.000;11;46.0
1979-11-17;-999.000;11;32.0
1979-11-18;-999.000;11;29.0
1979-11-19;-999.000;11;37.0
1979-11-20;-999.000;11;53.0
1979-11-21;-999.000;11;33.0
1979-11-22;-999.000;11;34.0
1979-11-23;-999.000;11;31.0
1979-11-24;-999.000;11;56.0
1979-11-25;-999.000;11;33.0
1979-11-26;-999.000;11;41.0
1979-11-27;-999.000;11;11.0
1979-11-28;-999.000;11;74.0
1979-11-29;-999.000;11;22.0
1979-11-30;-999.000;11;24.0
1979-12-01;-999.000;12;17.0
1979-12-02;-999.000;12;59.0
1979-12-03;-999.000;12;6.0
1979-12-04;-999.000;12;23.0
1979-12-05;-999.000;12;21.0
1979-12-06;-999.000;12;15.0
1979-12-07;-999.000;12;15.0
1979-12-08;-999.000;12;29.0
1979-12-09;-999.000;12;33.0
1979-12-10;-999.000;12;21.0
1979-12-11;-999.000;12;27.0
1979-12-12;-999.000;12;22.0
1979-12-13;-999.000;12;32.0
1979-12-14;-999.000;12;20.0
1979-12-15;-999.000;12;50.0
1979-12-16;-999.000;12;35.0
1979-12-17;-999.000;12;32.0
1979-12-18;-999.000;12;15.0
1979-12-19;-999.000;12;33.0
1979-12-20;-999.000;12;46.0
1979-12-21;-999.000;12;34.0
1979-12-22;-999.000;12;39.0
1979-12-23;-999.000;12;10.0
1979-12-24;-999.000;12;16.0
1979-12-25;-999.000;12;46.0
1979-12-26;-999.000;12;18.0
1979-12-27;-999.000;12;27.0
1979-12-28;-999.000;12;15.0
1979-12-29;-999.000;12;40.0
1979-12-30;-999.000;12;45.0
1979-12-31;-999.000;12;19.0
1980-01-01;20.0;1;20.0
1980-01-02;20.0;1;20.0
1980-01-03;16.0;1;16.0
1980-01-04;20.0;1;20.0
1980-01-05;26.0;1;26.0
1980-01-06;20.0;1;20.0
1980-01-07;15.0;1;15.0
1980-01-08;22.0;1;22.0
1980-01-09;15.0;1;15.0
1980-01-10;15.0;1;15.0
1980-01-11;44.0;1;44.0
1980-01-12;26.0;1;26.0
1980-01-13;14.0;1;14.0
1980-01-14;13.0;1;13.0
1980-01-15;20.0;1;20.0
1980-01-16;16.0;1;16.0
1980-01-17;15.0;1;15.0
1980-01-18;15.0;1;15.0
1980-01-19;12.0;1;12.0
1980-01-20;12.0;1;12.0
1980-01-21;13.0;1;13.0
1980-01-22;11.0;1;11.0
1980-01-23;15.0;1;15.0
1980-01-24;13.0;1;13.0
1980-01-25;11.0;1;11.0
1980-01-26;358.0;1;358.0
1980-01-27;97.0;1;97.0
1980-01-28;40.0;1;40.0
1980-01-29;70.0;1;70.0
1980-01-30;40.0;1;40.0
1980-01-31;29.0;1;29.0
1980-02-01;36.0;2;36.0
1980-02-02;29.0;2;29.0
1980-02-03;31.0;2;31.0
1980-02-04;28.0;2;28.0
1980-02-05;25.0;2;25.0
1980-02-06;23.0;2;23.0
1980-02-07;22.0;2;22.0
1980-02-08;21.0;2;21.0
1980-02-09;19.0;2;19.0
1980-02-10;17.0;2;17.0
1980-02-11;16.0;2;16.0
1980-02-12;14.0;2;14.0
1980-02-13;13.0;2;13.0
1980-02-14;11.0;2;11.0
1980-02-15;9.0;2;9.0
1980-02-16;24.0;2;24.0
1980-02-17;11.0;2;11.0
1980-02-18;17.0;2;17.0
1980-02-19;12.0;2;12.0
1980-02-20;15.0;2;15.0
1980-02-21;29.0;2;29.0
1980-02-22;20.0;2;20.0
1980-02-23;11.0;2;11.0
1980-02-24;10.0;2;10.0
1980-02-25;9.0;2;9.0
1980-02-26;20.0;2;20.0
1980-02-27;14.0;2;14.0
1980-02-28;13.0;2;13.0
1980-02-29;-999.000;2;56.0
1980-03-01;15.0;3;15.0
1980-03-02;14.0;3;14.0
1980-03-03;20.0;3;20.0
1980-03-04;15.0;3;15.0
1980-03-05;15.0;3;15.0
1980-03-06;22.0;3;22.0
1980-03-07;20.0;3;20.0
1980-03-08;14.0;3;14.0
1980-03-09;22.0;3;22.0
1980-03-10;70.0;3;70.0
1980-03-11;40.0;3;40.0
1980-03-12;25.0;3;25.0
1980-03-13;11.0;3;11.0
1980-03-14;22.0;3;22.0
1980-03-15;26.0;3;26.0
1980-03-16;22.0;3;22.0
1980-03-17;31.0;3;31.0
1980-03-18;24.0;3;24.0
1980-03-19;44.0;3;44.0
1980-03-20;21.0;3;21.0
1980-03-21;18.0;3;18.0
1980-03-22;21.0;3;21.0
1980-03-23;15.0;3;15.0
1980-03-24;15.0;3;15.0
1980-03-25;12.0;3;12.0
1980-03-26;20.0;3;20.0
1980-03-27;21.0;3;21.0
1980-03-28;33.0;3;33.0
1980-03-29;21.0;3;21.0
1980-03-30;20.0;3;20.0
1980-03-31;94.0;3;94.0
1980-04-01;85.0;4;85.0
1980-04-02;44.0;4;44.0
1980-04-03;35.0;4;35.0
1980-04-04;27.0;4;27.0
1980-04-05;69.0;4;69.0
1980-04-06;43.0;4;43.0
1980-04-07;42.0;4;42.0
1980-04-08;94.0;4;94.0
1980-04-09;66.0;4;66.0
1980-04-10;96.0;4;96.0
1980-04-11;84.0;4;84.0
1980-04-12;94.0;4;94.0
1980-04-13;127.0;4;127.0
1980-04-14;91.0;4;91.0
1980-04-15;92.0;4;92.0
1980-04-16;76.0;4;76.0
1980-04-17;56.0;4;56.0
1980-04-18;55.0;4;55.0
1980-04-19;93.0;4;93.0
1980-04-20;42.0;4;42.0
1980-04-21;38.0;4;38.0
1980-04-22;39.0;4;39.0
1980-04-23;75.0;4;75.0
1980-04-24;40.0;4;40.0
1980-04-25;34.0;4;34.0
1980-04-26;51.0;4;51.0
1980-04-27;58.0;4;58.0
1980-04-28;39.0;4;39.0
1980-04-29;32.0;4;32.0
1980-04-30;38.0;4;38.0
1980-05-01;35.0;5;35.0
1980-05-02;34.0;5;34.0
1980-05-03;60.0;5;60.0
1980-05-04;42.0;5;42.0
1980-05-05;36.0;5;36.0
1980-05-06;52.0;5;52.0
1980-05-07;59.0;5;59.0
1980-05-08;83.0;5;83.0
1980-05-09;54.0;5;54.0
1980-05-10;40.0;5;40.0
1980-05-11;57.0;5;57.0
1980-05-12;42.0;5;42.0
1980-05-13;36.0;5;36.0
1980-05-14;75.0;5;75.0
1980-05-15;45.0;5;45.0
1980-05-16;46.0;5;46.0
1980-05-17;39.0;5;39.0
1980-05-18;35.0;5;35.0
1980-05-19;39.0;5;39.0
1980-05-20;36.0;5;36.0
1980-05-21;106.0;5;106.0
1980-05-22;53.0;5;53.0
1980-05-23;44.0;5;44.0
1980-05-24;53.0;5;53.0
1980-05-25;43.0;5;43.0
1980-05-26;42.0;5;42.0
1980-05-27;91.0;5;91.0
1980-05-28;90.0;5;90.0
1980-05-29;50.0;5;50.0
1980-05-30;47.0;5;47.0
1980-05-31;118.0;5;118.0
1980-06-01;183.0;6;183.0
1980-06-02;69.0;6;69.0
1980-06-03;54.0;6;54.0
1980-06-04;51.0;6;51.0
1980-06-05;46.0;6;46.0
1980-06-06;104.0;6;104.0
1980-06-07;65.0;6;65.0
1980-06-08;64.0;6;64.0
1980-06-09;79.0;6;79.0
1980-06-10;83.0;6;83.0
1980-06-11;99.0;6;99.0
1980-06-12;73.0;6;73.0
1980-06-13;78.0;6;78.0
1980-06-14;82.0;6;82.0
1980-06-15;79.0;6;79.0
1980-06-16;81.0;6;81.0
1980-06-17;93.0;6;93.0
1980-06-18;83.0;6;83.0
1980-06-19;68.0;6;68.0
1980-06-20;59.0;6;59.0
1980-06-21;71.0;6;71.0
1980-06-22;75.0;6;75.0
1980-06-23;63.0;6;63.0
1980-06-24;50.0;6;50.0
1980-06-25;57.0;6;57.0
1980-06-26;99.0;6;99.0
1980-06-27;126.0;6;126.0
1980-06-28;120.0;6;120.0
1980-06-29;68.0;6;68.0
1980-06-30;97.0;6;97.0
1980-07-01;22.0;7;22.0
1980-07-02;23.0;7;23.0
1980-07-03;22.0;7;22.0
1980-07-04;23.0;7;23.0
1980-07-05;23.0;7;23.0
1980-07-06;20.0;7;20.0
1980-07-07;27.0;7;27.0
1980-07-08;28.0;7;28.0
1980-07-09;25.0;7;25.0
1980-07-10;19.0;7;19.0
1980-07-11;20.0;7;20.0
1980-07-12;20.0;7;20.0
1980-07-13;19.0;7;19.0
1980-07-14;21.0;7;21.0
1980-07-15;24.0;7;24.0
1980-07-16;25.0;7;25.0
1980-07-17;28.0;7;28.0
1980-07-18;23.0;7;23.0
1980-07-19;23.0;7;23.0
1980-07-20;28.0;7;28.0
1980-07-21;23.0;7;23.0
1980-07-22;19.0;7;19.0
1980-07-23;19.0;7;19.0
1980-07-24;23.0;7;23.0
1980-07-25;19.0;7;19.0
1980-07-26;19.0;7;19.0
1980-07-27;21.0;7;21.0
1980-07-28;21.0;7;21.0
1980-07-29;22.0;7;22.0
1980-07-30;16.0;7;16.0
1980-07-31;18.0;7;18.0
1980-08-01;21.0;8;21.0
1980-08-02;23.0;8;23.0
1980-08-03;22.0;8;22.0
1980-08-04;20.0;8;20.0
1980-08-05;23.0;8;23.0
1980-08-06;20.0;8;20.0
1980-08-07;23.0;8;23.0
1980-08-08;20.0;8;20.0
1980-08-09;19.0;8;19.0
1980-08-10;21.0;8;21.0
1980-08-11;21.0;8;21.0
1980-08-12;19.0;8;19.0
1980-08-13;19.0;8;19.0
1980-08-14;23.0;8;23.0
1980-08-15;25.0;8;25.0
1980-08-16;25.0;8;25.0
1980-08-17;15.0;8;15.0
1980-08-18;25.0;8;25.0
1980-08-19;28.0;8;28.0
1980-08-20;22.0;8;22.0
1980-08-21;22.0;8;22.0
1980-08-22;19.0;8;19.0
1980-08-23;19.0;8;19.0
1980-08-24;18.0;8;18.0
1980-08-25;71.0;8;71.0
1980-08-26;45.0;8;45.0
1980-08-27;56.0;8;56.0
1980-08-28;55.0;8;55.0
1980-08-29;32.0;8;32.0
1980-08-30;22.0;8;22.0
1980-08-31;-999.000;8;24.0
1980-09-01;15.0;9;15.0
1980-09-02;165.0;9;165.0
1980-09-03;70.0;9;70.0
1980-09-04;57.0;9;57.0
1980-09-05;80.0;9;80.0
1980-09-06;80.0;9;80.0
1980-09-07;40.0;9;40.0
1980-09-08;37.0;9;37.0
1980-09-09;33.0;9;33.0
1980-09-10;30.0;9;30.0
1980-09-11;33.0;9;33.0
1980-09-12;23.0;9;23.0
1980-09-13;25.0;9;25.0
1980-09-14;26.0;9;26.0
1980-09-15;23.0;9;23.0
1980-09-16;25.0;9;25.0
1980-09-17;25.0;9;25.0
1980-09-18;34.0;9;34.0
1980-09-19;33.0;9;33.0
1980-09-20;30.0;9;30.0
1980-09-21;27.0;9;27.0
1980-09-22;23.0;9;23.0
1980-09-23;23.0;9;23.0
1980-09-24;23.0;9;23.0
1980-09-25;19.0;9;19.0
1980-09-26;21.0;9;21.0
1980-09-27;19.0;9;19.0
1980-09-28;19.0;9;19.0
1980-09-29;21.0;9;21.0
1980-09-30;15.0;9;15.0
1980-10-01;9.0;10;9.0
1980-10-02;9.0;10;9.0
1980-10-03;9.0;10;9.0
1980-10-04;12.0;10;12.0
1980-10-05;19.0;10;19.0
1980-10-06;12.0;10;12.0
1980-10-07;17.0;10;17.0
1980-10-08;9.0;10;9.0
1980-10-09;12.0;10;12.0
1980-10-10;19.0;10;19.0
1980-10-11;19.0;10;19.0
1980-10-12;12.0;10;12.0
1980-10-13;9.0;10;9.0
1980-10-14;15.0;10;15.0
1980-10-15;14.0;10;14.0
1980-10-16;19.0;10;19.0
1980-10-17;15.0;10;15.0
1980-10-18;15.0;10;15.0
1980-10-19;14.0;10;14.0
1980-10-20;14.0;10;14.0
1980-10-21;12.0;10;12.0
1980-10-22;19.0;10;19.0
1980-10-23;15.0;10;15.0
1980-10-24;13.0;10;13.0
1980-10-25;17.0;10;17.0
1980-10-26;15.0;10;15.0
1980-10-27;30.0;10;30.0
1980-10-28;17.0;10;17.0
1980-10-29;19.0;10;19.0
1980-10-30;14.0;10;14.0
1980-10-31;-999.000;10;32.0
1980-11-01;15.0;11;15.0
1980-11-02;13.0;11;13.0
1980-11-03;17.0;11;17.0
1980-11-04;26.0;11;26.0
1980-11-05;24.0;11;24.0
1980-11-06;26.0;11;26.0
1980-11-07;88.0;11;88.0
1980-11-08;56.0;11;56.0
1980-11-09;18.0;11;18.0
1980-11-10;11.0;11;11.0
1980-11-11;29.0;11;29.0
1980-11-12;23.0;11;23.0
1980-11-13;21.0;11;21.0
1980-11-14;21.0;11;21.0
1980-11-15;25.0;11;25.0
1980-11-16;27.0;11;27.0
1980-11-17;42.0;11;42.0
1980-11-18;23.0;11;23.0
1980-11-19;22.0;11;22.0
1980-11-20;21.0;11;21.0
1980-11-21;19.0;11;19.0
1980-11-22;17.0;11;17.0
1980-11-23;16.0;11;16.0
1980-11-24;15.0;11;15.0
1980-11-25;15.0;11;15.0
1980-11-26;21.0;11;21.0
1980-11-27;16.0;11;16.0
1980-11-28;16.0;11;16.0
1980-11-29;16.0;11;16.0
1980-11-30;15.0;11;15.0
1980-12-01;57.0;12;57.0
1980-12-02;84.0;12;84.0
1980-12-03;44.0;12;44.0
1980-12-04;42.0;12;42.0
1980-12-05;36.0;12;36.0
1980-12-06;29.0;12;29.0
1980-12-07;25.0;12;25.0
1980-12-08;39.0;12;39.0
1980-12-09;39.0;12;39.0
1980-12-10;22.0;12;22.0
1980-12-11;20.0;12;20.0
1980-12-12;24.0;12;24.0
1980-12-13;20.0;12;20.0
1980-12-14;20.0;12;20.0
1980-12-15;36.0;12;36.0
1980-12-16;34.0;12;34.0
1980-12-17;42.0;12;42.0
1980-12-18;36.0;12;36.0
1980-12-19;22.0;12;22.0
1980-12-20;20.0;12;20.0
1980-12-21;21.0;12;21.0
1980-12-22;18.0;12;18.0
1980-12-23;28.0;12;28.0
1980-12-24;25.0;12;25.0
1980-12-25;25.0;12;25.0
1980-12-26;18.0;12;18.0
1980-12-27;17.0;12;17.0
1980-12-28;17.0;12;17.0
1980-12-29;17.0;12;17.0
1980-12-30;16.0;12;16.0
1980-12-31;24.0;12;24.0
1981-01-01;29.0;1;29.0
1981-01-02;21.0;1;21.0
1981-01-03;21.0;1;21.0
1981-01-04;19.0;1;19.0
1981-01-05;28.0;1;28.0
1981-01-06;21.0;1;21.0
1981-01-07;18.0;1;18.0
1981-01-08;29.0;1;29.0
1981-01-09;24.0;1;24.0
1981-01-10;20.0;1;20.0
1981-01-11;19.0;1;19.0
1981-01-12;19.0;1;19.0
1981-01-13;17.0;1;17.0
1981-01-14;16.0;1;16.0
1981-01-15;120.0;1;120.0
1981-01-16;14.0;1;14.0
1981-01-17;14.0;1;14.0
1981-01-18;16.0;1;16.0
1981-01-19;14.0;1;14.0
1981-01-20;14.0;1;14.0
1981-01-21;17.0;1;17.0
1981-01-22;17.0;1;17.0
1981-01-23;15.0;1;15.0
1981-01-24;14.0;1;14.0
1981-01-25;13.0;1;13.0
1981-01-26;13.0;1;13.0
1981-01-27;20.0;1;20.0
1981-01-28;15.0;1;15.0
1981-01-29;14.0;1;14.0
1981-01-30;-999.000;1;6.0
1981-01-31;-999.000;1;12.0
1981-02-01;13.0;2;13.0
1981-02-02;12.0;2;12.0
1981-02-03;14.0;2;14.0
1981-02-04;21.0;2;21.0
1981-02-05;13.0;2;13.0
1981-02-06;12.0;2;12.0
1981-02-07;14.0;2;14.0
1981-02-08;16.0;2;16.0
1981-02-09;12.0;2;12.0
1981-02-10;13.0;2;13.0
1981-02-11;12.0;2;12.0
1981-02-12;13.0;2;13.0
1981-02-13;161.0;2;161.0
1981-02-14;60.0;2;60.0
1981-02-15;120.0;2;120.0
1981-02-16;46.0;2;46.0
1981-02-17;41.0;2;41.0
1981-02-18;31.0;2;31.0
1981-02-19;27.0;2;27.0
1981-02-20;36.0;2;36.0
1981-02-21;25.0;2;25.0
1981-02-22;22.0;2;22.0
1981-02-23;24.0;2;24.0
1981-02-24;33.0;2;33.0
1981-02-25;58.0;2;58.0
1981-02-26;50.0;2;50.0
1981-02-27;61.0;2;61.0
1981-02-28;107.0;2;107.0
1981-03-01;54.0;3;54.0
1981-03-02;48.0;3;48.0
1981-03-03;43.0;3;43.0
1981-03-04;40.0;3;40.0
1981-03-05;49.0;3;49.0
1981-03-06;41.0;3;41.0
1981-03-07;45.0;3;45.0
1981-03-08;34.0;3;34.0
1981-03-09;34.0;3;34.0
1981-03-10;39.0;3;39.0
1981-03-11;33.0;3;33.0
1981-03-12;29.0;3;29.0
1981-03-13;27.0;3;27.0
1981-03-14;24.0;3;24.0
1981-03-15;31.0;3;31.0
1981-03-16;29.0;3;29.0
1981-03-17;48.0;3;48.0
1981-03-18;67.0;3;67.0
1981-03-19;156.0;3;156.0
1981-03-20;203.0;3;203.0
1981-03-21;118.0;3;118.0
1981-03-22;134.0;3;134.0
1981-03-23;76.0;3;76.0
1981-03-24;56.0;3;56.0
1981-03-25;55.0;3;55.0
1981-03-26;117.0;3;117.0
1981-03-27;63.0;3;63.0
1981-03-28;67.0;3;67.0
1981-03-29;60.0;3;60.0
1981-03-30;48.0;3;48.0
1981-03-31;-999.000;3;52.0
1981-04-01;70.0;4;70.0
1981-04-02;92.0;4;92.0
1981-04-03;72.0;4;72.0
1981-04-04;144.0;4;144.0
1981-04-05;91.0;4;91.0
1981-04-06;77.0;4;77.0
1981-04-07;85.0;4;85.0
1981-04-08;67.0;4;67.0
1981-04-09;57.0;4;57.0
1981-04-10;50.0;4;50.0
1981-04-11;50.0;4;50.0
1981-04-12;64.0;4;64.0
1981-04-13;92.0;4;92.0
1981-04-14;60.0;4;60.0
1981-04-15;45.0;4;45.0
1981-04-16;40.0;4;40.0
1981-04-17;65.0;4;65.0
1981-04-18;76.0;4;76.0
1981-04-19;86.0;4;86.0
1981-04-20;48.0;4;48.0
1981-04-21;58.0;4;58.0
1981-04-22;70.0;4;70.0
1981-04-23;89.0;4;89.0
1981-04-24;52.0;4;52.0
1981-04-25;52.0;4;52.0
1981-04-26;91.0;4;91.0
1981-04-27;55.0;4;55.0
1981-04-28;44.0;4;44.0
1981-04-29;42.0;4;42.0
1981-04-30;42.0;4;42.0
1981-05-01;37.0;5;37.0
1981-05-02;47.0;5;47.0
1981-05-03;47.0;5;47.0
1981-05-04;43.0;5;43.0
1981-05-05;40.0;5;40.0
1981-05-06;41.0;5;41.0
1981-05-07;65.0;5;65.0
1981-05-08;109.0;5;109.0
1981-05-09;126.0;5;126.0
1981-05-10;75.0;5;75.0
1981-05-11;210.0;5;210.0
1981-05-12;118.0;5;118.0
1981-05-13;72.0;5;72.0
1981-05-14;79.0;5;79.0
1981-05-15;67.0;5;67.0
1981-05-16;73.0;5;73.0
1981-05-17;58.0;5;58.0
1981-05-18;62.0;5;62.0
1981-05-19;54.0;5;54.0
1981-05-20;90.0;5;90.0
1981-05-21;69.0;5;69.0
1981-05-22;67.0;5;67.0
1981-05-23;52.0;5;52.0
1981-05-24;60.0;5;60.0
1981-05-25;57.0;5;57.0
1981-05-26;117.0;5;117.0
1981-05-27;160.0;5;160.0
1981-05-28;132.0;5;132.0
1981-05-29;70.0;5;70.0
1981-05-30;91.0;5;91.0
1981-05-31;-999.000;5;43.0
1981-06-01;73.0;6;73.0
1981-06-02;115.0;6;115.0
1981-06-03;77.0;6;77.0
1981-06-04;128.0;6;128.0
1981-06-05;103.0;6;103.0
1981-06-06;78.0;6;78.0
1981-06-07;65.0;6;65.0
1981-06-08;64.0;6;64.0
1981-06-09;88.0;6;88.0
1981-06-10;120.0;6;120.0
1981-06-11;64.0;6;64.0
1981-06-12;77.0;6;77.0
1981-06-13;79.0;6;79.0
1981-06-14;132.0;6;132.0
1981-06-15;135.0;6;135.0
1981-06-16;131.0;6;131.0
1981-06-17;88.0;6;88.0
1981-06-18;75.0;6;75.0
1981-06-19;72.0;6;72.0
1981-06-20;75.0;6;75.0
1981-06-21;77.0;6;77.0
1981-06-22;81.0;6;81.0
1981-06-23;82.0;6;82.0
1981-06-24;58.0;6;58.0
1981-06-25;46.0;6;46.0
1981-06-26;39.0;6;39.0
1981-06-27;39.0;6;39.0
1981-06-28;37.0;6;37.0
1981-06-29;33.0;6;33.0
1981-06-30;32.0;6;32.0
1981-07-01;56.0;7;56.0
1981-07-02;42.0;7;42.0
1981-07-03;34.0;7;34.0
1981-07-04;30.0;7;30.0
1981-07-05;28.0;7;28.0
1981-07-06;49.0;7;49.0
1981-07-07;38.0;7;38.0
1981-07-08;39.0;7;39.0
1981-07-09;84.0;7;84.0
1981-07-10;53.0;7;53.0
1981-07-11;35.0;7;35.0
1981-07-12;38.0;7;38.0
1981-07-13;31.0;7;31.0
1981-07-14;37.0;7;37.0
1981-07-15;71.0;7;71.0
1981-07-16;45.0;7;45.0
1981-07-17;35.0;7;35.0
1981-07-18;42.0;7;42.0
1981-07-19;46.0;7;46.0
1981-07-20;36.0;7;36.0
1981-07-21;29.0;7;29.0
1981-07-22;27.0;7;27.0
1981-07-23;25.0;7;25.0
1981-07-24;26.0;7;26.0
1981-07-25;23.0;7;23.0
1981-07-26;21.0;7;21.0
1981-07-27;29.0;7;29.0
1981-07-28;248.0;7;248.0
1981-07-29;55.0;7;55.0
1981-07-30;38.0;7;38.0
1981-07-31;30.0;7;30.0
1981-08-01;30.0;8;30.0
1981-08-02;26.0;8;26.0
1981-08-03;22.0;8;22.0
1981-08-04;30.0;8;30.0
1981-08-05;54.0;8;54.0
1981-08-06;39.0;8;39.0
1981-08-07;36.0;8;36.0
1981-08-08;31.0;8;31.0
1981-08-09;158.0;8;158.0
1981-08-10;62.0;8;62.0
1981-08-11;105.0;8;105.0
1981-08-12;145.0;8;145.0
1981-08-13;54.0;8;54.0
1981-08-14;54.0;8;54.0
1981-08-15;54.0;8;54.0
1981-08-16;40.0;8;40.0
1981-08-17;56.0;8;56.0
1981-08-18;39.0;8;39.0
1981-08-19;44.0;8;44.0
1981-08-20;34.0;8;34.0
1981-08-21;61.0;8;61.0
1981-08-22;33.0;8;33.0
1981-08-23;45.0;8;45.0
1981-08-24;58.0;8;58.0
1981-08-25;23.0;8;23.0
1981-08-26;28.0;8;28.0
1981-08-27;35.0;8;35.0
1981-08-28;27.0;8;27.0
1981-08-29;21.0;8;21.0
1981-08-30;22.0;8;22.0
1981-08-31;-999.000;8;52.0
1981-09-01;22.0;9;22.0
1981-09-02;24.0;9;24.0
1981-09-03;20.0;9;20.0
1981-09-04;22.0;9;22.0
1981-09-05;21.0;9;21.0
1981-09-06;84.0;9;84.0
1981-09-07;40.0;9;40.0
1981-09-08;73.0;9;73.0
1981-09-09;53.0;9;53.0
1981-09-10;130.0;9;130.0
1981-09-11;58.0;9;58.0
1981-09-12;55.0;9;55.0
1981-09-13;39.0;9;39.0
1981-09-14;33.0;9;33.0
1981-09-15;31.0;9;31.0
1981-09-16;33.0;9;33.0
1981-09-17;27.0;9;27.0
1981-09-18;51.0;9;51.0
1981-09-19;32.0;9;32.0
1981-09-20;44.0;9;44.0
1981-09-21;33.0;9;33.0
1981-09-22;25.0;9;25.0
1981-09-23;22.0;9;22.0
1981-09-24;36.0;9;36.0
1981-09-25;34.0;9;34.0
1981-09-26;73.0;9;73.0
1981-09-27;71.0;9;71.0
1981-09-28;48.0;9;48.0
1981-09-29;6.0;9;6.0
1981-09-30;37.0;9;37.0
1981-10-01;30.0;10;30.0
1981-10-02;35.0;10;35.0
1981-10-03;35.0;10;35.0
1981-10-04;26.0;10;26.0
1981-10-05;24.0;10;24.0
1981-10-06;22.0;10;22.0
1981-10-07;16.0;10;16.0
1981-10-08;16.0;10;16.0
1981-10-09;14.0;10;14.0
1981-10-10;13.0;10;13.0
1981-10-11;14.0;10;14.0
1981-10-12;16.0;10;16.0
1981-10-13;21.0;10;21.0
1981-10-14;16.0;10;16.0
1981-10-15;16.0;10;16.0
1981-10-16;18.0;10;18.0
1981-10-17;13.0;10;13.0
1981-10-18;14.0;10;14.0
1981-10-19;22.0;10;22.0
1981-10-20;23.0;10;23.0
1981-10-21;23.0;10;23.0
1981-10-22;23.0;10;23.0
1981-10-23;208.0;10;208.0
1981-10-24;20.0;10;20.0
1981-10-25;16.0;10;16.0
1981-10-26;14.0;10;14.0
1981-10-27;26.0;10;26.0
1981-10-28;21.0;10;21.0
1981-10-29;15.0;10;15.0
1981-10-30;16.0;10;16.0
1981-10-31;-999.000;10;37.0
1981-11-01;17.0;11;17.0
1981-11-02;14.0;11;14.0
1981-11-03;11.0;11;11.0
1981-11-04;13.0;11;13.0
1981-11-05;11.0;11;11.0
1981-11-06;18.0;11;18.0
1981-11-07;29.0;11;29.0
1981-11-08;33.0;11;33.0
1981-11-09;21.0;11;21.0
1981-11-10;27.0;11;27.0
1981-11-11;16.0;11;16.0
1981-11-12;15.0;11;15.0
1981-11-13;11.0;11;11.0
1981-11-14;9.0;11;9.0
1981-11-15;9.0;11;9.0
1981-11-16;11.0;11;11.0
1981-11-17;9.0;11;9.0
1981-11-18;9.0;11;9.0
1981-11-19;12.0;11;12.0
1981-11-20;14.0;11;14.0
1981-11-21;12.0;11;12.0
1981-11-22;17.0;11;17.0
1981-11-23;11.0;11;11.0
1981-11-24;9.0;11;9.0
1981-11-25;7.0;11;7.0
1981-11-26;7.0;11;7.0
1981-11-27;5.0;11;5.0
1981-11-28;5.0;11;5.0
1981-11-29;5.0;11;5.0
1981-11-30;6.0;11;6.0
1981-12-01;5.0;12;5.0
1981-12-02;5.0;12;5.0
1981-12-03;22.0;12;22.0
1981-12-04;16.0;12;16.0
1981-12-05;8.0;12;8.0
1981-12-06;4.0;12;4.0
1981-12-07;6.0;12;6.0
1981-12-08;35.0;12;35.0
1981-12-09;19.0;12;19.0
1981-12-10;13.0;12;13.0
1981-12-11;8.0;12;8.0
1981-12-12;8.0;12;8.0
1981-12-13;7.0;12;7.0
1981-12-14;15.0;12;15.0
1981-12-15;15.0;12;15.0
1981-12-16;11.0;12;11.0
1981-12-17;10.0;12;10.0
1981-12-18;8.0;12;8.0
1981-12-19;9.0;12;9.0
1981-12-20;8.0;12;8.0
1981-12-21;9.0;12;9.0
1981-12-22;6.0;12;6.0
1981-12-23;8.0;12;8.0
1981-12-24;5.0;12;5.0
1981-12-25;5.0;12;5.0
1981-12-26;5.0;12;5.0
1981-12-27;6.0;12;6.0
1981-12-28;5.0;12;5.0
1981-12-29;10.0;12;10.0
1981-12-30;10.0;12;10.0
1981-12-31;14.0;12;14.0
1982-01-01;7.0;1;7.0
1982-01-02;7.0;1;7.0
1982-01-03;7.0;1;7.0
1982-01-04;9.0;1;9.0
1982-01-05;8.0;1;8.0
1982-01-06;8.0;1;8.0
1982-01-07;9.0;1;9.0
1982-01-08;9.0;1;9.0
1982-01-09;10.0;1;10.0
1982-01-10;14.0;1;14.0
1982-01-11;10.0;1;10.0
1982-01-12;13.0;1;13.0
1982-01-13;11.0;1;11.0
1982-01-14;11.0;1;11.0
1982-01-15;11.0;1;11.0
1982-01-16;12.0;1;12.0
1982-01-17;27.0;1;27.0
1982-01-18;28.0;1;28.0
1982-01-19;55.0;1;55.0
1982-01-20;28.0;1;28.0
1982-01-21;23.0;1;23.0
1982-01-22;20.0;1;20.0
1982-01-23;29.0;1;29.0
1982-01-24;40.0;1;40.0
1982-01-25;96.0;1;96.0
1982-01-26;60.0;1;60.0
1982-01-27;128.0;1;128.0
1982-01-28;85.0;1;85.0
1982-01-29;-999.000;1;20.0
1982-01-30;-999.000;1;16.0
1982-01-31;-999.000;1;97.0
1982-02-01;59.0;2;59.0
1982-02-02;165.0;2;165.0
1982-02-03;72.0;2;72.0
1982-02-04;55.0;2;55.0
1982-02-05;45.0;2;45.0
1982-02-06;56.0;2;56.0
1982-02-07;43.0;2;43.0
1982-02-08;42.0;2;42.0
1982-02-09;39.0;2;39.0
1982-02-10;34.0;2;34.0
1982-02-11;30.0;2;30.0
1982-02-12;31.0;2;31.0
1982-02-13;27.0;2;27.0
1982-02-14;25.0;2;25.0
1982-02-15;31.0;2;31.0
1982-02-16;23.0;2;23.0
1982-02-17;22.0;2;22.0
1982-02-18;23.0;2;23.0
1982-02-19;22.0;2;22.0
1982-02-20;19.0;2;19.0
1982-02-21;26.0;2;26.0
1982-02-22;37.0;2;37.0
1982-02-23;21.0;2;21.0
1982-02-24;19.0;2;19.0
1982-02-25;38.0;2;38.0
1982-02-26;30.0;2;30.0
1982-02-27;23.0;2;23.0
1982-02-28;21.0;2;21.0
1982-03-01;72.0;3;72.0
1982-03-02;38.0;3;38.0
1982-03-03;28.0;3;28.0
1982-03-04;24.0;3;24.0
1982-03-05;86.0;3;86.0
1982-03-06;49.0;3;49.0
1982-03-07;37.0;3;37.0
1982-03-08;53.0;3;53.0
1982-03-09;41.0;3;41.0
1982-03-10;33.0;3;33.0
1982-03-11;65.0;3;65.0
1982-03-12;112.0;3;112.0
1982-03-13;59.0;3;59.0
1982-03-14;40.0;3;40.0
1982-03-15;44.0;3;44.0
1982-03-16;34.0;3;34.0
1982-03-17;64.0;3;64.0
1982-03-18;45.0;3;45.0
1982-03-19;46.0;3;46.0
1982-03-20;43.0;3;43.0
1982-03-21;52.0;3;52.0
1982-03-22;31.0;3;31.0
1982-03-23;26.0;3;26.0
1982-03-24;26.0;3;26.0
1982-03-25;28.0;3;28.0
1982-03-26;70.0;3;70.0
1982-03-27;92.0;3;92.0
1982-03-28;31.0;3;31.0
1982-03-29;24.0;3;24.0
1982-03-30;30.0;3;30.0
1982-03-31;-999.000;3;10.0
1982-04-01;22.0;4;22.0
1982-04-02;19.0;4;19.0
1982-04-03;16.0;4;16.0
1982-04-04;26.0;4;26.0
1982-04-05;15.0;4;15.0
1982-04-06;40.0;4;40.0
1982-04-07;17.0;4;17.0
1982-04-08;22.0;4;22.0
1982-04-09;15.0;4;15.0
1982-04-10;14.0;4;14.0
1982-04-11;19.0;4;19.0
1982-04-12;38.0;4;38.0
1982-04-13;21.0;4;21.0
1982-04-14;22.0;4;22.0
1982-04-15;16.0;4;16.0
1982-04-16;61.0;4;61.0
1982-04-17;38.0;4;38.0
1982-04-18;27.0;4;27.0
1982-04-19;33.0;4;33.0
1982-04-20;55.0;4;55.0
1982-04-21;65.0;4;65.0
1982-04-22;77.0;4;77.0
1982-04-23;50.0;4;50.0
1982-04-24;43.0;4;43.0
1982-04-25;87.0;4;87.0
1982-04-26;61.0;4;61.0
1982-04-27;46.0;4;46.0
1982-04-28;39.0;4;39.0
1982-04-29;54.0;4;54.0
1982-04-30;52.0;4;52.0
1982-05-01;39.0;5;39.0
1982-05-02;29.0;5;29.0
1982-05-03;26.0;5;26.0
1982-05-04;24.0;5;24.0
1982-05-05;22.0;5;22.0
1982-05-06;35.0;5;35.0
1982-05-07;24.0;5;24.0
1982-05-08;58.0;5;58.0
1982-05-09;91.0;5;91.0
1982-05-10;50.0;5;50.0
1982-05-11;91.0;5;91.0
1982-05-12;94.0;5;94.0
1982-05-13;102.0;5;102.0
1982-05-14;100.0;5;100.0
1982-05-15;60.0;5;60.0
1982-05-16;48.0;5;48.0
1982-05-17;43.0;5;43.0
1982-05-18;55.0;5;55.0
1982-05-19;41.0;5;41.0
1982-05-20;182.0;5;182.0
1982-05-21;83.0;5;83.0
1982-05-22;68.0;5;68.0
1982-05-23;81.0;5;81.0
1982-05-24;74.0;5;74.0
1982-05-25;75.0;5;75.0
1982-05-26;57.0;5;57.0
1982-05-27;65.0;5;65.0
1982-05-28;77.0;5;77.0
1982-05-29;57.0;5;57.0
1982-05-30;47.0;5;47.0
1982-05-31;-999.000;5;38.0
1982-06-01;65.0;6;65.0
1982-06-02;56.0;6;56.0
1982-06-03;144.0;6;144.0
1982-06-04;59.0;6;59.0
1982-06-05;73.0;6;73.0
1982-06-06;136.0;6;136.0
1982-06-07;77.0;6;77.0
1982-06-08;77.0;6;77.0
1982-06-09;60.0;6;60.0
1982-06-10;102.0;6;102.0
1982-06-11;114.0;6;114.0
1982-06-12;102.0;6;102.0
1982-06-13;57.0;6;57.0
1982-06-14;52.0;6;52.0
1982-06-15;49.0;6;49.0
1982-06-16;109.0;6;109.0
1982-06-17;73.0;6;73.0
1982-06-18;69.0;6;69.0
1982-06-19;48.0;6;48.0
1982-06-20;35.0;6;35.0
1982-06-21;25.0;6;25.0
1982-06-22;23.0;6;23.0
1982-06-23;21.0;6;21.0
1982-06-24;27.0;6;27.0
1982-06-25;70.0;6;70.0
1982-06-26;59.0;6;59.0
1982-06-27;41.0;6;41.0
1982-06-28;36.0;6;36.0
1982-06-29;36.0;6;36.0
1982-06-30;36.0;6;36.0
1982-07-01;50.0;7;50.0
1982-07-02;52.0;7;52.0
1982-07-03;56.0;7;56.0
1982-07-04;77.0;7;77.0
1982-07-05;56.0;7;56.0
1982-07-06;139.0;7;139.0
1982-07-07;93.0;7;93.0
1982-07-08;48.0;7;48.0
1982-07-09;50.0;7;50.0
1982-07-10;53.0;7;53.0
1982-07-11;42.0;7;42.0
1982-07-12;40.0;7;40.0
1982-07-13;33.0;7;33.0
1982-07-14;31.0;7;31.0
1982-07-15;29.0;7;29.0
1982-07-16;18.0;7;18.0
1982-07-17;25.0;7;25.0
1982-07-18;23.0;7;23.0
1982-07-19;22.0;7;22.0
1982-07-20;48.0;7;48.0
1982-07-21;62.0;7;62.0
1982-07-22;39.0;7;39.0
1982-07-23;32.0;7;32.0
1982-07-24;44.0;7;44.0
1982-07-25;18.0;7;18.0
1982-07-26;21.0;7;21.0
1982-07-27;95.0;7;95.0
1982-07-28;46.0;7;46.0
1982-07-29;61.0;7;61.0
1982-07-30;131.0;7;131.0
1982-07-31;-999.000;7;20.0
1982-08-01;64.0;8;64.0
1982-08-02;46.0;8;46.0
1982-08-03;50.0;8;50.0
1982-08-04;50.0;8;50.0
1982-08-05;43.0;8;43.0
1982-08-06;14.0;8;14.0
1982-08-07;75.0;8;75.0
1982-08-08;20.0;8;20.0
1982-08-09;21.0;8;21.0
1982-08-10;14.0;8;14.0
1982-08-11;13.0;8;13.0
1982-08-12;14.0;8;14.0
1982-08-13;8.0;8;8.0
1982-08-14;14.0;8;14.0
1982-08-15;32.0;8;32.0
1982-08-16;48.0;8;48.0
1982-08-17;31.0;8;31.0
1982-08-18;49.0;8;49.0
1982-08-19;61.0;8;61.0
1982-08-20;41.0;8;41.0
1982-08-21;31.0;8;31.0
1982-08-22;21.0;8;21.0
1982-08-23;17.0;8;17.0
1982-08-24;21.0;8;21.0
1982-08-25;41.0;8;41.0
1982-08-26;80.0;8;80.0
1982-08-27;45.0;8;45.0
1982-08-28;64.0;8;64.0
1982-08-29;104.0;8;104.0
1982-08-30;189.0;8;189.0
1982-08-31;14.0;8;14.0
1982-09-01;16.0;9;16.0
1982-09-02;18.0;9;18.0
1982-09-03;42.0;9;42.0
1982-09-04;75.0;9;75.0
1982-09-05;25.0;9;25.0
1982-09-06;9.0;9;9.0
1982-09-07;14.0;9;14.0
1982-09-08;8.0;9;8.0
1982-09-09;15.0;9;15.0
1982-09-10;24.0;9;24.0
1982-09-11;26.0;9;26.0
1982-09-12;17.0;9;17.0
1982-09-13;21.0;9;21.0
1982-09-14;16.0;9;16.0
1982-09-15;55.0;9;55.0
1982-09-16;16.0;9;16.0
1982-09-17;51.0;9;51.0
1982-09-18;25.0;9;25.0
1982-09-19;52.0;9;52.0
1982-09-20;78.0;9;78.0
1982-09-21;84.0;9;84.0
1982-09-22;130.0;9;130.0
1982-09-23;52.0;9;52.0
1982-09-24;54.0;9;54.0
1982-09-25;58.0;9;58.0
1982-09-26;53.0;9;53.0
1982-09-27;57.0;9;57.0
1982-09-28;13.0;9;13.0
1982-09-29;45.0;9;45.0
1982-09-30;78.0;9;78.0
1982-10-01;14.0;10;14.0
1982-10-02;52.0;10;52.0
1982-10-03;28.0;10;28.0
1982-10-04;40.0;10;40.0
1982-10-05;86.0;10;86.0
1982-10-06;54.0;10;54.0
1982-10-07;74.0;10;74.0
1982-10-08;64.0;10;64.0
1982-10-09;21.0;10;21.0
1982-10-10;43.0;10;43.0
1982-10-11;58.0;10;58.0
1982-10-12;33.0;10;33.0
1982-10-13;40.0;10;40.0
1982-10-14;38.0;10;38.0
1982-10-15;88.0;10;88.0
1982-10-16;41.0;10;41.0
1982-10-17;43.0;10;43.0
1982-10-18;101.0;10;101.0
1982-10-19;65.0;10;65.0
1982-10-20;50.0;10;50.0
1982-10-21;48.0;10;48.0
1982-10-22;66.0;10;66.0
1982-10-23;65.0;10;65.0
1982-10-24;44.0;10;44.0
1982-10-25;77.0;10;77.0
1982-10-26;41.0;10;41.0
1982-10-27;55.0;10;55.0
1982-10-28;63.0;10;63.0
1982-10-29;80.0;10;80.0
1982-10-30;55.0;10;55.0
1982-10-31;20.0;10;20.0
1982-11-01;59.0;11;59.0
1982-11-02;75.0;11;75.0
1982-11-03;58.0;11;58.0
1982-11-04;83.0;11;83.0
1982-11-05;59.0;11;59.0
1982-11-06;47.0;11;47.0
1982-11-07;41.0;11;41.0
1982-11-08;71.0;11;71.0
1982-11-09;109.0;11;109.0
1982-11-10;68.0;11;68.0
1982-11-11;44.0;11;44.0
1982-11-12;57.0;11;57.0
1982-11-13;40.0;11;40.0
1982-11-14;30.0;11;30.0
1982-11-15;37.0;11;37.0
1982-11-16;33.0;11;33.0
1982-11-17;32.0;11;32.0
1982-11-18;25.0;11;25.0
1982-11-19;67.0;11;67.0
1982-11-20;37.0;11;37.0
1982-11-21;25.0;11;25.0
1982-11-22;21.0;11;21.0
1982-11-23;45.0;11;45.0
1982-11-24;35.0;11;35.0
1982-11-25;30.0;11;30.0
1982-11-26;29.0;11;29.0
1982-11-27;22.0;11;22.0
1982-11-28;37.0;11;37.0
1982-11-29;32.0;11;32.0
1982-11-30;54.0;11;54.0
1982-12-01;34.0;12;34.0
1982-12-02;24.0;12;24.0
1982-12-03;24.0;12;24.0
1982-12-04;20.0;12;20.0
1982-12-05;25.0;12;25.0
1982-12-06;33.0;12;33.0
1982-12-07;29.0;12;29.0
1982-12-08;29.0;12;29.0
1982-12-09;50.0;12;50.0
1982-12-10;45.0;12;45.0
1982-12-11;61.0;12;61.0
1982-12-12;21.0;12;21.0
1982-12-13;43.0;12;43.0
1982-12-14;66.0;12;66.0
1982-12-15;61.0;12;61.0
1982-12-16;46.0;12;46.0
1982-12-17;48.0;12;48.0
1982-12-18;28.0;12;28.0
1982-12-19;34.0;12;34.0
1982-12-20;21.0;12;21.0
1982-12-21;23.0;12;23.0
1982-12-22;20.0;12;20.0
1982-12-23;24.0;12;24.0
1982-12-24;55.0;12;55.0
1982-12-25;25.0;12;25.0
1982-12-26;43.0;12;43.0
1982-12-27;33.0;12;33.0
1982-12-28;23.0;12;23.0
1982-12-29;43.0;12;43.0
1982-12-30;28.0;12;28.0
1982-12-31;41.0;12;41.0
1983-01-01;34.0;1;34.0
1983-01-02;20.0;1;20.0
1983-01-03;23.0;1;23.0
1983-01-04;16.0;1;16.0
1983-01-05;45.0;1;45.0
1983-01-06;64.0;1;64.0
1983-01-07;44.0;1;44.0
1983-01-08;48.0;1;48.0
1983-01-09;36.0;1;36.0
1983-01-10;23.0;1;23.0
1983-01-11;19.0;1;19.0
1983-01-12;22.0;1;22.0
1983-01-13;49.0;1;49.0
1983-01-14;45.0;1;45.0
1983-01-15;64.0;1;64.0
1983-01-16;63.0;1;63.0
1983-01-17;51.0;1;51.0
1983-01-18;42.0;1;42.0
1983-01-19;26.0;1;26.0
1983-01-20;24.0;1;24.0
1983-01-21;26.0;1;26.0
1983-01-22;46.0;1;46.0
1983-01-23;26.0;1;26.0
1983-01-24;36.0;1;36.0
1983-01-25;26.0;1;26.0
1983-01-26;50.0;1;50.0
1983-01-27;19.0;1;19.0
1983-01-28;12.0;1;12.0
1983-01-29;53.0;1;53.0
1983-01-30;27.0;1;27.0
1983-01-31;-999.000;1;15.0
1983-02-01;21.0;2;21.0
1983-02-02;49.0;2;49.0
1983-02-03;21.0;2;21.0
1983-02-04;19.0;2;19.0
1983-02-05;23.0;2;23.0
1983-02-06;19.0;2;19.0
1983-02-07;21.0;2;21.0
1983-02-08;19.0;2;19.0
1983-02-09;63.0;2;63.0
1983-02-10;23.0;2;23.0
1983-02-11;19.0;2;19.0
1983-02-12;20.0;2;20.0
1983-02-13;51.0;2;51.0
1983-02-14;30.0;2;30.0
1983-02-15;28.0;2;28.0
1983-02-16;22.0;2;22.0
1983-02-17;28.0;2;28.0
1983-02-18;25.0;2;25.0
1983-02-19;27.0;2;27.0
1983-02-20;28.0;2;28.0
1983-02-21;20.0;2;20.0
1983-02-22;20.0;2;20.0
1983-02-23;18.0;2;18.0
1983-02-24;15.0;2;15.0
1983-02-25;35.0;2;35.0
1983-02-26;19.0;2;19.0
1983-02-27;15.0;2;15.0
1983-02-28;14.0;2;14.0
1983-03-01;28.0;3;28.0
1983-03-02;18.0;3;18.0
1983-03-03;19.0;3;19.0
1983-03-04;22.0;3;22.0
1983-03-05;17.0;3;17.0
1983-03-06;59.0;3;59.0
1983-03-07;52.0;3;52.0
1983-03-08;39.0;3;39.0
1983-03-09;37.0;3;37.0
1983-03-10;39.0;3;39.0
1983-03-11;77.0;3;77.0
1983-03-12;35.0;3;35.0
1983-03-13;26.0;3;26.0
1983-03-14;12.0;3;12.0
1983-03-15;11.0;3;11.0
1983-03-16;8.0;3;8.0
1983-03-17;4.0;3;4.0
1983-03-18;10.0;3;10.0
1983-03-19;10.0;3;10.0
1983-03-20;4.0;3;4.0
1983-03-21;25.0;3;25.0
1983-03-22;19.0;3;19.0
1983-03-23;14.0;3;14.0
1983-03-24;11.0;3;11.0
1983-03-25;10.0;3;10.0
1983-03-26;8.0;3;8.0
1983-03-27;7.0;3;7.0
1983-03-28;8.0;3;8.0
1983-03-29;5.0;3;5.0
1983-03-30;5.0;3;5.0
1983-03-31;7.0;3;7.0
1983-04-01;7.0;4;7.0
1983-04-02;6.0;4;6.0
1983-04-03;5.0;4;5.0
1983-04-04;4.0;4;4.0
1983-04-05;7.0;4;7.0
1983-04-06;14.0;4;14.0
1983-04-07;9.0;4;9.0
1983-04-08;12.0;4;12.0
1983-04-09;13.0;4;13.0
1983-04-10;35.0;4;35.0
1983-04-11;20.0;4;20.0
1983-04-12;10.0;4;10.0
1983-04-13;6.0;4;6.0
1983-04-14;5.0;4;5.0
1983-04-15;61.0;4;61.0
1983-04-16;46.0;4;46.0
1983-04-17;15.0;4;15.0
1983-04-18;24.0;4;24.0
1983-04-19;18.0;4;18.0
1983-04-20;12.0;4;12.0
1983-04-21;95.0;4;95.0
1983-04-22;127.0;4;127.0
1983-04-23;111.0;4;111.0
1983-04-24;58.0;4;58.0
1983-04-25;70.0;4;70.0
1983-04-26;134.0;4;134.0
1983-04-27;53.0;4;53.0
1983-04-28;81.0;4;81.0
1983-04-29;-999.000;4;64.0
1983-04-30;-999.000;4;71.0
1983-05-01;81.0;5;81.0
1983-05-02;42.0;5;42.0
1983-05-03;32.0;5;32.0
1983-05-04;27.0;5;27.0
1983-05-05;38.0;5;38.0
1983-05-06;25.0;5;25.0
1983-05-07;23.0;5;23.0
1983-05-08;17.0;5;17.0
1983-05-09;42.0;5;42.0
1983-05-10;38.0;5;38.0
1983-05-11;22.0;5;22.0
1983-05-12;17.0;5;17.0
1983-05-13;28.0;5;28.0
1983-05-14;161.0;5;161.0
1983-05-15;56.0;5;56.0
1983-05-16;37.0;5;37.0
1983-05-17;25.0;5;25.0
1983-05-18;18.0;5;18.0
1983-05-19;17.0;5;17.0
1983-05-20;16.0;5;16.0
1983-05-21;16.0;5;16.0
1983-05-22;17.0;5;17.0
1983-05-23;67.0;5;67.0
1983-05-24;92.0;5;92.0
1983-05-25;46.0;5;46.0
1983-05-26;36.0;5;36.0
1983-05-27;28.0;5;28.0
1983-05-28;35.0;5;35.0
1983-05-29;42.0;5;42.0
1983-05-30;26.0;5;26.0
1983-05-31;19.0;5;19.0
1983-06-01;16.0;6;16.0
1983-06-02;13.0;6;13.0
1983-06-03;11.0;6;11.0
1983-06-04;11.0;6;11.0
1983-06-05;10.0;6;10.0
1983-06-06;47.0;6;47.0
1983-06-07;38.0;6;38.0
1983-06-08;65.0;6;65.0
1983-06-09;85.0;6;85.0
1983-06-10;45.0;6;45.0
1983-06-11;46.0;6;46.0
1983-06-12;34.0;6;34.0
1983-06-13;75.0;6;75.0
1983-06-14;41.0;6;41.0
1983-06-15;29.0;6;29.0
1983-06-16;33.0;6;33.0
1983-06-17;37.0;6;37.0
1983-06-18;29.0;6;29.0
1983-06-19;20.0;6;20.0
1983-06-20;18.0;6;18.0
1983-06-21;49.0;6;49.0
1983-06-22;85.0;6;85.0
1983-06-23;36.0;6;36.0
1983-06-24;29.0;6;29.0
1983-06-25;31.0;6;31.0
1983-06-26;99.0;6;99.0
1983-06-27;61.0;6;61.0
1983-06-28;49.0;6;49.0
1983-06-29;41.0;6;41.0
1983-06-30;44.0;6;44.0
1983-07-01;92.0;7;92.0
1983-07-02;87.0;7;87.0
1983-07-03;58.0;7;58.0
1983-07-04;43.0;7;43.0
1983-07-05;54.0;7;54.0
1983-07-06;145.0;7;145.0
1983-07-07;195.0;7;195.0
1983-07-08;89.0;7;89.0
1983-07-09;54.0;7;54.0
1983-07-10;58.0;7;58.0
1983-07-11;60.0;7;60.0
1983-07-12;48.0;7;48.0
1983-07-13;54.0;7;54.0
1983-07-14;54.0;7;54.0
1983-07-15;50.0;7;50.0
1983-07-16;47.0;7;47.0
1983-07-17;40.0;7;40.0
1983-07-18;42.0;7;42.0
1983-07-19;41.0;7;41.0
1983-07-20;61.0;7;61.0
1983-07-21;56.0;7;56.0
1983-07-22;51.0;7;51.0
1983-07-23;52.0;7;52.0
1983-07-24;50.0;7;50.0
1983-07-25;111.0;7;111.0
1983-07-26;63.0;7;63.0
1983-07-27;95.0;7;95.0
1983-07-28;71.0;7;71.0
1983-07-29;60.0;7;60.0
1983-07-30;50.0;7;50.0
1983-07-31;45.0;7;45.0
1983-08-01;48.0;8;48.0
1983-08-02;64.0;8;64.0
1983-08-03;60.0;8;60.0
1983-08-04;58.0;8;58.0
1983-08-05;44.0;8;44.0
1983-08-06;48.0;8;48.0
1983-08-07;48.0;8;48.0
1983-08-08;33.0;8;33.0
1983-08-09;26.0;8;26.0
1983-08-10;22.0;8;22.0
1983-08-11;22.0;8;22.0
1983-08-12;20.0;8;20.0
1983-08-13;25.0;8;25.0
1983-08-14;39.0;8;39.0
1983-08-15;61.0;8;61.0
1983-08-16;60.0;8;60.0
1983-08-17;45.0;8;45.0
1983-08-18;25.0;8;25.0
1983-08-19;21.0;8;21.0
1983-08-20;20.0;8;20.0
1983-08-21;20.0;8;20.0
1983-08-22;28.0;8;28.0
1983-08-23;48.0;8;48.0
1983-08-24;81.0;8;81.0
1983-08-25;61.0;8;61.0
1983-08-26;59.0;8;59.0
1983-08-27;42.0;8;42.0
1983-08-28;30.0;8;30.0
1983-08-29;25.0;8;25.0
1983-08-30;35.0;8;35.0
1983-08-31;-999.000;8;64.0
1983-09-01;28.0;9;28.0
1983-09-02;28.0;9;28.0
1983-09-03;41.0;9;41.0
1983-09-04;58.0;9;58.0
1983-09-05;68.0;9;68.0
1983-09-06;57.0;9;57.0
1983-09-07;25.0;9;25.0
1983-09-08;22.0;9;22.0
1983-09-09;22.0;9;22.0
1983-09-10;25.0;9;25.0
1983-09-11;22.0;9;22.0
1983-09-12;22.0;9;22.0
1983-09-13;24.0;9;24.0
1983-09-14;25.0;9;25.0
1983-09-15;104.0;9;104.0
1983-09-16;64.0;9;64.0
1983-09-17;40.0;9;40.0
1983-09-18;57.0;9;57.0
1983-09-19;115.0;9;115.0
1983-09-20;164.0;9;164.0
1983-09-21;176.0;9;176.0
1983-09-22;107.0;9;107.0
1983-09-23;80.0;9;80.0
1983-09-24;68.0;9;68.0
1983-09-25;60.0;9;60.0
1983-09-26;60.0;9;60.0
1983-09-27;57.0;9;57.0
1983-09-28;48.0;9;48.0
1983-09-29;40.0;9;40.0
1983-09-30;54.0;9;54.0
1983-10-01;107.0;10;107.0
1983-10-02;53.0;10;53.0
1983-10-03;42.0;10;42.0
1983-10-04;40.0;10;40.0
1983-10-05;38.0;10;38.0
1983-10-06;34.0;10;34.0
1983-10-07;26.0;10;26.0
1983-10-08;30.0;10;30.0
1983-10-09;45.0;10;45.0
1983-10-10;55.0;10;55.0
1983-10-11;40.0;10;40.0
1983-10-12;47.0;10;47.0
1983-10-13;49.0;10;49.0
1983-10-14;48.0;10;48.0
1983-10-15;32.0;10;32.0
1983-10-16;73.0;10;73.0
1983-10-17;96.0;10;96.0
1983-10-18;74.0;10;74.0
1983-10-19;74.0;10;74.0
1983-10-20;99.0;10;99.0
1983-10-21;57.0;10;57.0
1983-10-22;52.0;10;52.0
1983-10-23;44.0;10;44.0
1983-10-24;58.0;10;58.0
1983-10-25;97.0;10;97.0
1983-10-26;51.0;10;51.0
1983-10-27;54.0;10;54.0
1983-10-28;56.0;10;56.0
1983-10-29;92.0;10;92.0
1983-10-30;50.0;10;50.0
1983-10-31;42.0;10;42.0
1983-11-01;58.0;11;58.0
1983-11-02;39.0;11;39.0
1983-11-03;68.0;11;68.0
1983-11-04;71.0;11;71.0
1983-11-05;35.0;11;35.0
1983-11-06;30.0;11;30.0
1983-11-07;45.0;11;45.0
1983-11-08;30.0;11;30.0
1983-11-09;32.0;11;32.0
1983-11-10;44.0;11;44.0
1983-11-11;45.0;11;45.0
1983-11-12;43.0;11;43.0
1983-11-13;60.0;11;60.0
1983-11-14;62.0;11;62.0
1983-11-15;43.0;11;43.0
1983-11-16;31.0;11;31.0
1983-11-17;50.0;11;50.0
1983-11-18;41.0;11;41.0
1983-11-19;55.0;11;55.0
1983-11-20;41.0;11;41.0
1983-11-21;55.0;11;55.0
1983-11-22;56.0;11;56.0
1983-11-23;40.0;11;40.0
1983-11-24;35.0;11;35.0
1983-11-25;48.0;11;48.0
1983-11-26;53.0;11;53.0
1983-11-27;38.0;11;38.0
1983-11-28;46.0;11;46.0
1983-11-29;33.0;11;33.0
1983-11-30;29.0;11;29.0
1983-12-01;33.0;12;33.0
1983-12-02;55.0;12;55.0
1983-12-03;38.0;12;38.0
1983-12-04;96.0;12;96.0
1983-12-05;68.0;12;68.0
1983-12-06;67.0;12;67.0
1983-12-07;39.0;12;39.0
1983-12-08;33.0;12;33.0
1983-12-09;26.0;12;26.0
1983-12-10;20.0;12;20.0
1983-12-11;23.0;12;23.0
1983-12-12;22.0;12;22.0
1983-12-13;33.0;12;33.0
1983-12-14;23.0;12;23.0
1983-12-15;24.0;12;24.0
1983-12-16;47.0;12;47.0
1983-12-17;22.0;12;22.0
1983-12-18;16.0;12;16.0
1983-12-19;14.0;12;14.0
1983-12-20;13.0;12;13.0
1983-12-21;13.0;12;13.0
1983-12-22;13.0;12;13.0
1983-12-23;17.0;12;17.0
1983-12-24;81.0;12;81.0
1983-12-25;53.0;12;53.0
1983-12-26;30.0;12;30.0
1983-12-27;24.0;12;24.0
1983-12-28;35.0;12;35.0
1983-12-29;27.0;12;27.0
1983-12-30;20.0;12;20.0
1983-12-31;18.0;12;18.0
1984-01-01;19.0;1;19.0
1984-01-02;25.0;1;25.0
1984-01-03;22.0;1;22.0
1984-01-04;26.0;1;26.0
1984-01-05;21.0;1;21.0
1984-01-06;20.0;1;20.0
1984-01-07;17.0;1;17.0
1984-01-08;18.0;1;18.0
1984-01-09;16.0;1;16.0
1984-01-10;14.0;1;14.0
1984-01-11;11.0;1;11.0
1984-01-12;10.0;1;10.0
1984-01-13;10.0;1;10.0
1984-01-14;11.0;1;11.0
1984-01-15;13.0;1;13.0
1984-01-16;11.0;1;11.0
1984-01-17;11.0;1;11.0
1984-01-18;11.0;1;11.0
1984-01-19;14.0;1;14.0
1984-01-20;14.0;1;14.0
1984-01-21;14.0;1;14.0
1984-01-22;15.0;1;15.0
1984-01-23;14.0;1;14.0
1984-01-24;20.0;1;20.0
1984-01-25;18.0;1;18.0
1984-01-26;21.0;1;21.0
1984-01-27;23.0;1;23.0
1984-01-28;21.0;1;21.0
1984-01-29;18.0;1;18.0
1984-01-30;15.0;1;15.0
1984-01-31;-999.000;1;11.0
1984-02-01;26.0;2;26.0
1984-02-02;29.0;2;29.0
1984-02-03;29.0;2;29.0
1984-02-04;34.0;2;34.0
1984-02-05;25.0;2;25.0
1984-02-06;26.0;2;26.0
1984-02-07;20.0;2;20.0
1984-02-08;22.0;2;22.0
1984-02-09;22.0;2;22.0
1984-02-10;37.0;2;37.0
1984-02-11;38.0;2;38.0
1984-02-12;24.0;2;24.0
1984-02-13;18.0;2;18.0
1984-02-14;20.0;2;20.0
1984-02-15;21.0;2;21.0
1984-02-16;36.0;2;36.0
1984-02-17;28.0;2;28.0
1984-02-18;23.0;2;23.0
1984-02-19;23.0;2;23.0
1984-02-20;50.0;2;50.0
1984-02-21;34.0;2;34.0
1984-02-22;55.0;2;55.0
1984-02-23;33.0;2;33.0
1984-02-24;22.0;2;22.0
1984-02-25;22.0;2;22.0
1984-02-26;18.0;2;18.0
1984-02-27;16.0;2;16.0
1984-02-28;21.0;2;21.0
1984-02-29;16.0;2;16.0
1984-03-01;24.0;3;24.0
1984-03-02;20.0;3;20.0
1984-03-03;23.0;3;23.0
1984-03-04;20.0;3;20.0
1984-03-05;22.0;3;22.0
1984-03-06;22.0;3;22.0
1984-03-07;24.0;3;24.0
1984-03-08;28.0;3;28.0
1984-03-09;23.0;3;23.0
1984-03-10;22.0;3;22.0
1984-03-11;25.0;3;25.0
1984-03-12;25.0;3;25.0
1984-03-13;24.0;3;24.0
1984-03-14;19.0;3;19.0
1984-03-15;18.0;3;18.0
1984-03-16;21.0;3;21.0
1984-03-17;55.0;3;55.0
1984-03-18;35.0;3;35.0
1984-03-19;25.0;3;25.0
1984-03-20;21.0;3;21.0
1984-03-21;20.0;3;20.0
1984-03-22;21.0;3;21.0
1984-03-23;23.0;3;23.0
1984-03-24;19.0;3;19.0
1984-03-25;18.0;3;18.0
1984-03-26;18.0;3;18.0
1984-03-27;21.0;3;21.0
1984-03-28;23.0;3;23.0
1984-03-29;28.0;3;28.0
1984-03-30;21.0;3;21.0
1984-03-31;31.0;3;31.0
1984-04-01;27.0;4;27.0
1984-04-02;50.0;4;50.0
1984-04-03;121.0;4;121.0
1984-04-04;33.0;4;33.0
1984-04-05;22.0;4;22.0
1984-04-06;43.0;4;43.0
1984-04-07;50.0;4;50.0
1984-04-08;24.0;4;24.0
1984-04-09;26.0;4;26.0
1984-04-10;23.0;4;23.0
1984-04-11;23.0;4;23.0
1984-04-12;23.0;4;23.0
1984-04-13;24.0;4;24.0
1984-04-14;27.0;4;27.0
1984-04-15;26.0;4;26.0
1984-04-16;35.0;4;35.0
1984-04-17;36.0;4;36.0
1984-04-18;27.0;4;27.0
1984-04-19;29.0;4;29.0
1984-04-20;30.0;4;30.0
1984-04-21;32.0;4;32.0
1984-04-22;29.0;4;29.0
1984-04-23;40.0;4;40.0
1984-04-24;42.0;4;42.0
1984-04-25;30.0;4;30.0
1984-04-26;31.0;4;31.0
1984-04-27;71.0;4;71.0
1984-04-28;37.0;4;37.0
1984-04-29;31.0;4;31.0
1984-04-30;-999.000;4;36.0
1984-05-01;26.0;5;26.0
1984-05-02;36.0;5;36.0
1984-05-03;58.0;5;58.0
1984-05-04;41.0;5;41.0
1984-05-05;49.0;5;49.0
1984-05-06;40.0;5;40.0
1984-05-07;32.0;5;32.0
1984-05-08;49.0;5;49.0
1984-05-09;32.0;5;32.0
1984-05-10;31.0;5;31.0
1984-05-11;35.0;5;35.0
1984-05-12;26.0;5;26.0
1984-05-13;23.0;5;23.0
1984-05-14;21.0;5;21.0
1984-05-15;19.0;5;19.0
1984-05-16;19.0;5;19.0
1984-05-17;19.0;5;19.0
1984-05-18;18.0;5;18.0
1984-05-19;18.0;5;18.0
1984-05-20;39.0;5;39.0
1984-05-21;44.0;5;44.0
1984-05-22;29.0;5;29.0
1984-05-23;26.0;5;26.0
1984-05-24;22.0;5;22.0
1984-05-25;23.0;5;23.0
1984-05-26;20.0;5;20.0
1984-05-27;19.0;5;19.0
1984-05-28;19.0;5;19.0
1984-05-29;17.0;5;17.0
1984-05-30;48.0;5;48.0
1984-05-31;24.0;5;24.0
1984-06-01;28.0;6;28.0
1984-06-02;39.0;6;39.0
1984-06-03;31.0;6;31.0
1984-06-04;32.0;6;32.0
1984-06-05;22.0;6;22.0
1984-06-06;20.0;6;20.0
1984-06-07;27.0;6;27.0
1984-06-08;32.0;6;32.0
1984-06-09;48.0;6;48.0
1984-06-10;32.0;6;32.0
1984-06-11;98.0;6;98.0
1984-06-12;68.0;6;68.0
1984-06-13;51.0;6;51.0
1984-06-14;41.0;6;41.0
1984-06-15;31.0;6;31.0
1984-06-16;26.0;6;26.0
1984-06-17;24.0;6;24.0
1984-06-18;26.0;6;26.0
1984-06-19;25.0;6;25.0
1984-06-20;25.0;6;25.0
1984-06-21;28.0;6;28.0
1984-06-22;23.0;6;23.0
1984-06-23;70.0;6;70.0
1984-06-24;51.0;6;51.0
1984-06-25;74.0;6;74.0
1984-06-26;97.0;6;97.0
1984-06-27;39.0;6;39.0
1984-06-28;41.0;6;41.0
1984-06-29;45.0;6;45.0
1984-06-30;35.0;6;35.0
1984-07-01;56.0;7;56.0
1984-07-02;43.0;7;43.0
1984-07-03;62.0;7;62.0
1984-07-04;34.0;7;34.0
1984-07-05;48.0;7;48.0
1984-07-06;47.0;7;47.0
1984-07-07;38.0;7;38.0
1984-07-08;27.0;7;27.0
1984-07-09;21.0;7;21.0
1984-07-10;36.0;7;36.0
1984-07-11;23.0;7;23.0
1984-07-12;20.0;7;20.0
1984-07-13;21.0;7;21.0
1984-07-14;19.0;7;19.0
1984-07-15;20.0;7;20.0
1984-07-16;21.0;7;21.0
1984-07-17;19.0;7;19.0
1984-07-18;21.0;7;21.0
1984-07-19;30.0;7;30.0
1984-07-20;40.0;7;40.0
1984-07-21;65.0;7;65.0
1984-07-22;56.0;7;56.0
1984-07-23;38.0;7;38.0
1984-07-24;30.0;7;30.0
1984-07-25;34.0;7;34.0
1984-07-26;39.0;7;39.0
1984-07-27;27.0;7;27.0
1984-07-28;27.0;7;27.0
1984-07-29;24.0;7;24.0
1984-07-30;40.0;7;40.0
1984-07-31;55.0;7;55.0
1984-08-01;97.0;8;97.0
1984-08-02;39.0;8;39.0
1984-08-03;28.0;8;28.0
1984-08-04;24.0;8;24.0
1984-08-05;33.0;8;33.0
1984-08-06;29.0;8;29.0
1984-08-07;33.0;8;33.0
1984-08-08;27.0;8;27.0
1984-08-09;23.0;8;23.0
1984-08-10;56.0;8;56.0
1984-08-11;42.0;8;42.0
1984-08-12;49.0;8;49.0
1984-08-13;63.0;8;63.0
1984-08-14;45.0;8;45.0
1984-08-15;35.0;8;35.0
1984-08-16;48.0;8;48.0
1984-08-17;59.0;8;59.0
1984-08-18;40.0;8;40.0
1984-08-19;41.0;8;41.0
1984-08-20;35.0;8;35.0
1984-08-21;29.0;8;29.0
1984-08-22;67.0;8;67.0
1984-08-23;61.0;8;61.0
1984-08-24;40.0;8;40.0
1984-08-25;34.0;8;34.0
1984-08-26;29.0;8;29.0
1984-08-27;38.0;8;38.0
1984-08-28;32.0;8;32.0
1984-08-29;70.0;8;70.0
1984-08-30;106.0;8;106.0
1984-08-31;-999.000;8;20.0
1984-09-01;76.0;9;76.0
1984-09-02;44.0;9;44.0
1984-09-03;65.0;9;65.0
1984-09-04;54.0;9;54.0
1984-09-05;50.0;9;50.0
1984-09-06;35.0;9;35.0
1984-09-07;46.0;9;46.0
1984-09-08;44.0;9;44.0
1984-09-09;39.0;9;39.0
1984-09-10;36.0;9;36.0
1984-09-11;40.0;9;40.0
1984-09-12;45.0;9;45.0
1984-09-13;35.0;9;35.0
1984-09-14;59.0;9;59.0
1984-09-15;47.0;9;47.0
1984-09-16;45.0;9;45.0
1984-09-17;97.0;9;97.0
1984-09-18;92.0;9;92.0
1984-09-19;125.0;9;125.0
1984-09-20;103.0;9;103.0
1984-09-21;71.0;9;71.0
1984-09-22;72.0;9;72.0
1984-09-23;56.0;9;56.0
1984-09-24;46.0;9;46.0
1984-09-25;145.0;9;145.0
1984-09-26;90.0;9;90.0
1984-09-27;48.0;9;48.0
1984-09-28;40.0;9;40.0
1984-09-29;82.0;9;82.0
1984-09-30;133.0;9;133.0
1984-10-01;48.0;10;48.0
1984-10-02;40.0;10;40.0
1984-10-03;35.0;10;35.0
1984-10-04;61.0;10;61.0
1984-10-05;56.0;10;56.0
1984-10-06;47.0;10;47.0
1984-10-07;33.0;10;33.0
1984-10-08;101.0;10;101.0
1984-10-09;171.0;10;171.0
1984-10-10;94.0;10;94.0
1984-10-11;99.0;10;99.0
1984-10-12;73.0;10;73.0
1984-10-13;51.0;10;51.0
1984-10-14;47.0;10;47.0
1984-10-15;38.0;10;38.0
1984-10-16;70.0;10;70.0
1984-10-17;42.0;10;42.0
1984-10-18;34.0;10;34.0
1984-10-19;33.0;10;33.0
1984-10-20;42.0;10;42.0
1984-10-21;32.0;10;32.0
1984-10-22;34.0;10;34.0
1984-10-23;30.0;10;30.0
1984-10-24;30.0;10;30.0
1984-10-25;27.0;10;27.0
1984-10-26;139.0;10;139.0
1984-10-27;55.0;10;55.0
1984-10-28;43.0;10;43.0
1984-10-29;35.0;10;35.0
1984-10-30;30.0;10;30.0
1984-10-31;29.0;10;29.0
1984-11-01;27.0;11;27.0
1984-11-02;26.0;11;26.0
1984-11-03;25.0;11;25.0
1984-11-04;22.0;11;22.0
1984-11-05;25.0;11;25.0
1984-11-06;22.0;11;22.0
1984-11-07;25.0;11;25.0
1984-11-08;40.0;11;40.0
1984-11-09;34.0;11;34.0
1984-11-10;46.0;11;46.0
1984-11-11;29.0;11;29.0
1984-11-12;26.0;11;26.0
1984-11-13;43.0;11;43.0
1984-11-14;33.0;11;33.0
1984-11-15;28.0;11;28.0
1984-11-16;24.0;11;24.0
1984-11-17;33.0;11;33.0
1984-11-18;32.0;11;32.0
1984-11-19;24.0;11;24.0
1984-11-20;24.0;11;24.0
1984-11-21;22.0;11;22.0
1984-11-22;41.0;11;41.0
1984-11-23;26.0;11;26.0
1984-11-24;23.0;11;23.0
1984-11-25;24.0;11;24.0
1984-11-26;39.0;11;39.0
1984-11-27;50.0;11;50.0
1984-11-28;24.0;11;24.0
1984-11-29;47.0;11;47.0
1984-11-30;162.0;11;162.0
1984-12-01;46.0;12;46.0
1984-12-02;36.0;12;36.0
1984-12-03;30.0;12;30.0
1984-12-04;32.0;12;32.0
1984-12-05;24.0;12;24.0
1984-12-06;23.0;12;23.0
1984-12-07;23.0;12;23.0
1984-12-08;21.0;12;21.0
1984-12-09;21.0;12;21.0
1984-12-10;28.0;12;28.0
1984-12-11;37.0;12;37.0
1984-12-12;27.0;12;27.0
1984-12-13;25.0;12;25.0
1984-12-14;46.0;12;46.0
1984-12-15;40.0;12;40.0
1984-12-16;31.0;12;31.0
1984-12-17;28.0;12;28.0
1984-12-18;29.0;12;29.0
1984-12-19;35.0;12;35.0
1984-12-20;96.0;12;96.0
1984-12-21;49.0;12;49.0
1984-12-22;48.0;12;48.0
1984-12-23;32.0;12;32.0
1984-12-24;27.0;12;27.0
1984-12-25;43.0;12;43.0
1984-12-26;48.0;12;48.0
1984-12-27;29.0;12;29.0
1984-12-28;25.0;12;25.0
1984-12-29;21.0;12;21.0
1984-12-30;19.0;12;19.0
1984-12-31;18.0;12;18.0
1985-01-01;17.0;1;17.0
1985-01-02;16.0;1;16.0
1985-01-03;16.0;1;16.0
1985-01-04;15.0;1;15.0
1985-01-05;15.0;1;15.0
1985-01-06;21.0;1;21.0
1985-01-07;17.0;1;17.0
1985-01-08;15.0;1;15.0
1985-01-09;14.0;1;14.0
1985-01-10;13.0;1;13.0
1985-01-11;13.0;1;13.0
1985-01-12;13.0;1;13.0
1985-01-13;16.0;1;16.0
1985-01-14;49.0;1;49.0
1985-01-15;24.0;1;24.0
1985-01-16;21.0;1;21.0
1985-01-17;16.0;1;16.0
1985-01-18;17.0;1;17.0
1985-01-19;25.0;1;25.0
1985-01-20;42.0;1;42.0
1985-01-21;35.0;1;35.0
1985-01-22;20.0;1;20.0
1985-01-23;21.0;1;21.0
1985-01-24;22.0;1;22.0
1985-01-25;30.0;1;30.0
1985-01-26;24.0;1;24.0
1985-01-27;22.0;1;22.0
1985-01-28;33.0;1;33.0
1985-01-29;24.0;1;24.0
1985-01-30;30.0;1;30.0
1985-01-31;-999.000;1;12.0
1985-02-01;38.0;2;38.0
1985-02-02;23.0;2;23.0
1985-02-03;22.0;2;22.0
1985-02-04;19.0;2;19.0
1985-02-05;17.0;2;17.0
1985-02-06;16.0;2;16.0
1985-02-07;16.0;2;16.0
1985-02-08;15.0;2;15.0
1985-02-09;15.0;2;15.0
1985-02-10;14.0;2;14.0
1985-02-11;15.0;2;15.0
1985-02-12;14.0;2;14.0
1985-02-13;14.0;2;14.0
1985-02-14;17.0;2;17.0
1985-02-15;14.0;2;14.0
1985-02-16;13.0;2;13.0
1985-02-17;13.0;2;13.0
1985-02-18;29.0;2;29.0
1985-02-19;142.0;2;142.0
1985-02-20;34.0;2;34.0
1985-02-21;29.0;2;29.0
1985-02-22;50.0;2;50.0
1985-02-23;30.0;2;30.0
1985-02-24;23.0;2;23.0
1985-02-25;28.0;2;28.0
1985-02-26;79.0;2;79.0
1985-02-27;37.0;2;37.0
1985-02-28;72.0;2;72.0
1985-03-01;31.0;3;31.0
1985-03-02;32.0;3;32.0
1985-03-03;27.0;3;27.0
1985-03-04;23.0;3;23.0
1985-03-05;21.0;3;21.0
1985-03-06;24.0;3;24.0
1985-03-07;32.0;3;32.0
1985-03-08;47.0;3;47.0
1985-03-09;33.0;3;33.0
1985-03-10;25.0;3;25.0
1985-03-11;21.0;3;21.0
1985-03-12;19.0;3;19.0
1985-03-13;19.0;3;19.0
1985-03-14;22.0;3;22.0
1985-03-15;39.0;3;39.0
1985-03-16;23.0;3;23.0
1985-03-17;20.0;3;20.0
1985-03-18;18.0;3;18.0
1985-03-19;17.0;3;17.0
1985-03-20;17.0;3;17.0
1985-03-21;21.0;3;21.0
1985-03-22;48.0;3;48.0
1985-03-23;48.0;3;48.0
1985-03-24;50.0;3;50.0
1985-03-25;26.0;3;26.0
1985-03-26;21.0;3;21.0
1985-03-27;24.0;3;24.0
1985-03-28;55.0;3;55.0
1985-03-29;81.0;3;81.0
1985-03-30;37.0;3;37.0
1985-03-31;27.0;3;27.0
1985-04-01;24.0;4;24.0
1985-04-02;21.0;4;21.0
1985-04-03;20.0;4;20.0
1985-04-04;19.0;4;19.0
1985-04-05;18.0;4;18.0
1985-04-06;24.0;4;24.0
1985-04-07;30.0;4;30.0
1985-04-08;30.0;4;30.0
1985-04-09;42.0;4;42.0
1985-04-10;47.0;4;47.0
1985-04-11;44.0;4;44.0
1985-04-12;27.0;4;27.0
1985-04-13;23.0;4;23.0
1985-04-14;20.0;4;20.0
1985-04-15;19.0;4;19.0
1985-04-16;21.0;4;21.0
1985-04-17;19.0;4;19.0
1985-04-18;23.0;4;23.0
1985-04-19;20.0;4;20.0
1985-04-20;17.0;4;17.0
1985-04-21;17.0;4;17.0
1985-04-22;16.0;4;16.0
1985-04-23;17.0;4;17.0
1985-04-24;16.0;4;16.0
1985-04-25;19.0;4;19.0
1985-04-26;17.0;4;17.0
1985-04-27;16.0;4;16.0
1985-04-28;16.0;4;16.0
1985-04-29;-999.000;4;59.0
1985-04-30;-999.000;4;26.0
1985-05-01;17.0;5;17.0
1985-05-02;25.0;5;25.0
1985-05-03;55.0;5;55.0
1985-05-04;29.0;5;29.0
1985-05-05;25.0;5;25.0
1985-05-06;52.0;5;52.0
1985-05-07;32.0;5;32.0
1985-05-08;22.0;5;22.0
1985-05-09;28.0;5;28.0
1985-05-10;21.0;5;21.0
1985-05-11;18.0;5;18.0
1985-05-12;29.0;5;29.0
1985-05-13;22.0;5;22.0
1985-05-14;20.0;5;20.0
1985-05-15;18.0;5;18.0
1985-05-16;17.0;5;17.0
1985-05-17;16.0;5;16.0
1985-05-18;16.0;5;16.0
1985-05-19;16.0;5;16.0
1985-05-20;16.0;5;16.0
1985-05-21;15.0;5;15.0
1985-05-22;15.0;5;15.0
1985-05-23;15.0;5;15.0
1985-05-24;15.0;5;15.0
1985-05-25;15.0;5;15.0
1985-05-26;16.0;5;16.0
1985-05-27;26.0;5;26.0
1985-05-28;27.0;5;27.0
1985-05-29;21.0;5;21.0
1985-05-30;29.0;5;29.0
1985-05-31;26.0;5;26.0
1985-06-01;38.0;6;38.0
1985-06-02;19.0;6;19.0
1985-06-03;16.0;6;16.0
1985-06-04;15.0;6;15.0
1985-06-05;15.0;6;15.0
1985-06-06;19.0;6;19.0
1985-06-07;15.0;6;15.0
1985-06-08;18.0;6;18.0
1985-06-09;34.0;6;34.0
1985-06-10;19.0;6;19.0
1985-06-11;37.0;6;37.0
1985-06-12;53.0;6;53.0
1985-06-13;25.0;6;25.0
1985-06-14;19.0;6;19.0
1985-06-15;16.0;6;16.0
1985-06-16;17.0;6;17.0
1985-06-17;16.0;6;16.0
1985-06-18;18.0;6;18.0
1985-06-19;43.0;6;43.0
1985-06-20;80.0;6;80.0
1985-06-21;27.0;6;27.0
1985-06-22;20.0;6;20.0
1985-06-23;21.0;6;21.0
1985-06-24;25.0;6;25.0
1985-06-25;47.0;6;47.0
1985-06-26;24.0;6;24.0
1985-06-27;20.0;6;20.0
1985-06-28;17.0;6;17.0
1985-06-29;18.0;6;18.0
1985-06-30;18.0;6;18.0
1985-07-01;16.0;7;16.0
1985-07-02;16.0;7;16.0
1985-07-03;15.0;7;15.0
1985-07-04;28.0;7;28.0
1985-07-05;22.0;7;22.0
1985-07-06;24.0;7;24.0
1985-07-07;21.0;7;21.0
1985-07-08;20.0;7;20.0
1985-07-09;69.0;7;69.0
1985-07-10;28.0;7;28.0
1985-07-11;39.0;7;39.0
1985-07-12;32.0;7;32.0
1985-07-13;24.0;7;24.0
1985-07-14;27.0;7;27.0
1985-07-15;24.0;7;24.0
1985-07-16;21.0;7;21.0
1985-07-17;22.0;7;22.0
1985-07-18;33.0;7;33.0
1985-07-19;43.0;7;43.0
1985-07-20;25.0;7;25.0
1985-07-21;20.0;7;20.0
1985-07-22;20.0;7;20.0
1985-07-23;71.0;7;71.0
1985-07-24;51.0;7;51.0
1985-07-25;51.0;7;51.0
1985-07-26;72.0;7;72.0
1985-07-27;43.0;7;43.0
1985-07-28;88.0;7;88.0
1985-07-29;92.0;7;92.0
1985-07-30;143.0;7;143.0
1985-07-31;70.0;7;70.0
1985-08-01;138.0;8;138.0
1985-08-02;70.0;8;70.0
1985-08-03;61.0;8;61.0
1985-08-04;52.0;8;52.0
1985-08-05;50.0;8;50.0
1985-08-06;101.0;8;101.0
1985-08-07;95.0;8;95.0
1985-08-08;90.0;8;90.0
1985-08-09;106.0;8;106.0
1985-08-10;72.0;8;72.0
1985-08-11;52.0;8;52.0
1985-08-12;42.0;8;42.0
1985-08-13;35.0;8;35.0
1985-08-14;37.0;8;37.0
1985-08-15;62.0;8;62.0
1985-08-16;70.0;8;70.0
1985-08-17;85.0;8;85.0
1985-08-18;121.0;8;121.0
1985-08-19;110.0;8;110.0
1985-08-20;66.0;8;66.0
1985-08-21;88.0;8;88.0
1985-08-22;116.0;8;116.0
1985-08-23;99.0;8;99.0
1985-08-24;84.0;8;84.0
1985-08-25;89.0;8;89.0
1985-08-26;107.0;8;107.0
1985-08-27;62.0;8;62.0
1985-08-28;47.0;8;47.0
1985-08-29;42.0;8;42.0
1985-08-30;45.0;8;45.0
1985-08-31;-999.000;8;30.0
1985-09-01;32.0;9;32.0
1985-09-02;31.0;9;31.0
1985-09-03;46.0;9;46.0
1985-09-04;40.0;9;40.0
1985-09-05;40.0;9;40.0
1985-09-06;61.0;9;61.0
1985-09-07;73.0;9;73.0
1985-09-08;37.0;9;37.0
1985-09-09;37.0;9;37.0
1985-09-10;63.0;9;63.0
1985-09-11;118.0;9;118.0
1985-09-12;124.0;9;124.0
1985-09-13;209.0;9;209.0
1985-09-14;166.0;9;166.0
1985-09-15;98.0;9;98.0
1985-09-16;80.0;9;80.0
1985-09-17;66.0;9;66.0
1985-09-18;49.0;9;49.0
1985-09-19;40.0;9;40.0
1985-09-20;70.0;9;70.0
1985-09-21;69.0;9;69.0
1985-09-22;43.0;9;43.0
1985-09-23;35.0;9;35.0
1985-09-24;33.0;9;33.0
1985-09-25;34.0;9;34.0
1985-09-26;30.0;9;30.0
1985-09-27;36.0;9;36.0
1985-09-28;34.0;9;34.0
1985-09-29;55.0;9;55.0
1985-09-30;39.0;9;39.0
1985-10-01;36.0;10;36.0
1985-10-02;65.0;10;65.0
1985-10-03;186.0;10;186.0
1985-10-04;80.0;10;80.0
1985-10-05;62.0;10;62.0
1985-10-06;44.0;10;44.0
1985-10-07;35.0;10;35.0
1985-10-08;41.0;10;41.0
1985-10-09;49.0;10;49.0
1985-10-10;37.0;10;37.0
1985-10-11;29.0;10;29.0
1985-10-12;33.0;10;33.0
1985-10-13;31.0;10;31.0
1985-10-14;32.0;10;32.0
1985-10-15;50.0;10;50.0
1985-10-16;96.0;10;96.0
1985-10-17;59.0;10;59.0
1985-10-18;107.0;10;107.0
1985-10-19;68.0;10;68.0
1985-10-20;49.0;10;49.0
1985-10-21;116.0;10;116.0
1985-10-22;61.0;10;61.0
1985-10-23;66.0;10;66.0
1985-10-24;45.0;10;45.0
1985-10-25;39.0;10;39.0
1985-10-26;36.0;10;36.0
1985-10-27;30.0;10;30.0
1985-10-28;41.0;10;41.0
1985-10-29;86.0;10;86.0
1985-10-30;47.0;10;47.0
1985-10-31;39.0;10;39.0
1985-11-01;31.0;11;31.0
1985-11-02;40.0;11;40.0
1985-11-03;82.0;11;82.0
1985-11-04;57.0;11;57.0
1985-11-05;67.0;11;67.0
1985-11-06;56.0;11;56.0
1985-11-07;39.0;11;39.0
1985-11-08;32.0;11;32.0
1985-11-09;31.0;11;31.0
1985-11-10;27.0;11;27.0
1985-11-11;27.0;11;27.0
1985-11-12;23.0;11;23.0
1985-11-13;20.0;11;20.0
1985-11-14;19.0;11;19.0
1985-11-15;35.0;11;35.0
1985-11-16;22.0;11;22.0
1985-11-17;24.0;11;24.0
1985-11-18;22.0;11;22.0
1985-11-19;25.0;11;25.0
1985-11-20;23.0;11;23.0
1985-11-21;37.0;11;37.0
1985-11-22;24.0;11;24.0
1985-11-23;19.0;11;19.0
1985-11-24;18.0;11;18.0
1985-11-25;21.0;11;21.0
1985-11-26;24.0;11;24.0
1985-11-27;19.0;11;19.0
1985-11-28;18.0;11;18.0
1985-11-29;17.0;11;17.0
1985-11-30;19.0;11;19.0
1985-12-01;23.0;12;23.0
1985-12-02;57.0;12;57.0
1985-12-03;42.0;12;42.0
1985-12-04;62.0;12;62.0
1985-12-05;59.0;12;59.0
1985-12-06;35.0;12;35.0
1985-12-07;25.0;12;25.0
1985-12-08;26.0;12;26.0
1985-12-09;25.0;12;25.0
1985-12-10;26.0;12;26.0
1985-12-11;23.0;12;23.0
1985-12-12;43.0;12;43.0
1985-12-13;27.0;12;27.0
1985-12-14;25.0;12;25.0
1985-12-15;22.0;12;22.0
1985-12-16;25.0;12;25.0
1985-12-17;27.0;12;27.0
1985-12-18;23.0;12;23.0
1985-12-19;20.0;12;20.0
1985-12-20;16.0;12;16.0
1985-12-21;15.0;12;15.0
1985-12-22;15.0;12;15.0
1985-12-23;15.0;12;15.0
1985-12-24;20.0;12;20.0
1985-12-25;18.0;12;18.0
1985-12-26;15.0;12;15.0
1985-12-27;22.0;12;22.0
1985-12-28;15.0;12;15.0
1985-12-29;16.0;12;16.0
1985-12-30;13.0;12;13.0
1985-12-31;9.0;12;9.0
1986-01-01;6.0;1;6.0
1986-01-02;5.0;1;5.0
1986-01-03;4.0;1;4.0
1986-01-04;4.0;1;4.0
1986-01-05;5.0;1;5.0
1986-01-06;30.0;1;30.0
1986-01-07;32.0;1;32.0
1986-01-08;18.0;1;18.0
1986-01-09;17.0;1;17.0
1986-01-10;21.0;1;21.0
1986-01-11;21.0;1;21.0
1986-01-12;29.0;1;29.0
1986-01-13;39.0;1;39.0
1986-01-14;62.0;1;62.0
1986-01-15;26.0;1;26.0
1986-01-16;40.0;1;40.0
1986-01-17;56.0;1;56.0
1986-01-18;26.0;1;26.0
1986-01-19;23.0;1;23.0
1986-01-20;21.0;1;21.0
1986-01-21;20.0;1;20.0
1986-01-22;18.0;1;18.0
1986-01-23;17.0;1;17.0
1986-01-24;16.0;1;16.0
1986-01-25;15.0;1;15.0
1986-01-26;14.0;1;14.0
1986-01-27;14.0;1;14.0
1986-01-28;13.0;1;13.0
1986-01-29;11.0;1;11.0
1986-01-30;10.0;1;10.0
1986-01-31;-999.000;1;12.0
1986-02-01;14.0;2;14.0
1986-02-02;14.0;2;14.0
1986-02-03;13.0;2;13.0
1986-02-04;13.0;2;13.0
1986-02-05;13.0;2;13.0
1986-02-06;13.0;2;13.0
1986-02-07;13.0;2;13.0
1986-02-08;13.0;2;13.0
1986-02-09;13.0;2;13.0
1986-02-10;13.0;2;13.0
1986-02-11;12.0;2;12.0
1986-02-12;12.0;2;12.0
1986-02-13;13.0;2;13.0
1986-02-14;20.0;2;20.0
1986-02-15;23.0;2;23.0
1986-02-16;13.0;2;13.0
1986-02-17;14.0;2;14.0
1986-02-18;13.0;2;13.0
1986-02-19;12.0;2;12.0
1986-02-20;12.0;2;12.0
1986-02-21;12.0;2;12.0
1986-02-22;12.0;2;12.0
1986-02-23;12.0;2;12.0
1986-02-24;12.0;2;12.0
1986-02-25;12.0;2;12.0
1986-02-26;12.0;2;12.0
1986-02-27;12.0;2;12.0
1986-02-28;12.0;2;12.0
1986-03-01;31.0;3;31.0
1986-03-02;43.0;3;43.0
1986-03-03;60.0;3;60.0
1986-03-04;37.0;3;37.0
1986-03-05;21.0;3;21.0
1986-03-06;20.0;3;20.0
1986-03-07;15.0;3;15.0
1986-03-08;13.0;3;13.0
1986-03-09;13.0;3;13.0
1986-03-10;12.0;3;12.0
1986-03-11;12.0;3;12.0
1986-03-12;14.0;3;14.0
1986-03-13;13.0;3;13.0
1986-03-14;14.0;3;14.0
1986-03-15;14.0;3;14.0
1986-03-16;14.0;3;14.0
1986-03-17;13.0;3;13.0
1986-03-18;13.0;3;13.0
1986-03-19;21.0;3;21.0
1986-03-20;17.0;3;17.0
1986-03-21;15.0;3;15.0
1986-03-22;16.0;3;16.0
1986-03-23;19.0;3;19.0
1986-03-24;22.0;3;22.0
1986-03-25;27.0;3;27.0
1986-03-26;28.0;3;28.0
1986-03-27;21.0;3;21.0
1986-03-28;47.0;3;47.0
1986-03-29;42.0;3;42.0
1986-03-30;27.0;3;27.0
1986-03-31;24.0;3;24.0
1986-04-01;26.0;4;26.0
1986-04-02;24.0;4;24.0
1986-04-03;25.0;4;25.0
1986-04-04;20.0;4;20.0
1986-04-05;22.0;4;22.0
1986-04-06;20.0;4;20.0
1986-04-07;19.0;4;19.0
1986-04-08;18.0;4;18.0
1986-04-09;18.0;4;18.0
1986-04-10;17.0;4;17.0
1986-04-11;33.0;4;33.0
1986-04-12;17.0;4;17.0
1986-04-13;15.0;4;15.0
1986-04-14;15.0;4;15.0
1986-04-15;13.0;4;13.0
1986-04-16;15.0;4;15.0
1986-04-17;18.0;4;18.0
1986-04-18;24.0;4;24.0
1986-04-19;17.0;4;17.0
1986-04-20;13.0;4;13.0
1986-04-21;13.0;4;13.0
1986-04-22;12.0;4;12.0
1986-04-23;12.0;4;12.0
1986-04-24;12.0;4;12.0
1986-04-25;19.0;4;19.0
1986-04-26;14.0;4;14.0
1986-04-27;12.0;4;12.0
1986-04-28;12.0;4;12.0
1986-04-29;-999.000;4;13.0
1986-04-30;-999.000;4;61.0
1986-05-01;12.0;5;12.0
1986-05-02;14.0;5;14.0
1986-05-03;16.0;5;16.0
1986-05-04;14.0;5;14.0
1986-05-05;12.0;5;12.0
1986-05-06;11.0;5;11.0
1986-05-07;12.0;5;12.0
1986-05-08;12.0;5;12.0
1986-05-09;12.0;5;12.0
1986-05-10;15.0;5;15.0
1986-05-11;14.0;5;14.0
1986-05-12;17.0;5;17.0
1986-05-13;17.0;5;17.0
1986-05-14;14.0;5;14.0
1986-05-15;13.0;5;13.0
1986-05-16;12.0;5;12.0
1986-05-17;18.0;5;18.0
1986-05-18;27.0;5;27.0
1986-05-19;23.0;5;23.0
1986-05-20;65.0;5;65.0
1986-05-21;26.0;5;26.0
1986-05-22;19.0;5;19.0
1986-05-23;18.0;5;18.0
1986-05-24;17.0;5;17.0
1986-05-25;18.0;5;18.0
1986-05-26;24.0;5;24.0
1986-05-27;19.0;5;19.0
1986-05-28;18.0;5;18.0
1986-05-29;17.0;5;17.0
1986-05-30;34.0;5;34.0
1986-05-31;27.0;5;27.0
1986-06-01;22.0;6;22.0
1986-06-02;23.0;6;23.0
1986-06-03;23.0;6;23.0
1986-06-04;23.0;6;23.0
1986-06-05;23.0;6;23.0
1986-06-06;21.0;6;21.0
1986-06-07;25.0;6;25.0
1986-06-08;26.0;6;26.0
1986-06-09;24.0;6;24.0
1986-06-10;43.0;6;43.0
1986-06-11;33.0;6;33.0
1986-06-12;79.0;6;79.0
1986-06-13;39.0;6;39.0
1986-06-14;40.0;6;40.0
1986-06-15;44.0;6;44.0
1986-06-16;50.0;6;50.0
1986-06-17;47.0;6;47.0
1986-06-18;33.0;6;33.0
1986-06-19;40.0;6;40.0
1986-06-20;33.0;6;33.0
1986-06-21;29.0;6;29.0
1986-06-22;29.0;6;29.0
1986-06-23;50.0;6;50.0
1986-06-24;29.0;6;29.0
1986-06-25;27.0;6;27.0
1986-06-26;26.0;6;26.0
1986-06-27;29.0;6;29.0
1986-06-28;102.0;6;102.0
1986-06-29;43.0;6;43.0
1986-06-30;39.0;6;39.0
1986-07-01;32.0;7;32.0
1986-07-02;40.0;7;40.0
1986-07-03;76.0;7;76.0
1986-07-04;107.0;7;107.0
1986-07-05;58.0;7;58.0
1986-07-06;49.0;7;49.0
1986-07-07;39.0;7;39.0
1986-07-08;34.0;7;34.0
1986-07-09;31.0;7;31.0
1986-07-10;57.0;7;57.0
1986-07-11;43.0;7;43.0
1986-07-12;31.0;7;31.0
1986-07-13;27.0;7;27.0
1986-07-14;25.0;7;25.0
1986-07-15;61.0;7;61.0
1986-07-16;36.0;7;36.0
1986-07-17;42.0;7;42.0
1986-07-18;37.0;7;37.0
1986-07-19;27.0;7;27.0
1986-07-20;49.0;7;49.0
1986-07-21;49.0;7;49.0
1986-07-22;55.0;7;55.0
1986-07-23;53.0;7;53.0
1986-07-24;36.0;7;36.0
1986-07-25;30.0;7;30.0
1986-07-26;38.0;7;38.0
1986-07-27;32.0;7;32.0
1986-07-28;27.0;7;27.0
1986-07-29;24.0;7;24.0
1986-07-30;21.0;7;21.0
1986-07-31;26.0;7;26.0
1986-08-01;32.0;8;32.0
1986-08-02;79.0;8;79.0
1986-08-03;29.0;8;29.0
1986-08-04;22.0;8;22.0
1986-08-05;19.0;8;19.0
1986-08-06;20.0;8;20.0
1986-08-07;20.0;8;20.0
1986-08-08;30.0;8;30.0
1986-08-09;24.0;8;24.0
1986-08-10;19.0;8;19.0
1986-08-11;30.0;8;30.0
1986-08-12;26.0;8;26.0
1986-08-13;48.0;8;48.0
1986-08-14;35.0;8;35.0
1986-08-15;52.0;8;52.0
1986-08-16;65.0;8;65.0
1986-08-17;101.0;8;101.0
1986-08-18;85.0;8;85.0
1986-08-19;131.0;8;131.0
1986-08-20;144.0;8;144.0
1986-08-21;95.0;8;95.0
1986-08-22;37.0;8;37.0
1986-08-23;34.0;8;34.0
1986-08-24;74.0;8;74.0
1986-08-25;53.0;8;53.0
1986-08-26;154.0;8;154.0
1986-08-27;88.0;8;88.0
1986-08-28;192.0;8;192.0
1986-08-29;54.0;8;54.0
1986-08-30;50.0;8;50.0
1986-08-31;-999.000;8;19.0
1986-09-01;64.0;9;64.0
1986-09-02;166.0;9;166.0
1986-09-03;208.0;9;208.0
1986-09-04;73.0;9;73.0
1986-09-05;48.0;9;48.0
1986-09-06;86.0;9;86.0
1986-09-07;292.0;9;292.0
1986-09-08;115.0;9;115.0
1986-09-09;107.0;9;107.0
1986-09-10;119.0;9;119.0
1986-09-11;107.0;9;107.0
1986-09-12;86.0;9;86.0
1986-09-13;99.0;9;99.0
1986-09-14;120.0;9;120.0
1986-09-15;88.0;9;88.0
1986-09-16;92.0;9;92.0
1986-09-17;180.0;9;180.0
1986-09-18;73.0;9;73.0
1986-09-19;51.0;9;51.0
1986-09-20;43.0;9;43.0
1986-09-21;40.0;9;40.0
1986-09-22;211.0;9;211.0
1986-09-23;216.0;9;216.0
1986-09-24;146.0;9;146.0
1986-09-25;104.0;9;104.0
1986-09-26;59.0;9;59.0
1986-09-27;47.0;9;47.0
1986-09-28;61.0;9;61.0
1986-09-29;46.0;9;46.0
1986-09-30;40.0;9;40.0
1986-10-01;51.0;10;51.0
1986-10-02;46.0;10;46.0
1986-10-03;53.0;10;53.0
1986-10-04;51.0;10;51.0
1986-10-05;68.0;10;68.0
1986-10-06;63.0;10;63.0
1986-10-07;40.0;10;40.0
1986-10-08;31.0;10;31.0
1986-10-09;36.0;10;36.0
1986-10-10;31.0;10;31.0
1986-10-11;32.0;10;32.0
1986-10-12;34.0;10;34.0
1986-10-13;52.0;10;52.0
1986-10-14;48.0;10;48.0
1986-10-15;32.0;10;32.0
1986-10-16;26.0;10;26.0
1986-10-17;50.0;10;50.0
1986-10-18;38.0;10;38.0
1986-10-19;27.0;10;27.0
1986-10-20;23.0;10;23.0
1986-10-21;21.0;10;21.0
1986-10-22;20.0;10;20.0
1986-10-23;19.0;10;19.0
1986-10-24;17.0;10;17.0
1986-10-25;20.0;10;20.0
1986-10-26;28.0;10;28.0
1986-10-27;24.0;10;24.0
1986-10-28;26.0;10;26.0
1986-10-29;57.0;10;57.0
1986-10-30;37.0;10;37.0
1986-10-31;27.0;10;27.0
1986-11-01;20.0;11;20.0
1986-11-02;21.0;11;21.0
1986-11-03;21.0;11;21.0
1986-11-04;17.0;11;17.0
1986-11-05;16.0;11;16.0
1986-11-06;40.0;11;40.0
1986-11-07;51.0;11;51.0
1986-11-08;24.0;11;24.0
1986-11-09;22.0;11;22.0
1986-11-10;46.0;11;46.0
1986-11-11;46.0;11;46.0
1986-11-12;46.0;11;46.0
1986-11-13;31.0;11;31.0
1986-11-14;45.0;11;45.0
1986-11-15;34.0;11;34.0
1986-11-16;27.0;11;27.0
1986-11-17;51.0;11;51.0
1986-11-18;42.0;11;42.0
1986-11-19;28.0;11;28.0
1986-11-20;22.0;11;22.0
1986-11-21;21.0;11;21.0
1986-11-22;49.0;11;49.0
1986-11-23;35.0;11;35.0
1986-11-24;32.0;11;32.0
1986-11-25;29.0;11;29.0
1986-11-26;27.0;11;27.0
1986-11-27;32.0;11;32.0
1986-11-28;53.0;11;53.0
1986-11-29;41.0;11;41.0
1986-11-30;34.0;11;34.0
1986-12-01;30.0;12;30.0
1986-12-02;31.0;12;31.0
1986-12-03;28.0;12;28.0
1986-12-04;51.0;12;51.0
1986-12-05;29.0;12;29.0
1986-12-06;23.0;12;23.0
1986-12-07;37.0;12;37.0
1986-12-08;25.0;12;25.0
1986-12-09;22.0;12;22.0
1986-12-10;21.0;12;21.0
1986-12-11;19.0;12;19.0
1986-12-12;18.0;12;18.0
1986-12-13;19.0;12;19.0
1986-12-14;23.0;12;23.0
1986-12-15;18.0;12;18.0
1986-12-16;15.0;12;15.0
1986-12-17;14.0;12;14.0
1986-12-18;16.0;12;16.0
1986-12-19;33.0;12;33.0
1986-12-20;51.0;12;51.0
1986-12-21;26.0;12;26.0
1986-12-22;26.0;12;26.0
1986-12-23;66.0;12;66.0
1986-12-24;104.0;12;104.0
1986-12-25;46.0;12;46.0
1986-12-26;38.0;12;38.0
1986-12-27;57.0;12;57.0
1986-12-28;43.0;12;43.0
1986-12-29;58.0;12;58.0
1986-12-30;43.0;12;43.0
1986-12-31;31.0;12;31.0
1987-01-01;32.0;1;32.0
1987-01-02;27.0;1;27.0
1987-01-03;30.0;1;30.0
1987-01-04;26.0;1;26.0
1987-01-05;36.0;1;36.0
1987-01-06;24.0;1;24.0
1987-01-07;57.0;1;57.0
1987-01-08;67.0;1;67.0
1987-01-09;39.0;1;39.0
1987-01-10;30.0;1;30.0
1987-01-11;51.0;1;51.0
1987-01-12;99.0;1;99.0
1987-01-13;51.0;1;51.0
1987-01-14;34.0;1;34.0
1987-01-15;28.0;1;28.0
1987-01-16;26.0;1;26.0
1987-01-17;25.0;1;25.0
1987-01-18;21.0;1;21.0
1987-01-19;22.0;1;22.0
1987-01-20;19.0;1;19.0
1987-01-21;17.0;1;17.0
1987-01-22;17.0;1;17.0
1987-01-23;19.0;1;19.0
1987-01-24;20.0;1;20.0
1987-01-25;17.0;1;17.0
1987-01-26;15.0;1;15.0
1987-01-27;14.0;1;14.0
1987-01-28;14.0;1;14.0
1987-01-29;14.0;1;14.0
1987-01-30;14.0;1;14.0
1987-01-31;-999.000;1;99.0
1987-02-01;14.0;2;14.0
1987-02-02;14.0;2;14.0
1987-02-03;17.0;2;17.0
1987-02-04;20.0;2;20.0
1987-02-05;38.0;2;38.0
1987-02-06;52.0;2;52.0
1987-02-07;44.0;2;44.0
1987-02-08;30.0;2;30.0
1987-02-09;36.0;2;36.0
1987-02-10;39.0;2;39.0
1987-02-11;26.0;2;26.0
1987-02-12;19.0;2;19.0
1987-02-13;21.0;2;21.0
1987-02-14;17.0;2;17.0
1987-02-15;18.0;2;18.0
1987-02-16;20.0;2;20.0
1987-02-17;27.0;2;27.0
1987-02-18;26.0;2;26.0
1987-02-19;15.0;2;15.0
1987-02-20;55.0;2;55.0
1987-02-21;62.0;2;62.0
1987-02-22;62.0;2;62.0
1987-02-23;72.0;2;72.0
1987-02-24;41.0;2;41.0
1987-02-25;27.0;2;27.0
1987-02-26;23.0;2;23.0
1987-02-27;19.0;2;19.0
1987-02-28;17.0;2;17.0
1987-03-01;22.0;3;22.0
1987-03-02;56.0;3;56.0
1987-03-03;108.0;3;108.0
1987-03-04;44.0;3;44.0
1987-03-05;31.0;3;31.0
1987-03-06;26.0;3;26.0
1987-03-07;25.0;3;25.0
1987-03-08;40.0;3;40.0
1987-03-09;36.0;3;36.0
1987-03-10;56.0;3;56.0
1987-03-11;54.0;3;54.0
1987-03-12;36.0;3;36.0
1987-03-13;28.0;3;28.0
1987-03-14;30.0;3;30.0
1987-03-15;39.0;3;39.0
1987-03-16;35.0;3;35.0
1987-03-17;52.0;3;52.0
1987-03-18;121.0;3;121.0
1987-03-19;82.0;3;82.0
1987-03-20;50.0;3;50.0
1987-03-21;38.0;3;38.0
1987-03-22;29.0;3;29.0
1987-03-23;25.0;3;25.0
1987-03-24;23.0;3;23.0
1987-03-25;22.0;3;22.0
1987-03-26;22.0;3;22.0
1987-03-27;20.0;3;20.0
1987-03-28;50.0;3;50.0
1987-03-29;27.0;3;27.0
1987-03-30;49.0;3;49.0
1987-03-31;33.0;3;33.0
1987-04-01;30.0;4;30.0
1987-04-02;24.0;4;24.0
1987-04-03;94.0;4;94.0
1987-04-04;63.0;4;63.0
1987-04-05;52.0;4;52.0
1987-04-06;35.0;4;35.0
1987-04-07;28.0;4;28.0
1987-04-08;22.0;4;22.0
1987-04-09;33.0;4;33.0
1987-04-10;95.0;4;95.0
1987-04-11;78.0;4;78.0
1987-04-12;61.0;4;61.0
1987-04-13;45.0;4;45.0
1987-04-14;114.0;4;114.0
1987-04-15;56.0;4;56.0
1987-04-16;43.0;4;43.0
1987-04-17;36.0;4;36.0
1987-04-18;41.0;4;41.0
1987-04-19;53.0;4;53.0
1987-04-20;72.0;4;72.0
1987-04-21;51.0;4;51.0
1987-04-22;53.0;4;53.0
1987-04-23;46.0;4;46.0
1987-04-24;38.0;4;38.0
1987-04-25;37.0;4;37.0
1987-04-26;60.0;4;60.0
1987-04-27;120.0;4;120.0
1987-04-28;85.0;4;85.0
1987-04-29;-999.000;4;16.0
1987-04-30;-999.000;4;31.0
1987-05-01;61.0;5;61.0
1987-05-02;46.0;5;46.0
1987-05-03;38.0;5;38.0
1987-05-04;37.0;5;37.0
1987-05-05;58.0;5;58.0
1987-05-06;67.0;5;67.0
1987-05-07;40.0;5;40.0
1987-05-08;31.0;5;31.0
1987-05-09;28.0;5;28.0
1987-05-10;25.0;5;25.0
1987-05-11;25.0;5;25.0
1987-05-12;23.0;5;23.0
1987-05-13;22.0;5;22.0
1987-05-14;22.0;5;22.0
1987-05-15;38.0;5;38.0
1987-05-16;37.0;5;37.0
1987-05-17;55.0;5;55.0
1987-05-18;33.0;5;33.0
1987-05-19;31.0;5;31.0
1987-05-20;34.0;5;34.0
1987-05-21;63.0;5;63.0
1987-05-22;79.0;5;79.0
1987-05-23;50.0;5;50.0
1987-05-24;37.0;5;37.0
1987-05-25;33.0;5;33.0
1987-05-26;29.0;5;29.0
1987-05-27;27.0;5;27.0
1987-05-28;21.0;5;21.0
1987-05-29;24.0;5;24.0
1987-05-30;21.0;5;21.0
1987-05-31;19.0;5;19.0
1987-06-01;20.0;6;20.0
1987-06-02;40.0;6;40.0
1987-06-03;50.0;6;50.0
1987-06-04;50.0;6;50.0
1987-06-05;47.0;6;47.0
1987-06-06;37.0;6;37.0
1987-06-07;42.0;6;42.0
1987-06-08;43.0;6;43.0
1987-06-09;43.0;6;43.0
1987-06-10;43.0;6;43.0
1987-06-11;45.0;6;45.0
1987-06-12;45.0;6;45.0
1987-06-13;48.0;6;48.0
1987-06-14;47.0;6;47.0
1987-06-15;31.0;6;31.0
1987-06-16;39.0;6;39.0
1987-06-17;31.0;6;31.0
1987-06-18;75.0;6;75.0
1987-06-19;141.0;6;141.0
1987-06-20;71.0;6;71.0
1987-06-21;78.0;6;78.0
1987-06-22;59.0;6;59.0
1987-06-23;125.0;6;125.0
1987-06-24;137.0;6;137.0
1987-06-25;74.0;6;74.0
1987-06-26;55.0;6;55.0
1987-06-27;46.0;6;46.0
1987-06-28;115.0;6;115.0
1987-06-29;109.0;6;109.0
1987-06-30;114.0;6;114.0
1987-07-01;66.0;7;66.0
1987-07-02;58.0;7;58.0
1987-07-03;47.0;7;47.0
1987-07-04;42.0;7;42.0
1987-07-05;49.0;7;49.0
1987-07-06;53.0;7;53.0
1987-07-07;45.0;7;45.0
1987-07-08;64.0;7;64.0
1987-07-09;89.0;7;89.0
1987-07-10;94.0;7;94.0
1987-07-11;67.0;7;67.0
1987-07-12;107.0;7;107.0
1987-07-13;94.0;7;94.0
1987-07-14;82.0;7;82.0
1987-07-15;58.0;7;58.0
1987-07-16;61.0;7;61.0
1987-07-17;61.0;7;61.0
1987-07-18;57.0;7;57.0
1987-07-19;75.0;7;75.0
1987-07-20;66.0;7;66.0
1987-07-21;51.0;7;51.0
1987-07-22;39.0;7;39.0
1987-07-23;37.0;7;37.0
1987-07-24;71.0;7;71.0
1987-07-25;51.0;7;51.0
1987-07-26;59.0;7;59.0
1987-07-27;80.0;7;80.0
1987-07-28;51.0;7;51.0
1987-07-29;43.0;7;43.0
1987-07-30;43.0;7;43.0
1987-07-31;43.0;7;43.0
1987-08-01;77.0;8;77.0
1987-08-02;56.0;8;56.0
1987-08-03;47.0;8;47.0
1987-08-04;53.0;8;53.0
1987-08-05;54.0;8;54.0
1987-08-06;45.0;8;45.0
1987-08-07;58.0;8;58.0
1987-08-08;125.0;8;125.0
1987-08-09;232.0;8;232.0
1987-08-10;154.0;8;154.0
1987-08-11;71.0;8;71.0
1987-08-12;57.0;8;57.0
1987-08-13;84.0;8;84.0
1987-08-14;118.0;8;118.0
1987-08-15;72.0;8;72.0
1987-08-16;57.0;8;57.0
1987-08-17;53.0;8;53.0
1987-08-18;117.0;8;117.0
1987-08-19;120.0;8;120.0
1987-08-20;73.0;8;73.0
1987-08-21;55.0;8;55.0
1987-08-22;46.0;8;46.0
1987-08-23;44.0;8;44.0
1987-08-24;89.0;8;89.0
1987-08-25;99.0;8;99.0
1987-08-26;130.0;8;130.0
1987-08-27;66.0;8;66.0
1987-08-28;51.0;8;51.0
1987-08-29;45.0;8;45.0
1987-08-30;41.0;8;41.0
1987-08-31;-999.000;8;34.0
1987-09-01;58.0;9;58.0
1987-09-02;42.0;9;42.0
1987-09-03;106.0;9;106.0
1987-09-04;97.0;9;97.0
1987-09-05;178.0;9;178.0
1987-09-06;86.0;9;86.0
1987-09-07;65.0;9;65.0
1987-09-08;65.0;9;65.0
1987-09-09;81.0;9;81.0
1987-09-10;146.0;9;146.0
1987-09-11;88.0;9;88.0
1987-09-12;91.0;9;91.0
1987-09-13;119.0;9;119.0
1987-09-14;102.0;9;102.0
1987-09-15;89.0;9;89.0
1987-09-16;71.0;9;71.0
1987-09-17;55.0;9;55.0
1987-09-18;49.0;9;49.0
1987-09-19;44.0;9;44.0
1987-09-20;79.0;9;79.0
1987-09-21;78.0;9;78.0
1987-09-22;51.0;9;51.0
1987-09-23;43.0;9;43.0
1987-09-24;54.0;9;54.0
1987-09-25;88.0;9;88.0
1987-09-26;124.0;9;124.0
1987-09-27;50.0;9;50.0
1987-09-28;40.0;9;40.0
1987-09-29;38.0;9;38.0
1987-09-30;85.0;9;85.0
1987-10-01;102.0;10;102.0
1987-10-02;54.0;10;54.0
1987-10-03;44.0;10;44.0
1987-10-04;38.0;10;38.0
1987-10-05;34.0;10;34.0
1987-10-06;34.0;10;34.0
1987-10-07;37.0;10;37.0
1987-10-08;84.0;10;84.0
1987-10-09;139.0;10;139.0
1987-10-10;89.0;10;89.0
1987-10-11;62.0;10;62.0
1987-10-12;81.0;10;81.0
1987-10-13;54.0;10;54.0
1987-10-14;71.0;10;71.0
1987-10-15;81.0;10;81.0
1987-10-16;57.0;10;57.0
1987-10-17;55.0;10;55.0
1987-10-18;91.0;10;91.0
1987-10-19;50.0;10;50.0
1987-10-20;181.0;10;181.0
1987-10-21;153.0;10;153.0
1987-10-22;145.0;10;145.0
1987-10-23;88.0;10;88.0
1987-10-24;62.0;10;62.0
1987-10-25;55.0;10;55.0
1987-10-26;55.0;10;55.0
1987-10-27;47.0;10;47.0
1987-10-28;38.0;10;38.0
1987-10-29;40.0;10;40.0
1987-10-30;51.0;10;51.0
1987-10-31;99.0;10;99.0
1987-11-01;103.0;11;103.0
1987-11-02;53.0;11;53.0
1987-11-03;40.0;11;40.0
1987-11-04;74.0;11;74.0
1987-11-05;47.0;11;47.0
1987-11-06;37.0;11;37.0
1987-11-07;34.0;11;34.0
1987-11-08;65.0;11;65.0
1987-11-09;41.0;11;41.0
1987-11-10;37.0;11;37.0
1987-11-11;32.0;11;32.0
1987-11-12;31.0;11;31.0
1987-11-13;49.0;11;49.0
1987-11-14;35.0;11;35.0
1987-11-15;26.0;11;26.0
1987-11-16;41.0;11;41.0
1987-11-17;40.0;11;40.0
1987-11-18;31.0;11;31.0
1987-11-19;27.0;11;27.0
1987-11-20;32.0;11;32.0
1987-11-21;25.0;11;25.0
1987-11-22;21.0;11;21.0
1987-11-23;20.0;11;20.0
1987-11-24;19.0;11;19.0
1987-11-25;38.0;11;38.0
1987-11-26;27.0;11;27.0
1987-11-27;21.0;11;21.0
1987-11-28;22.0;11;22.0
1987-11-29;21.0;11;21.0
1987-11-30;20.0;11;20.0
1987-12-01;21.0;12;21.0
1987-12-02;31.0;12;31.0
1987-12-03;22.0;12;22.0
1987-12-04;28.0;12;28.0
1987-12-05;52.0;12;52.0
1987-12-06;40.0;12;40.0
1987-12-07;38.0;12;38.0
1987-12-08;45.0;12;45.0
1987-12-09;27.0;12;27.0
1987-12-10;25.0;12;25.0
1987-12-11;26.0;12;26.0
1987-12-12;26.0;12;26.0
1987-12-13;22.0;12;22.0
1987-12-14;19.0;12;19.0
1987-12-15;21.0;12;21.0
1987-12-16;18.0;12;18.0
1987-12-17;19.0;12;19.0
1987-12-18;18.0;12;18.0
1987-12-19;20.0;12;20.0
1987-12-20;38.0;12;38.0
1987-12-21;38.0;12;38.0
1987-12-22;37.0;12;37.0
1987-12-23;25.0;12;25.0
1987-12-24;28.0;12;28.0
1987-12-25;26.0;12;26.0
1987-12-26;22.0;12;22.0
1987-12-27;17.0;12;17.0
1987-12-28;210.0;12;210.0
1987-12-29;40.0;12;40.0
1987-12-30;33.0;12;33.0
1987-12-31;28.0;12;28.0
1988-01-01;26.0;1;26.0
1988-01-02;22.0;1;22.0
1988-01-03;25.0;1;25.0
1988-01-04;33.0;1;33.0
1988-01-05;24.0;1;24.0
1988-01-06;19.0;1;19.0
1988-01-07;16.0;1;16.0
1988-01-08;16.0;1;16.0
1988-01-09;16.0;1;16.0
1988-01-10;16.0;1;16.0
1988-01-11;34.0;1;34.0
1988-01-12;21.0;1;21.0
1988-01-13;15.0;1;15.0
1988-01-14;15.0;1;15.0
1988-01-15;18.0;1;18.0
1988-01-16;19.0;1;19.0
1988-01-17;20.0;1;20.0
1988-01-18;23.0;1;23.0
1988-01-19;34.0;1;34.0
1988-01-20;32.0;1;32.0
1988-01-21;28.0;1;28.0
1988-01-22;21.0;1;21.0
1988-01-23;21.0;1;21.0
1988-01-24;23.0;1;23.0
1988-01-25;18.0;1;18.0
1988-01-26;23.0;1;23.0
1988-01-27;23.0;1;23.0
1988-01-28;14.0;1;14.0
1988-01-29;13.0;1;13.0
1988-01-30;13.0;1;13.0
1988-01-31;-999.000;1;8.0
1988-02-01;11.0;2;11.0
1988-02-02;50.0;2;50.0
1988-02-03;21.0;2;21.0
1988-02-04;21.0;2;21.0
1988-02-05;19.0;2;19.0
1988-02-06;12.0;2;12.0
1988-02-07;15.0;2;15.0
1988-02-08;12.0;2;12.0
1988-02-09;10.0;2;10.0
1988-02-10;10.0;2;10.0
1988-02-11;10.0;2;10.0
1988-02-12;25.0;2;25.0
1988-02-13;38.0;2;38.0
1988-02-14;29.0;2;29.0
1988-02-15;18.0;2;18.0
1988-02-16;12.0;2;12.0
1988-02-17;10.0;2;10.0
1988-02-18;10.0;2;10.0
1988-02-19;10.0;2;10.0
1988-02-20;13.0;2;13.0
1988-02-21;24.0;2;24.0
1988-02-22;38.0;2;38.0
1988-02-23;22.0;2;22.0
1988-02-24;21.0;2;21.0
1988-02-25;16.0;2;16.0
1988-02-26;12.0;2;12.0
1988-02-27;10.0;2;10.0
1988-02-28;13.0;2;13.0
1988-02-29;14.0;2;14.0
1988-03-01;28.0;3;28.0
1988-03-02;20.0;3;20.0
1988-03-03;17.0;3;17.0
1988-03-04;14.0;3;14.0
1988-03-05;18.0;3;18.0
1988-03-06;16.0;3;16.0
1988-03-07;14.0;3;14.0
1988-03-08;13.0;3;13.0
1988-03-09;12.0;3;12.0
1988-03-10;11.0;3;11.0
1988-03-11;10.0;3;10.0
1988-03-12;9.0;3;9.0
1988-03-13;9.0;3;9.0
1988-03-14;26.0;3;26.0
1988-03-15;11.0;3;11.0
1988-03-16;10.0;3;10.0
1988-03-17;11.0;3;11.0
1988-03-18;9.0;3;9.0
1988-03-19;8.0;3;8.0
1988-03-20;27.0;3;27.0
1988-03-21;25.0;3;25.0
1988-03-22;16.0;3;16.0
1988-03-23;27.0;3;27.0
1988-03-24;22.0;3;22.0
1988-03-25;18.0;3;18.0
1988-03-26;14.0;3;14.0
1988-03-27;12.0;3;12.0
1988-03-28;11.0;3;11.0
1988-03-29;11.0;3;11.0
1988-03-30;17.0;3;17.0
1988-03-31;88.0;3;88.0
1988-04-01;30.0;4;30.0
1988-04-02;29.0;4;29.0
1988-04-03;16.0;4;16.0
1988-04-04;14.0;4;14.0
1988-04-05;54.0;4;54.0
1988-04-06;76.0;4;76.0
1988-04-07;55.0;4;55.0
1988-04-08;83.0;4;83.0
1988-04-09;75.0;4;75.0
1988-04-10;51.0;4;51.0
1988-04-11;41.0;4;41.0
1988-04-12;31.0;4;31.0
1988-04-13;25.0;4;25.0
1988-04-14;23.0;4;23.0
1988-04-15;30.0;4;30.0
1988-04-16;25.0;4;25.0
1988-04-17;23.0;4;23.0
1988-04-18;16.0;4;16.0
1988-04-19;14.0;4;14.0
1988-04-20;13.0;4;13.0
1988-04-21;30.0;4;30.0
1988-04-22;32.0;4;32.0
1988-04-23;28.0;4;28.0
1988-04-24;25.0;4;25.0
1988-04-25;24.0;4;24.0
1988-04-26;16.0;4;16.0
1988-04-27;13.0;4;13.0
1988-04-28;13.0;4;13.0
1988-04-29;14.0;4;14.0
1988-04-30;-999.000;4;44.0
1988-05-01;13.0;5;13.0
1988-05-02;20.0;5;20.0
1988-05-03;20.0;5;20.0
1988-05-04;12.0;5;12.0
1988-05-05;11.0;5;11.0
1988-05-06;9.0;5;9.0
1988-05-07;11.0;5;11.0
1988-05-08;81.0;5;81.0
1988-05-09;71.0;5;71.0
1988-05-10;62.0;5;62.0
1988-05-11;53.0;5;53.0
1988-05-12;41.0;5;41.0
1988-05-13;28.0;5;28.0
1988-05-14;19.0;5;19.0
1988-05-15;14.0;5;14.0
1988-05-16;9.0;5;9.0
1988-05-17;36.0;5;36.0
1988-05-18;32.0;5;32.0
1988-05-19;54.0;5;54.0
1988-05-20;34.0;5;34.0
1988-05-21;35.0;5;35.0
1988-05-22;34.0;5;34.0
1988-05-23;24.0;5;24.0
1988-05-24;14.0;5;14.0
1988-05-25;11.0;5;11.0
1988-05-26;16.0;5;16.0
1988-05-27;25.0;5;25.0
1988-05-28;28.0;5;28.0
1988-05-29;165.0;5;165.0
1988-05-30;62.0;5;62.0
1988-05-31;45.0;5;45.0
1988-06-01;38.0;6;38.0
1988-06-02;32.0;6;32.0
1988-06-03;31.0;6;31.0
1988-06-04;36.0;6;36.0
1988-06-05;38.0;6;38.0
1988-06-06;39.0;6;39.0
1988-06-07;46.0;6;46.0
1988-06-08;48.0;6;48.0
1988-06-09;56.0;6;56.0
1988-06-10;41.0;6;41.0
1988-06-11;68.0;6;68.0
1988-06-12;41.0;6;41.0
1988-06-13;90.0;6;90.0
1988-06-14;48.0;6;48.0
1988-06-15;54.0;6;54.0
1988-06-16;45.0;6;45.0
1988-06-17;40.0;6;40.0
1988-06-18;44.0;6;44.0
1988-06-19;35.0;6;35.0
1988-06-20;35.0;6;35.0
1988-06-21;33.0;6;33.0
1988-06-22;29.0;6;29.0
1988-06-23;26.0;6;26.0
1988-06-24;26.0;6;26.0
1988-06-25;30.0;6;30.0
1988-06-26;41.0;6;41.0
1988-06-27;37.0;6;37.0
1988-06-28;33.0;6;33.0
1988-06-29;61.0;6;61.0
1988-06-30;80.0;6;80.0
1988-07-01;108.0;7;108.0
1988-07-02;99.0;7;99.0
1988-07-03;70.0;7;70.0
1988-07-04;86.0;7;86.0
1988-07-05;64.0;7;64.0
1988-07-06;51.0;7;51.0
1988-07-07;49.0;7;49.0
1988-07-08;42.0;7;42.0
1988-07-09;151.0;7;151.0
1988-07-10;135.0;7;135.0
1988-07-11;107.0;7;107.0
1988-07-12;67.0;7;67.0
1988-07-13;43.0;7;43.0
1988-07-14;43.0;7;43.0
1988-07-15;36.0;7;36.0
1988-07-16;34.0;7;34.0
1988-07-17;52.0;7;52.0
1988-07-18;40.0;7;40.0
1988-07-19;52.0;7;52.0
1988-07-20;40.0;7;40.0
1988-07-21;37.0;7;37.0
1988-07-22;49.0;7;49.0
1988-07-23;33.0;7;33.0
1988-07-24;37.0;7;37.0
1988-07-25;39.0;7;39.0
1988-07-26;76.0;7;76.0
1988-07-27;117.0;7;117.0
1988-07-28;87.0;7;87.0
1988-07-29;55.0;7;55.0
1988-07-30;45.0;7;45.0
1988-07-31;38.0;7;38.0
1988-08-01;148.0;8;148.0
1988-08-02;196.0;8;196.0
1988-08-03;267.0;8;267.0
1988-08-04;301.0;8;301.0
1988-08-05;194.0;8;194.0
1988-08-06;70.0;8;70.0
1988-08-07;63.0;8;63.0
1988-08-08;78.0;8;78.0
1988-08-09;176.0;8;176.0
1988-08-10;219.0;8;219.0
1988-08-11;129.0;8;129.0
1988-08-12;130.0;8;130.0
1988-08-13;83.0;8;83.0
1988-08-14;97.0;8;97.0
1988-08-15;89.0;8;89.0
1988-08-16;62.0;8;62.0
1988-08-17;59.0;8;59.0
1988-08-18;56.0;8;56.0
1988-08-19;56.0;8;56.0
1988-08-20;51.0;8;51.0
1988-08-21;44.0;8;44.0
1988-08-22;40.0;8;40.0
1988-08-23;42.0;8;42.0
1988-08-24;39.0;8;39.0
1988-08-25;80.0;8;80.0
1988-08-26;48.0;8;48.0
1988-08-27;37.0;8;37.0
1988-08-28;35.0;8;35.0
1988-08-29;39.0;8;39.0
1988-08-30;42.0;8;42.0
1988-08-31;-999.000;8;19.0
1988-09-01;45.0;9;45.0
1988-09-02;37.0;9;37.0
1988-09-03;59.0;9;59.0
1988-09-04;48.0;9;48.0
1988-09-05;41.0;9;41.0
1988-09-06;43.0;9;43.0
1988-09-07;73.0;9;73.0
1988-09-08;174.0;9;174.0
1988-09-09;93.0;9;93.0
1988-09-10;91.0;9;91.0
1988-09-11;90.0;9;90.0
1988-09-12;144.0;9;144.0
1988-09-13;108.0;9;108.0
1988-09-14;65.0;9;65.0
1988-09-15;53.0;9;53.0
1988-09-16;51.0;9;51.0
1988-09-17;107.0;9;107.0
1988-09-18;91.0;9;91.0
1988-09-19;64.0;9;64.0
1988-09-20;57.0;9;57.0
1988-09-21;95.0;9;95.0
1988-09-22;102.0;9;102.0
1988-09-23;68.0;9;68.0
1988-09-24;78.0;9;78.0
1988-09-25;91.0;9;91.0
1988-09-26;93.0;9;93.0
1988-09-27;86.0;9;86.0
1988-09-28;78.0;9;78.0
1988-09-29;59.0;9;59.0
1988-09-30;50.0;9;50.0
1988-10-01;37.0;10;37.0
1988-10-02;45.0;10;45.0
1988-10-03;65.0;10;65.0
1988-10-04;50.0;10;50.0
1988-10-05;39.0;10;39.0
1988-10-06;54.0;10;54.0
1988-10-07;57.0;10;57.0
1988-10-08;50.0;10;50.0
1988-10-09;48.0;10;48.0
1988-10-10;42.0;10;42.0
1988-10-11;37.0;10;37.0
1988-10-12;33.0;10;33.0
1988-10-13;28.0;10;28.0
1988-10-14;26.0;10;26.0
1988-10-15;24.0;10;24.0
1988-10-16;25.0;10;25.0
1988-10-17;30.0;10;30.0
1988-10-18;28.0;10;28.0
1988-10-19;37.0;10;37.0
1988-10-20;38.0;10;38.0
1988-10-21;32.0;10;32.0
1988-10-22;28.0;10;28.0
1988-10-23;45.0;10;45.0
1988-10-24;30.0;10;30.0
1988-10-25;25.0;10;25.0
1988-10-26;22.0;10;22.0
1988-10-27;17.0;10;17.0
1988-10-28;57.0;10;57.0
1988-10-29;38.0;10;38.0
1988-10-30;32.0;10;32.0
1988-10-31;28.0;10;28.0
1988-11-01;41.0;11;41.0
1988-11-02;58.0;11;58.0
1988-11-03;40.0;11;40.0
1988-11-04;33.0;11;33.0
1988-11-05;43.0;11;43.0
1988-11-06;41.0;11;41.0
1988-11-07;36.0;11;36.0
1988-11-08;28.0;11;28.0
1988-11-09;25.0;11;25.0
1988-11-10;24.0;11;24.0
1988-11-11;21.0;11;21.0
1988-11-12;21.0;11;21.0
1988-11-13;24.0;11;24.0
1988-11-14;21.0;11;21.0
1988-11-15;21.0;11;21.0
1988-11-16;27.0;11;27.0
1988-11-17;76.0;11;76.0
1988-11-18;106.0;11;106.0
1988-11-19;90.0;11;90.0
1988-11-20;70.0;11;70.0
1988-11-21;53.0;11;53.0
1988-11-22;38.0;11;38.0
1988-11-23;29.0;11;29.0
1988-11-24;31.0;11;31.0
1988-11-25;44.0;11;44.0
1988-11-26;38.0;11;38.0
1988-11-27;27.0;11;27.0
1988-11-28;44.0;11;44.0
1988-11-29;31.0;11;31.0
1988-11-30;29.0;11;29.0
1988-12-01;29.0;12;29.0
1988-12-02;27.0;12;27.0
1988-12-03;30.0;12;30.0
1988-12-04;25.0;12;25.0
1988-12-05;51.0;12;51.0
1988-12-06;80.0;12;80.0
1988-12-07;85.0;12;85.0
1988-12-08;50.0;12;50.0
1988-12-09;45.0;12;45.0
1988-12-10;37.0;12;37.0
1988-12-11;28.0;12;28.0
1988-12-12;24.0;12;24.0
1988-12-13;22.0;12;22.0
1988-12-14;24.0;12;24.0
1988-12-15;19.0;12;19.0
1988-12-16;17.0;12;17.0
1988-12-17;15.0;12;15.0
1988-12-18;15.0;12;15.0
1988-12-19;14.0;12;14.0
1988-12-20;13.0;12;13.0
1988-12-21;13.0;12;13.0
1988-12-22;14.0;12;14.0
1988-12-23;11.0;12;11.0
1988-12-24;11.0;12;11.0
1988-12-25;9.0;12;9.0
1988-12-26;11.0;12;11.0
1988-12-27;11.0;12;11.0
1988-12-28;19.0;12;19.0
1988-12-29;13.0;12;13.0
1988-12-30;12.0;12;12.0
1988-12-31;13.0;12;13.0
